0 1
0 3
0 4
1 2
1 4
1 5
2 5
3 4
3 6
3 7
4 5
4 7
4 8
5 8
6 7
7 8
9 0
9 1
9 2
9 6
9 7
9 8
9 3
9 5

0 1
10 11
10 1
0 11
0 3
10 13
10 3
0 13
0 4
10 14
10 4
0 14
1 2
11 12
11 2
1 12
1 4
11 14
11 4
1 14
1 5
11 15
11 5
1 15
2 5
12 15
12 5
2 15
3 4
13 14
13 4
3 14
3 6
13 16
13 6
3 16
3 7
13 17
13 7
3 17
4 5
14 15
14 5
4 15
4 7
14 17
14 7
4 17
4 8
14 18
14 8
4 18
5 8
15 18
15 8
5 18
6 7
16 17
16 7
6 17
7 8
17 18
17 8
7 18
9 0
19 10
19 0
9 10
9 1
19 11
19 1
9 11
9 2
19 12
19 2
9 12
9 6
19 16
19 6
9 16
9 7
19 17
19 7
9 17
9 8
19 18
19 8
9 18
9 3
19 13
19 3
9 13
9 5
19 15
19 5
9 15
