0 1
16 17
16 1
0 17
1 2
17 18
17 2
1 18
2 3
18 19
18 3
2 19
3 4
19 20
19 4
3 20
4 5
20 21
20 5
4 21
5 6
21 22
21 6
5 22
6 7
22 23
22 7
6 23
7 8
23 24
23 8
7 24
8 9
24 25
24 9
8 25
9 10
25 26
25 10
9 26
10 11
26 27
26 11
10 27
11 12
27 28
27 12
11 28
12 13
28 29
28 13
12 29
13 0
29 16
29 0
13 16
0 14
16 30
16 14
0 30
1 14
17 30
17 14
1 30
2 14
18 30
18 14
2 30
3 14
19 30
19 14
3 30
4 14
20 30
20 14
4 30
5 14
21 30
21 14
5 30
6 14
22 30
22 14
6 30
7 14
23 30
23 14
7 30
8 14
24 30
24 14
8 30
9 14
25 30
25 14
9 30
10 14
26 30
26 14
10 30
11 14
27 30
27 14
11 30
12 14
28 30
28 14
12 30
13 14
29 30
29 14
13 30
0 15
16 31
16 15
0 31
1 15
17 31
17 15
1 31
2 15
18 31
18 15
2 31
3 15
19 31
19 15
3 31
4 15
20 31
20 15
4 31
5 15
21 31
21 15
5 31
6 15
22 31
22 15
6 31
7 15
23 31
23 15
7 31
8 15
24 31
24 15
8 31
9 15
25 31
25 15
9 31
10 15
26 31
26 15
10 31
11 15
27 31
27 15
11 31
12 15
28 31
28 15
12 31
13 15
29 31
29 15
13 31
