0 1
5 6
5 1
0 6
1 2
6 7
6 2
1 7
2 0
7 5
7 0
2 5
0 3
5 8
5 3
0 8
1 3
6 8
6 3
1 8
2 3
7 8
7 3
2 8
0 4
5 9
5 4
0 9
1 4
6 9
6 4
1 9
2 4
7 9
7 4
2 9
0 10
5 10
1 10
6 10
3 10
8 10
0 11
5 11
1 11
6 11
3 11
8 11
0 12
5 12
2 12
7 12
3 12
8 12
0 13
5 13
2 13
7 13
3 13
8 13
1 14
6 14
2 14
7 14
3 14
8 14
1 15
6 15
2 15
7 15
3 15
8 15
0 16
5 16
1 16
6 16
4 16
9 16
0 17
5 17
1 17
6 17
4 17
9 17
0 18
5 18
2 18
7 18
4 18
9 18
0 19
5 19
2 19
7 19
4 19
9 19
1 20
6 20
2 20
7 20
4 20
9 20
1 21
6 21
2 21
7 21
4 21
9 21
