0 1
14 15
14 1
0 15
1 2
15 16
15 2
1 16
2 3
16 17
16 3
2 17
3 4
17 18
17 4
3 18
4 5
18 19
18 5
4 19
5 6
19 20
19 6
5 20
6 7
20 21
20 7
6 21
7 8
21 22
21 8
7 22
8 9
22 23
22 9
8 23
9 10
23 24
23 10
9 24
10 11
24 25
24 11
10 25
11 12
25 26
25 12
11 26
12 13
26 27
26 13
12 27
13 0
27 14
27 0
13 14
0 14
14 28
14 14
0 28
1 14
15 28
15 14
1 28
2 14
16 28
16 14
2 28
3 14
17 28
17 14
3 28
4 14
18 28
18 14
4 28
5 14
19 28
19 14
5 28
6 14
20 28
20 14
6 28
7 14
21 28
21 14
7 28
8 14
22 28
22 14
8 28
9 14
23 28
23 14
9 28
10 14
24 28
24 14
10 28
11 14
25 28
25 14
11 28
12 14
26 28
26 14
12 28
13 14
27 28
27 14
13 28
0 15
14 29
14 15
0 29
1 15
15 29
15 15
1 29
2 15
16 29
16 15
2 29
3 15
17 29
17 15
3 29
4 15
18 29
18 15
4 29
5 15
19 29
19 15
5 29
6 15
20 29
20 15
6 29
7 15
21 29
21 15
7 29
8 15
22 29
22 15
8 29
9 15
23 29
23 15
9 29
10 15
24 29
24 15
10 29
11 15
25 29
25 15
11 29
12 15
26 29
26 15
12 29
13 15
27 29
27 15
13 29
