1 2
12 13
12 2
1 13
2 3
13 14
13 3
2 14
3 1
14 12
14 1
3 12
0 1
11 12
11 1
0 12
0 2
11 13
11 2
0 13
0 3
11 14
11 3
0 14
4 5
15 16
15 5
4 16
5 6
16 17
16 6
5 17
6 7
17 18
17 7
6 18
7 8
18 19
18 8
7 19
8 9
19 20
19 9
8 20
9 4
20 15
20 4
9 15
1 4
12 15
12 4
1 15
1 5
12 16
12 5
1 16
1 3
12 14
12 3
1 14
2 6
13 17
13 6
2 17
2 7
13 18
13 7
2 18
2 5
13 16
13 5
2 16
3 8
14 19
14 8
3 19
3 9
14 20
14 9
3 20
3 7
14 18
14 7
3 18
10 4
21 15
21 4
10 15
10 5
21 16
21 5
10 16
10 6
21 17
21 6
10 17
10 7
21 18
21 7
10 18
10 8
21 19
21 8
10 19
10 9
21 20
21 9
10 20
