0 1
17 18
17 1
0 18
0 4
17 21
17 4
0 21
0 5
17 22
17 5
0 22
1 2
18 19
18 2
1 19
1 5
18 22
18 5
1 22
1 6
18 23
18 6
1 23
2 3
19 20
19 3
2 20
2 6
19 23
19 6
2 23
2 7
19 24
19 7
2 24
3 7
20 24
20 7
3 24
4 5
21 22
21 5
4 22
4 8
21 25
21 8
4 25
4 9
21 26
21 9
4 26
5 6
22 23
22 6
5 23
5 9
22 26
22 9
5 26
5 10
22 27
22 10
5 27
6 7
23 24
23 7
6 24
6 10
23 27
23 10
6 27
6 11
23 28
23 11
6 28
7 11
24 28
24 11
7 28
8 9
25 26
25 9
8 26
8 12
25 29
25 12
8 29
8 13
25 30
25 13
8 30
9 10
26 27
26 10
9 27
9 13
26 30
26 13
9 30
9 14
26 31
26 14
9 31
10 11
27 28
27 11
10 28
10 14
27 31
27 14
10 31
10 15
27 32
27 15
10 32
11 15
28 32
28 15
11 32
12 13
29 30
29 13
12 30
13 14
30 31
30 14
13 31
14 15
31 32
31 15
14 32
16 0
33 17
33 0
16 17
16 1
33 18
33 1
16 18
16 2
33 19
33 2
16 19
16 3
33 20
33 3
16 20
16 12
33 29
33 12
16 29
16 13
33 30
33 13
16 30
16 14
33 31
33 14
16 31
16 15
33 32
33 15
16 32
16 4
33 21
33 4
16 21
16 7
33 24
33 7
16 24
16 8
33 25
33 8
16 25
16 11
33 28
33 11
16 28
