0 1
11 12
11 1
0 12
1 2
12 13
12 2
1 13
2 3
13 14
13 3
2 14
3 4
14 15
14 4
3 15
4 5
15 16
15 5
4 16
5 6
16 17
16 6
5 17
6 7
17 18
17 7
6 18
7 8
18 19
18 8
7 19
8 9
19 20
19 9
8 20
9 10
20 21
20 10
9 21
10 0
21 11
21 0
10 11
0 7
11 18
11 7
0 18
5 9
16 20
16 9
5 20
0 3
11 14
11 3
0 14
4 9
15 20
15 9
4 20
0 8
11 19
11 8
0 19
5 7
16 18
16 7
5 18
2 6
13 17
13 6
2 17
1 6
12 17
12 6
1 17
4 6
15 17
15 6
4 17
0 2
11 13
11 2
0 13
3 10
14 21
14 10
3 21
2 4
13 15
13 4
2 15
1 7
12 18
12 7
1 18
8 10
19 21
19 10
8 21
7 9
18 20
18 9
7 20
4 10
15 21
15 10
4 21
