0 1
12 13
12 1
0 13
1 2
13 14
13 2
1 14
2 3
14 15
14 3
2 15
3 4
15 16
15 4
3 16
4 5
16 17
16 5
4 17
5 6
17 18
17 6
5 18
6 7
18 19
18 7
6 19
7 8
19 20
19 8
7 20
8 9
20 21
20 9
8 21
9 10
21 22
21 10
9 22
10 11
22 23
22 11
10 23
11 0
23 12
23 0
11 12
1 5
13 17
13 5
1 17
7 9
19 21
19 9
7 21
1 7
13 19
13 7
1 19
4 11
16 23
16 11
4 23
0 10
12 22
12 10
0 22
6 8
18 20
18 8
6 20
0 9
12 21
12 9
0 21
1 3
13 15
13 3
1 15
1 6
13 18
13 6
1 18
3 11
15 23
15 11
3 23
6 9
18 21
18 9
6 21
0 2
12 14
12 2
0 14
5 10
17 22
17 10
5 22
0 3
12 15
12 3
0 15
5 9
17 21
17 9
5 21
4 10
16 22
16 10
4 22
1 4
13 16
13 4
1 16
1 9
13 21
13 9
1 21
