0 1
11 12
11 1
0 12
1 2
12 13
12 2
1 13
2 0
13 11
13 0
2 11
3 2
14 13
14 2
3 13
3 1
14 12
14 1
3 12
3 0
14 11
14 0
3 11
4 3
15 14
15 3
4 14
4 2
15 13
15 2
4 13
4 1
15 12
15 1
4 12
5 4
16 15
16 4
5 15
5 3
16 14
16 3
5 14
5 2
16 13
16 2
5 13
6 5
17 16
17 5
6 16
6 4
17 15
17 4
6 15
6 3
17 14
17 3
6 14
7 6
18 17
18 6
7 17
7 5
18 16
18 5
7 16
7 4
18 15
18 4
7 15
8 7
19 18
19 7
8 18
8 6
19 17
19 6
8 17
8 5
19 16
19 5
8 16
9 8
20 19
20 8
9 19
9 7
20 18
20 7
9 18
9 6
20 17
20 6
9 17
10 9
21 20
21 9
10 20
10 8
21 19
21 8
10 19
10 7
21 18
21 7
10 18
