0 1
12 13
12 1
0 13
1 2
13 14
13 2
1 14
2 0
14 12
14 0
2 12
3 2
15 14
15 2
3 14
3 1
15 13
15 1
3 13
3 0
15 12
15 0
3 12
4 3
16 15
16 3
4 15
4 2
16 14
16 2
4 14
4 1
16 13
16 1
4 13
5 4
17 16
17 4
5 16
5 3
17 15
17 3
5 15
5 2
17 14
17 2
5 14
6 5
18 17
18 5
6 17
6 4
18 16
18 4
6 16
6 3
18 15
18 3
6 15
7 6
19 18
19 6
7 18
7 5
19 17
19 5
7 17
7 4
19 16
19 4
7 16
8 7
20 19
20 7
8 19
8 6
20 18
20 6
8 18
8 5
20 17
20 5
8 17
9 8
21 20
21 8
9 20
9 7
21 19
21 7
9 19
9 6
21 18
21 6
9 18
10 9
22 21
22 9
10 21
10 8
22 20
22 8
10 20
10 7
22 19
22 7
10 19
11 10
23 22
23 10
11 22
11 9
23 21
23 9
11 21
11 8
23 20
23 8
11 20
