0 1
16 17
16 1
0 17
0 4
16 20
16 4
0 20
0 5
16 21
16 5
0 21
1 2
17 18
17 2
1 18
1 5
17 21
17 5
1 21
1 6
17 22
17 6
1 22
2 3
18 19
18 3
2 19
2 6
18 22
18 6
2 22
2 7
18 23
18 7
2 23
3 7
19 23
19 7
3 23
4 5
20 21
20 5
4 21
4 8
20 24
20 8
4 24
4 9
20 25
20 9
4 25
5 6
21 22
21 6
5 22
5 9
21 25
21 9
5 25
5 10
21 26
21 10
5 26
6 7
22 23
22 7
6 23
6 10
22 26
22 10
6 26
6 11
22 27
22 11
6 27
7 11
23 27
23 11
7 27
8 9
24 25
24 9
8 25
8 12
24 28
24 12
8 28
8 13
24 29
24 13
8 29
9 10
25 26
25 10
9 26
9 13
25 29
25 13
9 29
9 14
25 30
25 14
9 30
10 11
26 27
26 11
10 27
10 14
26 30
26 14
10 30
10 15
26 31
26 15
10 31
11 15
27 31
27 15
11 31
12 13
28 29
28 13
12 29
13 14
29 30
29 14
13 30
14 15
30 31
30 15
14 31
0 1
16 17
16 1
0 17
0 13
16 29
16 13
0 29
0 2
16 18
16 2
0 18
0 14
16 30
16 14
0 30
0 3
16 19
16 3
0 19
0 15
16 31
16 15
0 31
0 4
16 20
16 4
0 20
0 7
16 23
16 7
0 23
0 8
16 24
16 8
0 24
0 11
16 27
16 11
0 27
