0 1
1 2
2 3
3 4
4 5
5 6
6 7
7 8
8 9
9 10
10 11
11 12
12 13
13 14
14 15
15 16
16 17
17 18
18 19
19 20
20 21
21 22
22 23
23 24
24 25
25 26
26 27
27 28
28 29
29 30
30 31
31 32
32 33
33 34
34 35
35 36
36 37
37 38
38 39
39 40
40 41
41 42
42 43
43 44
44 45
45 46
46 47
47 48
48 49
49 50
50 51
51 52
52 53
53 54
54 55
55 56
56 57
57 58
58 59
59 60
60 61
61 62
62 63
63 64
64 65
65 66
66 67
67 68
68 69
69 70
70 71
71 72
72 73
73 74
74 75
75 76
76 77
77 78
78 79
79 80
80 81
81 82
82 83
83 84
84 85
85 86
86 87
87 88
88 89
89 90
90 91
91 92
92 93
93 94
94 95
95 96
96 97
97 98
98 99
99 0
12 52
2 95
42 80
44 56
21 83
63 65
26 81
64 87
16 32
52 98
60 66
13 92
33 45
71 85
53 90
67 76
9 52
78 80
53 63
34 37
59 78
69 75
64 85
15 52
16 92
23 81
6 11
89 92
20 26
19 86
58 63
26 38
33 42
53 88
18 92
32 49
23 82
22 25
49 55
64 70
3 11
1 7
20 31
57 80
72 76
12 14
50 53
19 85
8 11
44 49
27 30
72 75
33 39
53 89
21 23
0 95
45 48
70 73
56 80
4 11
88 92
33 37
53 55
76 81
71 76
65 69
58 78
39 41
38 81
90 94
11 93
20 30
11 94
62 66
44 55
40 81
90 93
49 51
0 2
12 15
0 9
18 20
19 88
16 51
31 38
50 55
39 81
32 38
60 77
15 92
41 81
55 57
20 32
52 90
21 82
33 47
2 5
28 30
1 5
71 81
66 68
58 62
29 31
29 38
35 37
20 83
58 61
57 63
96 99
52 95
63 88
14 92
2 11
0 8
50 54
69 74
33 46
33 36
33 43
1 8
60 78
32 48
65 70
15 51
44 48
82 84
0 96
17 92
67 75
1 6
28 38
76 78
10 52
57 79
52 96
52 99
39 42
83 85
23 26
91 93
32 36
72 74
52 94
19 92
32 47
67 69
16 18
65 68
33 38
32 51
32 37
52 97
82 85
67 77
3 5
0 52
20 22
70 85
62 65
20 27
11 95
50 52
18 32
45 47
71 73
43 56
59 61
11 52
24 26
33 44
12 93
78 81
41 80
71 82
64 86
4 6
66 77
86 88
34 36
96 98
61 66
69 73
9 11
12 92
6 8
43 80
89 91
64 88
26 28
22 24
22 26
20 85
58 79
55 63

0 1
1 2
2 3
3 4
4 5
5 6
6 7
7 8
8 9
9 10
10 11
11 12
12 13
13 14
14 15
15 16
16 17
17 18
18 19
19 20
20 21
21 22
22 23
23 24
24 25
25 26
26 27
27 28
28 29
29 30
30 31
31 32
32 33
33 34
34 35
35 36
36 37
37 38
38 39
39 40
40 41
41 42
42 43
43 44
44 45
45 46
46 47
47 48
48 49
49 50
50 51
51 52
52 53
53 54
54 55
55 56
56 57
57 58
58 59
59 60
60 61
61 62
62 63
63 64
64 65
65 66
66 67
67 68
68 69
69 70
70 71
71 72
72 73
73 74
74 75
75 76
76 77
77 78
78 79
79 80
80 81
81 82
82 83
83 84
84 85
85 86
86 87
87 88
88 89
89 90
90 91
91 92
92 93
93 94
94 95
95 96
96 97
97 98
98 99
99 0
34 41
44 74
4 50
21 28
62 77
35 76
47 56
17 27
1 62
11 82
7 33
44 50
28 81
6 98
10 33
79 99
67 74
46 50
11 84
80 83
60 71
85 95
1 4
80 87
48 51
0 98
55 60
15 29
38 40
84 87
47 54
1 3
84 97
66 70
11 28
30 32
89 95
7 44
74 77
64 66
8 10
12 27
56 71
62 99
2 60
13 30
31 81
46 48
41 74
19 22
36 74
12 33
45 50
8 98
12 30
45 56
52 55
66 69
63 77
91 97
2 52
33 76
22 28
2 50
14 30
12 17
92 94
30 81
6 50
5 98
79 88
32 76
60 64
17 28
68 72
18 23
10 84
88 91
13 17
19 21
80 88
62 64
94 97
35 75
45 72
9 84
52 54
31 76
12 32
35 39
60 65
48 54
11 27
34 42
91 99
35 38
7 34
64 77
58 60
19 23
15 30
76 80
18 28
55 59
69 72
25 27
9 97
17 23
7 42
42 44
46 49
45 71
85 96
83 87
16 28
0 5
1 99
20 28
34 40
5 50
7 50
94 96
66 74
13 16
44 73
86 95
43 74
85 87
2 51
19 28
91 98
42 74
85 97
16 29
81 83
23 28
7 98
93 97
17 24
24 28
36 75
62 78
68 73
57 59
58 71
36 41
11 81
67 73
70 72
89 94
92 97
91 94
48 52
8 33
34 76
75 77
3 50
2 62
38 41
56 59
86 89
60 62
77 79
2 55
77 80
47 55
0 4
36 38
31 80
44 72
29 81
61 64
88 99
10 12
25 28
9 98
57 71
34 39
88 90
13 15
24 27
48 50
11 83
60 70
78 99
37 41
87 89
48 53
46 56
64 74
