0 1
1 2
2 3
3 4
4 5
5 6
6 7
7 8
8 9
9 10
10 11
11 12
12 13
13 14
14 15
15 16
16 17
17 18
18 19
19 20
20 21
21 22
22 23
23 24
24 25
25 26
26 27
27 28
28 29
29 30
30 31
31 32
32 33
33 34
34 35
35 36
36 37
37 38
38 39
39 40
40 41
41 42
42 43
43 44
44 45
45 46
46 47
47 48
48 49
49 50
50 51
51 52
52 53
53 54
54 55
55 56
56 57
57 58
58 59
59 60
60 61
61 62
62 63
63 64
64 65
65 66
66 67
67 68
68 69
69 70
70 71
71 72
72 73
73 74
74 75
75 76
76 77
77 78
78 79
79 80
80 81
81 82
82 83
83 84
84 85
85 86
86 87
87 88
88 89
89 90
90 91
91 92
92 93
93 94
94 95
95 96
96 97
97 98
98 99
99 0
14 27
20 81
37 43
34 94
40 75
52 83
87 89
20 37
0 13
8 87
45 71
18 20
62 70
28 99
60 75
54 75
44 48
55 62
8 84
0 98
20 32
53 83
91 93
87 90
8 98
48 55
64 68
41 72
55 60
61 72
48 92
52 89
21 26
50 92
34 44
29 95
32 95
8 90
9 13
41 44
5 13
5 98
16 81
41 75
51 92
48 51
94 97
85 88
37 77
20 28
36 43
70 72
8 11
16 24
4 13
63 70
41 71
8 13
14 83
79 81
16 18
61 75
69 72
47 71
30 95
0 3
53 81
24 27
29 31
40 42
54 78
8 83
62 71
20 27
14 16
17 81
2 13
16 27
52 55
4 98
28 32
54 77
56 61
10 12
77 80
28 96
91 94
34 95
38 77
42 44
23 26
62 68
7 9
3 98
38 42
38 75
55 58
23 25
84 86
49 92
77 81
91 98
14 81
44 71
18 23
84 89
33 95
20 34
9 11
57 60
52 92
29 96
6 9
54 81
5 9
85 87
55 57
27 99
36 44
81 83
54 76
3 13
14 82
13 99
68 70
55 59
63 67
1 13
17 19
20 35
64 67
84 87
34 36
6 98
94 96
15 81
8 12
90 98
62 67
77 79
34 93
63 65
34 92
44 92
18 22
56 62
38 76
52 84
55 71
38 40
18 24
52 90
48 52
91 97
54 60
6 8
63 66
46 48
35 37
41 73
37 81
48 71
72 74
44 46
46 71
41 74
28 98
13 83
14 99
28 31
53 55
32 34
96 98
38 43
20 26
0 2
72 75
78 81
25 27
19 81
31 95
57 61
9 12
64 66
39 75
68 72
22 26
48 50
63 68
52 91
61 68
58 60
18 21
85 89

0 1
1 2
2 3
3 4
4 5
5 6
6 7
7 8
8 9
9 10
10 11
11 12
12 13
13 14
14 15
15 16
16 17
17 18
18 19
19 20
20 21
21 22
22 23
23 24
24 25
25 26
26 27
27 28
28 29
29 30
30 31
31 32
32 33
33 34
34 35
35 36
36 37
37 38
38 39
39 40
40 41
41 42
42 43
43 44
44 45
45 46
46 47
47 48
48 49
49 50
50 51
51 52
52 53
53 54
54 55
55 56
56 57
57 58
58 59
59 60
60 61
61 62
62 63
63 64
64 65
65 66
66 67
67 68
68 69
69 70
70 71
71 72
72 73
73 74
74 75
75 76
76 77
77 78
78 79
79 80
80 81
81 82
82 83
83 84
84 85
85 86
86 87
87 88
88 89
89 90
90 91
91 92
92 93
93 94
94 95
95 96
96 97
97 98
98 99
99 0
70 77
17 49
7 87
53 67
7 46
72 92
88 97
16 36
64 78
10 68
58 78
54 86
8 70
81 90
35 39
76 90
28 42
2 72
13 67
57 83
46 49
9 39
82 88
51 54
15 51
71 77
18 26
14 37
62 65
35 40
0 6
6 72
25 30
75 92
95 99
17 44
80 90
14 52
30 34
83 85
1 5
81 88
56 59
71 75
26 28
24 36
35 41
7 44
8 44
22 36
0 93
15 52
92 95
11 67
59 65
59 61
48 86
68 78
29 32
26 44
80 82
1 3
28 34
8 41
69 78
25 34
57 78
58 61
0 72
17 20
17 45
20 24
83 86
88 91
76 80
48 54
45 49
16 21
18 25
4 72
4 6
16 51
53 66
86 88
55 84
6 70
87 98
87 97
92 94
91 95
82 86
55 66
16 49
76 79
7 48
14 67
61 64
9 37
70 78
26 29
15 37
65 78
80 83
56 84
14 53
8 69
9 69
94 99
0 92
54 66
6 99
25 29
58 64
73 75
26 43
19 24
25 36
19 25
31 34
57 84
93 99
51 53
71 74
56 66
27 42
10 67
57 80
35 42
16 37
25 35
1 6
7 86
6 71
95 97
21 23
30 32
27 43
88 90
13 37
20 23
91 96
55 85
66 68
1 72
18 44
16 22
2 4
37 39
65 68
11 13
95 98
8 42
57 59
10 37
35 38
7 98
1 4
29 34
31 33
8 40
59 66
10 69
7 70
61 65
9 40
62 64
12 37
17 21
75 91
88 96
49 54
11 37
75 90
60 65
73 92
50 54
57 79
7 99
55 86
61 63
71 76
34 42
7 45
47 49
49 51
81 89
8 43
7 47
36 38
22 24
29 33
76 78
71 73
