0 1
1 2
2 3
3 4
4 5
5 6
6 7
7 8
8 9
9 10
10 11
11 12
12 13
13 14
14 15
15 16
16 17
17 18
18 19
19 20
20 21
21 22
22 23
23 24
24 25
25 26
26 27
27 28
28 29
29 30
30 31
31 32
32 33
33 34
34 35
35 36
36 37
37 38
38 39
39 40
40 41
41 42
42 43
43 44
44 45
45 46
46 47
47 48
48 49
49 50
50 51
51 52
52 53
53 54
54 55
55 56
56 57
57 58
58 59
59 60
60 61
61 62
62 63
63 64
64 65
65 66
66 67
67 68
68 69
69 70
70 71
71 72
72 73
73 74
74 75
75 76
76 77
77 78
78 79
79 80
80 81
81 82
82 83
83 84
84 85
85 86
86 87
87 88
88 89
89 90
90 91
91 92
92 93
93 94
94 95
95 96
96 97
97 98
98 99
99 0
32 53
54 78
22 58
15 60
7 86
0 5
15 34
65 71
35 80
2 98
84 93
61 84
23 53
35 86
86 98
39 42
15 59
37 80
34 36
5 8
60 72
14 94
11 98
21 58
70 79
63 67
8 15
15 21
44 51
15 94
61 65
87 91
62 83
38 45
13 97
63 82
3 86
38 44
52 79
55 75
20 33
52 80
86 96
22 30
44 46
23 57
33 50
36 49
10 12
35 83
25 32
16 18
56 73
38 46
14 97
24 30
2 99
91 93
49 51
29 32
23 30
40 52
9 15
66 69
60 93
44 48
62 82
21 59
88 91
21 33
56 74
60 65
38 43
65 67
36 38
63 70
12 98
89 92
40 43
36 48
15 17
28 32
60 94
84 92
35 84
37 39
63 68
29 31
25 27
24 29
65 72
71 78
67 69
87 95
8 99
20 34
72 75
88 90
71 79
55 74
39 52
44 47
81 83
91 95
86 89
6 86
72 74
36 46
58 72
34 86
17 19
87 96
18 20
17 21
56 58
37 52
70 80
53 79
32 50
30 32
32 51
96 98
91 94
80 82
94 96
9 13
26 32
72 77
1 99
5 99
63 65
36 47
35 85
55 76
25 53
23 55
65 69
6 8
33 36
8 11
9 12
55 77
3 6
8 10
15 86
15 18
1 4
54 79
51 53
35 81
72 78
3 98
17 20
63 69
25 28
23 54
86 92
60 84
38 42
23 56
40 51
15 20
0 4
36 50
39 41
75 77
59 72
26 28
8 98
62 65
35 37
61 83
22 57
58 73
12 97
86 88
22 33
90 92
41 43
3 5
2 4
9 14
85 92
24 28
69 71
94 97
48 51
23 25
54 77
7 15
40 44
63 80
30 33
62 64

0 1
1 2
2 3
3 4
4 5
5 6
6 7
7 8
8 9
9 10
10 11
11 12
12 13
13 14
14 15
15 16
16 17
17 18
18 19
19 20
20 21
21 22
22 23
23 24
24 25
25 26
26 27
27 28
28 29
29 30
30 31
31 32
32 33
33 34
34 35
35 36
36 37
37 38
38 39
39 40
40 41
41 42
42 43
43 44
44 45
45 46
46 47
47 48
48 49
49 50
50 51
51 52
52 53
53 54
54 55
55 56
56 57
57 58
58 59
59 60
60 61
61 62
62 63
63 64
64 65
65 66
66 67
67 68
68 69
69 70
70 71
71 72
72 73
73 74
74 75
75 76
76 77
77 78
78 79
79 80
80 81
81 82
82 83
83 84
84 85
85 86
86 87
87 88
88 89
89 90
90 91
91 92
92 93
93 94
94 95
95 96
96 97
97 98
98 99
99 0
41 66
50 77
29 66
71 93
25 88
37 42
36 77
25 69
20 99
69 77
36 85
19 96
42 65
84 88
73 82
1 14
89 91
11 96
23 99
0 7
0 20
43 52
92 96
52 55
45 51
21 25
63 77
92 99
31 86
69 96
53 65
15 96
31 66
42 50
8 12
84 91
24 89
53 64
37 77
56 63
10 96
2 8
70 76
58 64
36 84
1 13
36 40
74 76
27 67
71 74
72 93
46 49
21 69
84 90
37 40
43 65
72 82
76 80
78 83
21 23
42 47
50 63
77 83
42 46
84 86
32 40
53 58
30 86
11 13
0 98
26 30
26 69
16 19
25 87
21 99
77 80
1 15
80 83
10 97
72 84
46 48
53 56
57 62
76 82
77 84
46 51
5 7
45 52
38 40
32 66
64 68
47 49
72 91
10 98
21 24
82 84
3 7
28 67
54 56
18 96
59 64
57 59
64 66
97 99
84 89
2 6
53 57
25 86
70 74
66 68
42 49
76 81
42 45
32 86
20 96
40 42
13 96
57 63
16 96
74 82
53 55
33 86
79 83
60 62
17 96
69 93
26 67
33 35
59 63
40 66
51 63
26 29
13 15
33 40
7 9
23 92
26 68
64 77
8 13
34 40
43 53
16 20
2 13
22 24
69 76
25 30
28 66
51 56
92 94
1 7
27 29
35 40
25 89
7 98
84 87
57 61
24 91
52 56
1 6
41 65
9 11
60 63
57 60
92 97
9 98
43 45
37 50
69 94
0 15
20 69
68 77
70 93
3 8
70 75
78 80
69 95
0 16
33 85
46 50
36 39
23 91
44 52
72 92
4 6
30 66
92 95
71 73
4 7
