0 1
1 2
2 3
3 4
4 5
5 6
6 7
7 8
8 9
9 10
10 11
11 12
12 13
13 14
14 15
15 16
16 17
17 18
18 19
19 20
20 21
21 22
22 23
23 24
24 25
25 26
26 27
27 28
28 29
29 30
30 31
31 32
32 33
33 34
34 35
35 36
36 37
37 38
38 39
39 40
40 41
41 42
42 43
43 44
44 45
45 46
46 47
47 48
48 49
49 50
50 51
51 52
52 53
53 54
54 55
55 56
56 57
57 58
58 59
59 60
60 61
61 62
62 63
63 64
64 65
65 66
66 67
67 68
68 69
69 70
70 71
71 72
72 73
73 74
74 75
75 76
76 77
77 78
78 79
79 80
80 81
81 82
82 83
83 84
84 85
85 86
86 87
87 88
88 89
89 90
90 91
91 92
92 93
93 94
94 95
95 96
96 97
97 98
98 99
99 100
100 0
46 98
15 85
14 26
65 76
12 89
0 91
17 53
21 34
54 56
4 29
68 89
35 38
48 94
70 80
69 74
78 80
25 27
22 29
82 85
3 33
67 90
36 52
16 21
55 67
68 84
34 98
17 61
65 85
38 47
92 94
2 90
61 64
8 13
18 34
0 90
52 90
17 59
40 42
55 59
93 100
68 86
34 46
3 90
6 10
60 66
34 39
4 13
70 75
69 80
65 82
4 31
73 75
93 97
34 44
76 81
34 38
14 23
86 89
34 99
80 83
14 16
72 74
15 87
72 75
4 6
46 48
67 74
60 65
7 10
69 83
22 25
93 99
65 67
54 57
69 71
15 86
39 43
17 60
49 91
60 63
34 100
14 89
41 44
37 52
3 6
49 52
60 67
6 90
35 37
16 18
38 40
0 93
29 33
14 87
38 49
3 31
25 29
94 97
16 85
14 27
3 100
95 98
79 81
62 64
14 24
74 76
14 25
70 76
6 8
83 85
34 43
68 83
49 90
22 33
17 58
67 76
54 58
94 96
52 55
53 55
40 46
4 27
46 94
16 19
38 52
68 90
81 83
16 23
64 85
17 85
22 34
76 82
38 46
30 32
11 89
17 52
78 81
19 21
77 80
91 94
10 12
71 74
97 99
55 60
25 28
38 51
76 78
96 98
70 77
18 21
4 8
34 52
10 89
47 49
0 2
3 32
3 34
87 89
44 46
29 31
6 89
13 89
71 75
39 42
18 52
48 91
55 58
14 88
55 57
8 12
41 43
52 67
41 46
8 10
1 90
2 100
22 24
21 23
34 36
68 85
68 74
16 20
30 33
50 52
53 58
4 14
91 93
5 8
41 45
46 95
49 51
17 64
4 28
7 9
60 64
60 62

0 1
1 2
2 3
3 4
4 5
5 6
6 7
7 8
8 9
9 10
10 11
11 12
12 13
13 14
14 15
15 16
16 17
17 18
18 19
19 20
20 21
21 22
22 23
23 24
24 25
25 26
26 27
27 28
28 29
29 30
30 31
31 32
32 33
33 34
34 35
35 36
36 37
37 38
38 39
39 40
40 41
41 42
42 43
43 44
44 45
45 46
46 47
47 48
48 49
49 50
50 51
51 52
52 53
53 54
54 55
55 56
56 57
57 58
58 59
59 60
60 61
61 62
62 63
63 64
64 65
65 66
66 67
67 68
68 69
69 70
70 71
71 72
72 73
73 74
74 75
75 76
76 77
77 78
78 79
79 80
80 81
81 82
82 83
83 84
84 85
85 86
86 87
87 88
88 89
89 90
90 91
91 92
92 93
93 94
94 95
95 96
96 97
97 98
98 99
99 100
100 0
28 83
64 70
45 89
49 53
0 11
69 77
16 88
22 97
17 26
3 99
36 75
35 90
9 21
24 92
5 11
57 80
62 73
91 97
12 91
50 56
68 79
50 85
31 82
37 39
3 8
42 57
27 84
33 90
41 90
95 97
64 71
24 95
3 11
43 46
46 88
34 77
65 79
50 55
41 61
77 79
11 19
31 80
70 73
91 98
31 91
4 11
38 75
91 95
67 69
30 91
9 98
39 75
65 68
50 80
58 63
46 53
20 22
36 90
32 80
24 27
91 100
22 95
42 60
34 80
46 57
92 95
35 77
47 85
1 11
12 88
12 90
2 11
34 78
43 90
20 25
15 88
43 89
37 41
19 25
28 92
56 80
59 62
57 59
50 53
27 88
17 88
40 74
66 69
24 26
84 88
63 73
43 57
5 10
57 64
31 81
64 79
98 100
11 91
40 75
69 75
53 57
47 53
63 71
21 97
42 61
59 61
30 82
20 24
11 14
32 90
13 88
1 99
50 82
48 50
11 16
58 64
30 92
85 88
11 100
23 95
40 73
52 54
19 26
45 88
29 82
11 21
3 5
47 87
46 87
48 53
24 94
63 72
50 84
37 90
0 99
36 76
9 97
57 79
8 98
50 83
42 59
29 83
22 96
47 50
3 98
24 93
12 14
69 76
37 75
50 81
65 69
33 35
9 11
44 89
3 7
51 55
69 79
2 99
66 68
41 73
11 18
27 92
36 77
5 9
53 56
61 73
70 74
32 34
28 30
11 17
51 54
28 84
6 9
59 63
32 91
34 79
17 19
37 40
17 27
51 53
43 45
42 90
71 73
86 88
88 90
5 7
85 87
64 69
11 15
93 95
13 15
11 20
20 23
