0 1
1 2
2 3
3 4
4 5
5 6
6 7
7 8
8 9
9 10
10 11
11 12
12 13
13 14
14 15
15 16
16 17
17 18
18 19
19 20
20 21
21 22
22 23
23 24
24 25
25 26
26 27
27 28
28 29
29 30
30 31
31 32
32 33
33 34
34 35
35 36
36 37
37 38
38 39
39 40
40 41
41 42
42 43
43 44
44 45
45 46
46 47
47 48
48 49
49 50
50 51
51 52
52 53
53 54
54 55
55 56
56 57
57 58
58 59
59 60
60 61
61 62
62 63
63 64
64 65
65 66
66 67
67 68
68 69
69 70
70 71
71 72
72 73
73 74
74 75
75 76
76 77
77 78
78 79
79 80
80 81
81 82
82 83
83 84
84 85
85 86
86 87
87 88
88 89
89 90
90 91
91 92
92 93
93 94
94 95
95 96
96 97
97 98
98 99
99 100
100 101
101 102
102 0
87 97
27 41
42 84
78 96
21 87
21 23
1 42
53 57
53 64
57 79
79 90
42 82
45 52
60 75
22 28
14 42
61 71
43 66
83 87
29 33
44 50
22 36
25 86
70 101
80 88
35 39
88 91
28 40
50 80
0 13
22 33
44 48
58 76
1 13
13 21
25 87
7 10
56 80
48 52
65 69
96 98
4 10
18 41
71 77
0 5
88 92
16 21
66 68
20 41
24 26
52 80
94 97
78 95
43 101
7 11
72 76
78 91
53 66
6 12
59 61
26 28
5 12
87 99
72 75
84 87
52 56
20 39
78 90
15 17
66 101
50 81
71 74
42 81
48 50
100 102
58 61
22 29
68 101
87 100
32 39
78 101
28 39
2 5
62 64
9 11
99 101
27 40
81 83
62 65
53 55
53 63
8 10
88 94
21 102
71 75
58 77
2 13
26 86
52 54
21 38
53 58
22 38
22 34
1 43
42 86
2 12
78 92
61 75
17 21
30 33
13 102
4 12
45 53
1 101
35 38
21 100
78 93
83 88
85 87
5 7
61 69
14 18
49 51
58 79
81 88
48 51
96 99
65 67
23 25
44 81
23 26
52 55
58 62
33 35
28 30
68 70
72 74
43 45
18 42
42 44
57 80
0 2
43 53
18 21
58 78
84 86
15 18
33 39
22 37
30 39
31 39
19 21
7 12
65 68
26 42
45 47
3 12
50 52
44 47
0 12
34 36
21 39
73 75
1 14
60 76
4 7
21 25
71 78
55 57
87 98
64 66
47 52
13 15
13 16
30 32
87 94
7 9
88 90
92 94
36 38
79 88
58 63
62 69
46 52
42 83
93 95
26 41
78 99
18 20
94 96
70 78
59 76
39 41
10 12
71 76
2 4
1 102
89 91
23 28
69 71

0 1
1 2
2 3
3 4
4 5
5 6
6 7
7 8
8 9
9 10
10 11
11 12
12 13
13 14
14 15
15 16
16 17
17 18
18 19
19 20
20 21
21 22
22 23
23 24
24 25
25 26
26 27
27 28
28 29
29 30
30 31
31 32
32 33
33 34
34 35
35 36
36 37
37 38
38 39
39 40
40 41
41 42
42 43
43 44
44 45
45 46
46 47
47 48
48 49
49 50
50 51
51 52
52 53
53 54
54 55
55 56
56 57
57 58
58 59
59 60
60 61
61 62
62 63
63 64
64 65
65 66
66 67
67 68
68 69
69 70
70 71
71 72
72 73
73 74
74 75
75 76
76 77
77 78
78 79
79 80
80 81
81 82
82 83
83 84
84 85
85 86
86 87
87 88
88 89
89 90
90 91
91 92
92 93
93 94
94 95
95 96
96 97
97 98
98 99
99 100
100 101
101 102
102 0
53 102
14 89
66 80
59 70
25 29
45 50
15 55
82 89
84 91
21 46
83 85
34 46
15 33
84 89
78 102
93 99
7 95
10 53
80 92
8 90
10 16
39 53
17 51
19 22
15 39
96 101
90 92
39 43
42 45
69 80
37 44
80 99
63 89
55 62
64 89
56 70
17 27
3 8
70 73
71 80
19 46
80 83
61 66
1 10
81 89
15 37
71 73
9 89
83 86
40 52
53 70
47 51
10 17
1 6
79 101
80 89
53 56
24 29
41 43
7 101
15 28
9 90
36 45
53 74
73 76
21 31
47 49
46 49
72 77
6 102
90 94
53 77
31 46
11 14
3 9
15 62
32 46
53 78
7 102
7 94
15 32
53 76
15 30
19 24
85 89
83 91
1 5
41 45
11 16
51 53
61 70
45 49
22 31
12 15
67 80
10 102
38 43
58 70
18 51
57 70
56 59
36 44
6 8
62 66
16 27
95 98
56 62
18 46
8 94
46 48
15 36
16 28
29 31
66 70
36 46
80 101
0 6
80 100
18 27
72 79
67 70
3 10
83 92
38 44
15 53
56 58
17 53
63 65
68 80
71 79
23 31
45 51
20 22
60 70
82 87
95 97
56 61
94 98
56 60
98 101
11 89
19 23
18 47
82 86
7 96
85 88
41 51
15 38
72 78
2 10
10 89
66 89
98 100
62 89
11 13
97 101
94 99
25 28
65 89
24 27
92 99
0 10
33 36
53 73
80 82
33 46
15 29
19 27
84 90
15 31
3 6
40 43
20 46
74 76
53 75
67 69
63 66
90 93
54 56
82 88
24 31
79 102
14 62
4 6
1 3
86 88
3 5
47 50
40 51
25 27
39 52
15 54
70 80
73 77
12 14
11 15
35 46
