0 1
1 2
2 3
3 4
4 5
5 6
6 7
7 8
8 9
9 10
10 11
11 12
12 13
13 14
14 15
15 16
16 17
17 18
18 19
19 20
20 21
21 22
22 23
23 24
24 25
25 26
26 27
27 28
28 29
29 30
30 31
31 32
32 33
33 34
34 35
35 36
36 37
37 38
38 39
39 40
40 41
41 42
42 43
43 44
44 45
45 46
46 47
47 48
48 49
49 50
50 51
51 52
52 53
53 54
54 55
55 56
56 57
57 58
58 59
59 60
60 61
61 62
62 63
63 64
64 65
65 66
66 67
67 68
68 69
69 70
70 71
71 72
72 73
73 74
74 75
75 76
76 77
77 78
78 79
79 80
80 81
81 82
82 83
83 84
84 85
85 86
86 87
87 88
88 89
89 90
90 91
91 92
92 93
93 94
94 95
95 96
96 97
97 98
98 99
99 100
100 101
101 102
102 103
103 0
30 87
1 91
36 97
35 38
35 79
32 81
3 99
61 73
37 47
37 88
14 27
41 63
51 63
25 88
92 95
32 99
49 87
74 79
1 97
4 13
76 81
49 61
10 90
88 94
83 86
28 32
74 76
61 85
38 74
12 17
41 64
61 76
41 73
54 57
41 65
3 14
45 48
19 24
1 98
12 21
14 18
28 30
101 103
59 63
16 18
37 95
70 72
5 12
88 91
77 81
41 44
55 58
63 71
49 58
25 28
24 27
78 80
41 43
51 53
42 47
23 25
32 83
32 34
18 27
40 47
34 97
12 89
47 49
50 63
33 35
68 72
19 23
67 70
64 66
76 79
30 86
30 88
45 50
8 90
53 57
6 90
19 22
17 19
64 71
39 74
61 87
0 3
13 17
35 80
34 99
89 91
0 98
88 93
37 97
15 17
12 19
6 10
91 96
63 72
59 62
51 57
29 32
41 74
54 58
88 95
3 28
31 83
61 74
22 25
1 3
46 48
52 59
53 58
81 85
20 22
60 62
21 25
99 102
3 101
93 95
50 57
14 16
61 81
2 4
0 102
1 5
44 50
4 14
66 70
61 75
33 81
12 88
1 90
0 101
30 83
41 72
43 47
69 72
41 50
92 96
35 37
47 88
13 15
26 28
7 9
76 78
55 57
44 46
99 101
83 85
53 59
30 32
66 72
81 84
10 12
67 72
12 20
6 12
3 27
9 90
43 46
65 72
39 41
25 30
6 9
49 60
77 80
98 102
49 59
40 42
18 24
61 72
34 98
38 40
56 58
91 93
48 50
100 102
61 63
5 13
37 96
32 82
64 70
3 32
34 36
49 57
52 63
81 83
12 25
85 87
11 90
68 70
1 4
7 90
49 88
38 47
12 90
1 96
1 6
38 79
25 27
33 80
0 1
1 2
2 3
3 4
4 5
5 6
6 7
7 8
8 9
9 10
10 11
11 12
12 13
13 14
14 15
15 16
16 17
17 18
18 19
19 20
20 21
21 22
22 23
23 24
24 25
25 26
26 27
27 28
28 29
29 30
30 31
31 32
32 33
33 34
34 35
35 36
36 37
37 38
38 39
39 40
40 41
41 42
42 43
43 44
44 45
45 46
46 47
47 48
48 49
49 50
50 51
51 52
52 53
53 54
54 55
55 56
56 57
57 58
58 59
59 60
60 61
61 62
62 63
63 64
64 65
65 66
66 67
67 68
68 69
69 70
70 71
71 72
72 73
73 74
74 75
75 76
76 77
77 78
78 79
79 80
80 81
81 82
82 83
83 84
84 85
85 86
86 87
87 88
88 89
89 90
90 91
91 92
92 93
93 94
94 95
95 96
96 97
97 98
98 99
99 100
100 101
101 102
102 103
103 0
88 98
5 41
83 87
29 102
68 79
54 92
39 88
93 102
43 63
15 27
50 52
93 96
3 16
1 25
12 36
72 89
63 80
3 103
94 96
26 102
3 25
38 88
74 82
56 65
56 64
75 81
56 69
70 76
44 58
54 71
44 48
52 54
70 73
28 36
12 28
15 26
4 49
57 60
18 25
7 12
10 39
31 33
80 82
64 67
30 34
36 38
4 44
72 83
5 44
7 14
47 54
30 33
15 19
40 43
88 101
2 25
49 54
7 41
3 7
58 62
34 102
64 79
49 53
32 102
43 84
44 49
98 101
94 101
16 19
53 92
88 99
95 97
44 63
15 21
90 92
72 88
42 44
46 55
7 15
75 78
56 67
39 86
63 84
43 86
11 39
84 86
58 61
98 100
69 71
72 87
56 63
95 98
16 25
73 75
9 39
39 87
36 101
59 61
0 2
95 101
72 82
55 71
75 77
7 16
69 78
84 87
29 36
37 39
45 58
56 66
9 40
24 26
8 40
8 11
45 56
79 81
71 89
15 28
80 83
44 62
54 89
72 74
63 83
29 35
1 102
21 23
47 55
58 60
89 93
33 102
69 76
89 96
53 103
7 11
21 26
45 55
96 98
6 41
49 52
36 102
57 63
5 7
4 7
63 79
44 47
17 25
39 43
12 37
7 40
50 54
88 96
25 102
68 78
31 102
15 20
9 11
7 13
51 54
18 22
64 68
69 77
19 21
5 42
53 93
29 34
45 47
18 21
18 23
70 75
55 69
4 53
21 24
35 102
28 102
53 102
30 102
88 100
90 93
71 73
94 102
36 88
75 79
48 54
4 103
12 14
12 39
57 62
14 28
56 68
1 103
43 85
57 61
65 67
27 102
54 91
2 103
75 82
45 57
54 90
