0 1
1 2
2 3
3 4
4 5
5 6
6 7
7 8
8 9
9 10
10 11
11 12
12 13
13 14
14 15
15 16
16 17
17 18
18 19
19 20
20 21
21 22
22 23
23 24
24 25
25 26
26 27
27 28
28 29
29 30
30 31
31 32
32 33
33 34
34 35
35 36
36 37
37 38
38 39
39 40
40 41
41 42
42 43
43 44
44 45
45 46
46 47
47 48
48 49
49 50
50 51
51 52
52 53
53 54
54 55
55 56
56 57
57 58
58 59
59 60
60 61
61 62
62 63
63 64
64 65
65 66
66 67
67 68
68 69
69 70
70 71
71 72
72 73
73 74
74 75
75 76
76 77
77 78
78 79
79 80
80 81
81 82
82 83
83 84
84 85
85 86
86 87
87 88
88 89
89 90
90 91
91 92
92 93
93 94
94 95
95 96
96 97
97 98
98 99
99 100
100 101
101 102
102 103
103 104
104 0
0 79
21 70
43 93
35 48
29 57
71 83
6 16
13 33
43 53
91 97
57 93
80 104
34 52
2 13
82 89
63 69
11 13
43 104
1 41
19 70
38 46
98 102
25 69
68 85
59 85
2 16
80 83
58 93
38 44
72 80
94 98
59 62
16 32
82 104
93 101
43 45
6 15
2 8
16 23
57 62
19 75
74 78
13 34
59 93
94 99
49 52
70 83
30 33
19 78
83 86
1 13
17 21
73 80
8 15
91 95
29 55
63 68
49 53
5 8
73 75
70 73
9 13
0 78
5 16
13 41
55 93
65 85
10 13
100 102
37 39
88 92
1 42
26 69
34 51
18 21
49 51
39 43
17 19
39 42
27 30
80 82
33 54
36 48
17 23
28 30
2 9
82 98
88 90
86 92
12 14
19 77
26 30
20 70
68 84
43 101
42 104
28 69
40 42
92 94
24 30
47 53
62 85
71 80
8 12
14 16
16 31
24 26
0 80
85 92
34 36
13 36
36 46
73 78
34 48
28 57
17 78
54 93
0 42
66 85
64 66
0 2
45 53
4 16
86 89
13 40
39 44
63 65
30 32
94 100
69 83
43 102
7 15
36 39
90 98
34 50
8 10
8 14
69 84
5 7
22 25
63 85
0 16
55 57
74 77
91 96
22 70
47 49
57 69
8 11
30 54
43 54
4 8
34 54
96 98
67 85
43 103
86 88
25 70
46 48
73 79
63 66
83 89
71 73
98 100
34 49
90 92
34 53
36 40
82 90
29 54
38 45
62 69
23 25
82 102
3 8
93 100
90 97
58 62
17 22
27 69
85 93
23 31
102 104
13 32
3 16
19 76
24 31
0 17
36 38
63 67
19 21
45 47
91 94
56 93
94 96
81 83
19 73
58 60
60 62
87 89
84 86
13 16
58 61
75 77
0 1
1 2
2 3
3 4
4 5
5 6
6 7
7 8
8 9
9 10
10 11
11 12
12 13
13 14
14 15
15 16
16 17
17 18
18 19
19 20
20 21
21 22
22 23
23 24
24 25
25 26
26 27
27 28
28 29
29 30
30 31
31 32
32 33
33 34
34 35
35 36
36 37
37 38
38 39
39 40
40 41
41 42
42 43
43 44
44 45
45 46
46 47
47 48
48 49
49 50
50 51
51 52
52 53
53 54
54 55
55 56
56 57
57 58
58 59
59 60
60 61
61 62
62 63
63 64
64 65
65 66
66 67
67 68
68 69
69 70
70 71
71 72
72 73
73 74
74 75
75 76
76 77
77 78
78 79
79 80
80 81
81 82
82 83
83 84
84 85
85 86
86 87
87 88
88 89
89 90
90 91
91 92
92 93
93 94
94 95
95 96
96 97
97 98
98 99
99 100
100 101
101 102
102 103
103 104
104 0
34 71
6 40
84 88
61 100
37 43
10 94
27 38
48 68
5 100
50 55
5 46
15 32
15 72
17 24
27 35
82 97
6 10
4 7
62 71
25 40
2 95
20 27
92 95
14 85
97 101
84 97
97 102
49 62
16 27
26 38
15 31
36 43
16 30
81 100
61 81
93 95
0 97
44 68
54 61
65 67
100 103
35 37
49 58
6 25
51 62
37 41
34 68
75 84
49 68
72 78
76 80
12 24
10 88
26 39
62 68
15 30
52 61
20 25
76 78
5 44
7 10
10 87
84 92
5 48
19 22
27 33
20 24
81 98
19 24
15 71
1 100
51 61
59 100
62 72
14 72
5 43
54 60
73 77
58 100
85 88
16 24
33 71
50 52
66 70
90 94
8 94
82 84
10 90
40 43
55 59
97 100
76 83
6 12
50 54
35 38
45 68
3 94
49 55
92 97
64 70
5 49
64 67
61 72
17 20
16 20
3 95
26 40
12 85
39 41
6 11
5 58
1 97
72 85
97 99
10 12
75 85
76 82
3 100
4 100
81 99
89 91
101 103
14 24
74 76
3 7
20 26
15 33
75 83
61 80
29 33
13 24
2 97
21 24
35 68
35 43
89 92
29 31
27 34
5 40
68 71
74 85
10 89
16 29
73 85
62 64
50 62
0 102
100 104
73 76
7 9
18 24
44 46
37 42
76 79
92 96
12 87
61 78
5 47
0 100
54 59
53 61
12 86
90 93
46 68
29 32
35 44
6 24
67 69
62 70
76 81
67 70
15 24
81 97
13 85
69 71
27 29
50 53
78 80
49 57
18 20
91 93
28 33
60 100
64 68
56 59
56 58
72 77
21 23
2 100
22 24
38 41
49 56
9 94
4 6
0 103
84 89
7 94
65 70
2 96
47 68
85 87
63 70
20 22
41 43
