0 1
1 2
2 3
3 4
4 5
5 6
6 7
7 8
8 9
9 10
10 11
11 12
12 13
13 14
14 15
15 16
16 17
17 18
18 19
19 20
20 21
21 22
22 23
23 24
24 25
25 26
26 27
27 28
28 29
29 30
30 31
31 32
32 33
33 34
34 35
35 36
36 37
37 38
38 39
39 40
40 41
41 42
42 43
43 44
44 45
45 46
46 47
47 48
48 49
49 50
50 51
51 52
52 53
53 54
54 55
55 56
56 57
57 58
58 59
59 60
60 61
61 62
62 63
63 64
64 65
65 66
66 67
67 68
68 69
69 70
70 71
71 72
72 73
73 74
74 75
75 76
76 77
77 78
78 79
79 80
80 81
81 82
82 83
83 84
84 85
85 86
86 87
87 88
88 89
89 90
90 91
91 92
92 93
93 94
94 95
95 96
96 97
97 98
98 99
99 100
100 101
101 102
102 103
103 104
104 0
20 97
50 102
43 96
63 66
69 99
34 43
25 104
57 60
50 80
81 93
33 41
53 100
12 15
50 52
50 81
76 82
41 102
53 102
84 87
51 61
82 87
70 84
51 53
1 102
34 40
7 13
15 20
59 68
19 104
29 41
23 31
12 102
42 102
81 92
45 95
70 95
71 76
86 91
63 76
2 7
2 19
75 84
6 8
16 19
14 16
33 96
7 9
29 102
12 100
57 100
69 98
30 41
75 82
74 76
20 100
45 94
47 81
54 100
68 76
86 95
62 79
28 31
31 41
47 102
87 91
60 64
60 62
73 75
72 76
44 47
22 31
3 102
37 42
21 96
69 76
9 12
34 38
51 54
69 100
82 91
78 82
21 97
2 104
13 17
5 102
13 16
1 103
20 24
35 42
12 101
68 100
51 57
13 18
7 18
51 60
5 7
28 30
72 84
38 41
43 102
49 102
91 93
96 98
21 31
7 19
59 66
7 12
58 100
8 10
16 18
25 27
50 62
43 95
66 76
23 28
60 63
3 7
88 90
43 47
22 24
26 102
56 100
70 86
50 61
48 81
72 75
21 24
86 89
102 104
32 96
12 14
69 96
70 72
63 78
36 42
70 76
60 66
63 77
6 10
86 88
26 28
78 81
35 38
21 32
64 66
69 95
59 100
62 80
46 93
52 102
25 28
54 57
10 12
5 11
85 87
44 46
43 45
12 20
48 102
84 86
0 2
0 103
49 81
20 104
26 29
91 95
15 19
62 78
55 100
77 82
83 87
57 59
34 41
5 12
46 94
20 25
31 33
93 95
34 96
98 100
75 83
59 67
38 42
24 28
3 5
82 92
38 40
25 102
36 38
46 81
6 11
88 91
63 65
20 98
34 39
73 76
89 91
4 7
34 42
53 101
66 68
78 80
1 3
54 56
0 1
1 2
2 3
3 4
4 5
5 6
6 7
7 8
8 9
9 10
10 11
11 12
12 13
13 14
14 15
15 16
16 17
17 18
18 19
19 20
20 21
21 22
22 23
23 24
24 25
25 26
26 27
27 28
28 29
29 30
30 31
31 32
32 33
33 34
34 35
35 36
36 37
37 38
38 39
39 40
40 41
41 42
42 43
43 44
44 45
45 46
46 47
47 48
48 49
49 50
50 51
51 52
52 53
53 54
54 55
55 56
56 57
57 58
58 59
59 60
60 61
61 62
62 63
63 64
64 65
65 66
66 67
67 68
68 69
69 70
70 71
71 72
72 73
73 74
74 75
75 76
76 77
77 78
78 79
79 80
80 81
81 82
82 83
83 84
84 85
85 86
86 87
87 88
88 89
89 90
90 91
91 92
92 93
93 94
94 95
95 96
96 97
97 98
98 99
99 100
100 101
101 102
102 103
103 104
104 0
57 69
37 76
28 99
1 58
9 21
34 37
5 43
23 35
34 85
8 28
30 96
13 28
22 35
46 53
68 78
90 100
66 83
18 22
37 69
3 44
90 92
8 21
42 69
5 28
0 66
46 57
33 90
90 103
14 27
94 98
83 104
42 57
8 37
2 101
18 23
2 54
5 37
3 28
50 54
43 57
77 81
90 93
87 90
62 69
76 85
5 40
72 74
16 20
17 26
24 32
10 21
1 59
62 66
73 77
92 99
48 51
0 63
46 52
81 84
71 75
35 37
29 96
79 82
79 83
14 26
59 61
24 33
68 71
87 103
1 57
2 99
2 47
8 22
90 96
0 102
27 30
85 89
25 31
66 78
2 56
77 79
70 75
7 28
58 62
47 54
76 84
71 74
5 38
1 60
84 104
27 31
96 99
30 33
24 34
34 36
93 98
2 44
69 75
49 51
66 104
2 57
13 27
94 97
2 100
48 50
17 25
16 26
17 24
4 43
92 98
93 96
13 21
71 77
95 97
66 79
8 35
75 77
15 21
85 103
33 89
48 54
90 101
76 81
53 57
20 22
0 64
26 31
90 102
30 32
4 28
39 41
1 101
91 100
74 77
59 62
10 13
58 69
4 44
68 70
47 52
68 77
61 63
86 103
39 69
0 60
5 39
91 99
62 65
17 19
12 21
52 54
5 42
2 45
0 101
15 26
18 24
6 28
3 99
33 85
27 29
37 39
18 20
8 13
48 52
5 8
80 82
67 69
53 56
16 21
62 67
85 104
45 57
79 81
53 55
45 47
81 83
62 64
34 76
0 61
30 90
28 96
13 15
71 73
37 75
24 35
11 21
40 42
94 96
0 65
25 32
41 69
2 55
11 13
85 88
9 13
97 99
17 20
67 78
44 57
87 89
