0 1
1 2
2 3
3 4
4 5
5 6
6 7
7 8
8 9
9 10
10 11
11 12
12 13
13 14
14 15
15 16
16 17
17 18
18 19
19 20
20 21
21 22
22 23
23 24
24 25
25 26
26 27
27 28
28 29
29 30
30 31
31 32
32 33
33 34
34 35
35 36
36 37
37 38
38 39
39 40
40 41
41 42
42 43
43 44
44 45
45 46
46 47
47 48
48 49
49 50
50 51
51 52
52 53
53 54
54 55
55 56
56 57
57 58
58 59
59 60
60 61
61 62
62 63
63 64
64 65
65 66
66 67
67 68
68 69
69 70
70 71
71 72
72 73
73 74
74 75
75 76
76 77
77 78
78 79
79 80
80 81
81 82
82 83
83 84
84 85
85 86
86 87
87 88
88 89
89 90
90 91
91 92
92 93
93 94
94 95
95 96
96 97
97 98
98 99
99 100
100 101
101 102
102 103
103 104
104 105
105 0
70 86
11 47
90 104
34 67
26 91
64 88
46 57
12 43
3 101
71 88
31 35
3 26
0 11
11 24
69 88
46 67
72 81
14 36
5 10
85 88
60 105
49 51
61 89
48 58
29 36
77 86
74 80
70 87
0 10
20 27
64 89
100 104
18 29
58 105
34 37
23 25
30 35
76 79
32 91
96 100
18 23
44 47
65 88
47 49
72 76
9 25
0 47
71 77
71 84
11 44
32 90
42 44
57 67
2 105
95 101
79 86
69 71
97 100
30 91
0 4
102 105
47 52
67 69
34 45
12 40
56 58
34 36
48 51
91 97
14 24
91 101
73 81
61 63
89 105
49 52
94 96
32 67
57 59
32 88
62 89
75 80
3 25
65 87
76 78
65 67
92 94
47 54
33 67
47 56
22 27
51 58
28 91
3 7
90 98
36 40
80 83
19 27
63 66
92 96
78 86
72 84
47 105
72 74
53 58
20 23
14 18
15 18
11 25
25 27
32 34
37 42
85 87
48 105
92 97
101 104
6 10
12 44
10 25
70 77
92 95
82 84
38 41
17 24
15 24
44 46
34 42
54 58
59 63
31 91
4 7
3 8
72 82
18 20
0 3
19 29
1 105
34 44
8 10
18 24
98 100
69 87
4 6
6 8
32 68
8 25
96 101
38 40
90 105
36 38
52 58
59 66
71 76
4 10
22 25
40 42
2 102
40 43
26 28
67 87
83 86
21 27
34 46
98 104
92 101
16 18
30 36
75 79
57 66
1 3
68 88
90 97
37 41
15 17
3 91
97 99
84 88
46 56
103 105
13 24
13 40
47 55
80 86
63 65
28 30
11 13
31 34
14 40
50 52
39 41
63 89
61 105
88 90
54 56
21 23
74 81
18 36
93 95
60 63
47 53
59 105
27 29
74 76
81 83
101 103
3 102
84 86
0 1
1 2
2 3
3 4
4 5
5 6
6 7
7 8
8 9
9 10
10 11
11 12
12 13
13 14
14 15
15 16
16 17
17 18
18 19
19 20
20 21
21 22
22 23
23 24
24 25
25 26
26 27
27 28
28 29
29 30
30 31
31 32
32 33
33 34
34 35
35 36
36 37
37 38
38 39
39 40
40 41
41 42
42 43
43 44
44 45
45 46
46 47
47 48
48 49
49 50
50 51
51 52
52 53
53 54
54 55
55 56
56 57
57 58
58 59
59 60
60 61
61 62
62 63
63 64
64 65
65 66
66 67
67 68
68 69
69 70
70 71
71 72
72 73
73 74
74 75
75 76
76 77
77 78
78 79
79 80
80 81
81 82
82 83
83 84
84 85
85 86
86 87
87 88
88 89
89 90
90 91
91 92
92 93
93 94
94 95
95 96
96 97
97 98
98 99
99 100
100 101
101 102
102 103
103 104
104 105
105 0
25 73
21 31
48 86
63 83
10 19
74 105
30 55
1 21
86 95
44 50
62 65
42 101
74 78
33 35
73 80
70 83
17 36
7 19
54 57
17 19
55 61
42 54
30 41
48 89
7 36
86 91
65 70
1 19
11 36
26 67
41 105
12 18
20 33
20 32
94 97
52 54
79 104
89 91
50 57
3 6
36 41
84 99
21 28
44 90
77 105
58 86
25 71
73 79
10 36
93 99
79 82
75 77
12 19
84 104
85 98
42 105
73 105
62 84
8 19
42 99
47 89
5 40
59 61
96 98
24 28
58 84
59 62
31 41
21 30
61 67
43 52
71 82
2 5
1 41
24 105
56 59
93 98
42 91
65 68
7 9
26 68
91 93
100 102
1 24
49 58
12 14
13 36
44 48
32 35
27 30
21 24
84 98
37 40
99 104
3 19
25 70
56 61
32 41
51 57
5 37
99 101
13 16
22 28
30 67
13 15
70 82
5 41
2 19
86 88
5 38
5 7
62 67
100 103
83 104
1 20
41 54
86 89
0 24
56 60
43 50
85 95
42 102
0 41
62 64
24 26
12 17
86 94
46 90
50 58
24 73
65 83
48 88
93 97
23 28
99 103
59 84
20 31
78 105
91 94
80 82
68 70
66 68
45 90
12 15
42 93
19 36
64 83
30 54
2 41
102 104
19 33
19 35
27 67
11 19
37 39
35 41
82 104
87 89
51 54
3 5
71 81
49 86
25 68
75 105
12 16
7 37
44 91
95 97
51 53
72 80
43 54
42 92
79 105
48 50
71 80
13 17
58 85
2 4
22 24
43 51
74 77
63 84
62 66
21 29
65 69
76 105
42 104
73 78
24 27
47 90
7 10
45 48
25 72
46 48
55 57
19 34
6 19
12 36
95 98
43 91
30 61
5 39
9 19
