0 1
1 2
2 3
3 4
4 5
5 6
6 7
7 8
8 9
9 10
10 11
11 12
12 13
13 14
14 15
15 16
16 17
17 18
18 19
19 20
20 21
21 22
22 23
23 24
24 25
25 26
26 27
27 28
28 29
29 30
30 31
31 32
32 33
33 34
34 35
35 36
36 37
37 38
38 39
39 40
40 41
41 42
42 43
43 44
44 45
45 46
46 47
47 48
48 49
49 50
50 51
51 52
52 53
53 54
54 55
55 56
56 57
57 58
58 59
59 60
60 61
61 62
62 63
63 64
64 65
65 66
66 67
67 68
68 69
69 70
70 71
71 72
72 73
73 74
74 75
75 76
76 77
77 78
78 79
79 80
80 81
81 82
82 83
83 84
84 85
85 86
86 87
87 88
88 89
89 90
90 91
91 92
92 93
93 94
94 95
95 96
96 97
97 98
98 99
99 100
100 101
101 102
102 103
103 104
104 105
105 0
72 98
22 91
40 51
27 103
62 77
2 91
37 72
55 89
17 20
34 103
61 82
37 47
99 103
84 97
5 21
100 103
88 92
37 61
24 29
7 23
93 95
24 30
66 74
23 27
37 56
37 48
9 13
34 55
73 78
37 71
67 72
88 94
0 102
0 23
82 89
5 9
42 51
31 55
45 49
39 46
29 103
1 91
62 64
33 55
34 98
36 53
61 89
42 50
78 82
64 69
73 81
98 102
81 83
3 5
62 71
2 4
9 21
31 34
64 76
7 14
0 98
37 59
49 52
15 21
39 45
63 77
2 7
55 90
11 15
15 20
37 53
89 92
38 53
37 46
52 55
27 105
25 29
24 31
91 96
26 29
15 22
35 55
74 77
55 61
57 61
73 83
9 19
15 19
3 22
55 57
25 27
62 69
78 80
68 70
79 81
38 40
88 95
56 59
74 76
22 31
47 49
73 84
88 93
6 8
31 91
73 98
14 23
93 96
35 54
85 88
95 97
48 55
29 34
67 70
70 72
72 74
37 55
34 37
91 93
57 60
23 25
96 98
2 5
14 22
84 86
46 49
16 20
41 43
85 89
66 76
19 21
11 13
45 50
62 82
0 104
2 22
40 45
17 19
9 11
1 98
1 23
99 101
65 69
7 13
101 103
32 34
37 62
75 77
38 46
56 58
35 53
37 60
84 88
58 60
6 9
48 52
40 44
77 82
65 67
82 84
30 34
40 43
73 80
44 50
99 102
9 15
37 98
98 103
40 52
84 98
82 85
62 70
16 19
3 21
63 76
73 77
31 90
67 74
90 92
91 98
43 50
40 42
27 104
2 6
102 104
84 95
53 55
18 20
9 12
28 103
64 66
38 52
67 69
26 28
85 87
31 33
8 13
78 81
1 7
23 105
13 15
10 15
35 37
84 87
23 31
49 51
0 1
1 2
2 3
3 4
4 5
5 6
6 7
7 8
8 9
9 10
10 11
11 12
12 13
13 14
14 15
15 16
16 17
17 18
18 19
19 20
20 21
21 22
22 23
23 24
24 25
25 26
26 27
27 28
28 29
29 30
30 31
31 32
32 33
33 34
34 35
35 36
36 37
37 38
38 39
39 40
40 41
41 42
42 43
43 44
44 45
45 46
46 47
47 48
48 49
49 50
50 51
51 52
52 53
53 54
54 55
55 56
56 57
57 58
58 59
59 60
60 61
61 62
62 63
63 64
64 65
65 66
66 67
67 68
68 69
69 70
70 71
71 72
72 73
73 74
74 75
75 76
76 77
77 78
78 79
79 80
80 81
81 82
82 83
83 84
84 85
85 86
86 87
87 88
88 89
89 90
90 91
91 92
92 93
93 94
94 95
95 96
96 97
97 98
98 99
99 100
100 101
101 102
102 103
103 104
104 105
105 0
82 97
71 80
0 44
71 73
2 8
17 73
41 67
17 100
78 93
60 100
18 41
63 98
86 95
21 28
17 95
34 43
60 65
30 43
41 49
20 43
86 91
23 29
50 58
0 18
57 102
54 57
48 102
41 48
3 16
49 59
28 40
17 102
71 98
11 103
17 68
49 67
44 102
42 44
7 16
60 99
41 45
1 103
4 6
80 85
13 103
52 57
75 93
96 100
73 94
10 13
60 98
71 97
36 40
51 53
15 103
6 16
31 38
51 56
2 17
72 79
65 70
35 43
52 102
78 92
80 83
78 86
85 95
19 28
79 86
17 70
17 67
97 100
7 9
34 38
2 9
58 101
7 10
51 54
21 43
31 43
17 71
29 40
70 98
22 43
36 43
89 91
35 38
81 97
24 28
59 66
71 81
83 85
41 44
0 103
17 94
62 65
49 66
90 94
10 14
59 100
16 103
14 103
31 39
50 57
60 66
0 43
45 48
87 91
24 26
90 93
17 101
72 78
41 47
63 70
85 97
9 103
63 65
21 24
45 102
18 28
0 19
57 101
3 8
86 89
72 80
36 41
1 9
4 7
21 26
79 85
29 43
29 39
59 101
50 102
4 16
29 31
90 95
0 20
65 68
10 103
51 102
33 38
4 8
18 40
0 2
87 89
44 104
36 39
53 57
74 94
41 46
21 25
14 16
61 98
75 78
20 28
49 58
3 17
23 43
17 41
86 90
44 103
45 47
37 39
83 97
97 99
88 91
10 12
95 100
32 43
16 102
72 76
76 78
54 56
78 91
12 103
80 82
2 18
103 105
21 23
21 27
33 43
85 96
80 84
48 50
5 16
36 42
73 75
61 63
32 38
36 38
23 28
61 65
74 93
51 57
10 16
73 76
66 68
51 55
24 27
44 105
17 69
64 70
72 77
