0 1
1 2
2 3
3 4
4 5
5 6
6 7
7 8
8 9
9 10
10 11
11 12
12 13
13 14
14 15
15 16
16 17
17 18
18 19
19 20
20 21
21 22
22 23
23 24
24 25
25 26
26 27
27 28
28 29
29 30
30 31
31 32
32 33
33 34
34 35
35 36
36 37
37 38
38 39
39 40
40 41
41 42
42 43
43 44
44 45
45 46
46 47
47 48
48 49
49 50
50 51
51 52
52 53
53 54
54 55
55 56
56 57
57 58
58 59
59 60
60 61
61 62
62 63
63 64
64 65
65 66
66 67
67 68
68 69
69 70
70 71
71 72
72 73
73 74
74 75
75 76
76 77
77 78
78 79
79 80
80 81
81 82
82 83
83 84
84 85
85 86
86 87
87 88
88 89
89 90
90 91
91 92
92 93
93 94
94 95
95 96
96 97
97 98
98 99
99 100
100 101
101 102
102 103
103 104
104 105
105 106
106 0
68 103
98 105
15 98
28 53
8 27
52 71
33 76
62 105
28 94
8 54
20 94
54 106
11 19
35 39
88 102
31 77
35 75
60 64
26 94
80 85
12 105
49 52
79 93
23 26
65 67
72 83
98 104
71 74
94 100
28 39
75 80
90 93
23 94
13 18
52 70
40 51
44 53
5 12
19 98
32 77
13 105
88 91
60 65
56 106
19 21
29 38
57 68
88 92
44 50
71 102
0 4
10 25
98 101
66 104
19 25
53 69
35 38
4 54
37 39
84 102
20 95
22 25
30 32
57 105
60 63
4 105
57 60
73 83
44 49
102 104
53 68
76 79
65 105
85 89
3 106
97 99
29 32
5 10
44 48
11 13
40 44
31 79
29 33
9 25
30 93
77 79
62 64
92 94
39 51
7 9
74 82
56 105
48 52
55 57
10 19
51 75
54 56
59 65
59 68
47 52
28 41
60 62
85 88
91 93
85 93
29 35
9 27
13 17
86 88
35 76
72 74
99 101
68 102
1 3
24 26
10 12
52 75
86 89
92 102
19 95
8 53
61 63
85 90
101 104
81 83
65 68
28 38
40 43
80 82
80 84
16 18
4 12
0 3
28 30
14 17
94 96
6 10
69 71
57 62
88 90
40 42
55 68
28 44
64 105
35 37
74 80
97 100
14 105
44 51
14 98
20 22
44 47
28 43
20 23
8 28
73 82
23 25
4 6
4 106
84 88
2 4
45 53
3 105
76 80
15 18
19 22
52 69
7 54
46 53
39 75
19 97
26 28
18 98
53 55
36 39
87 89
52 74
94 97
95 97
30 79
72 84
29 34
1 4
80 93
67 104
58 68
28 40
68 71
57 59
33 35
15 17
33 77
28 93
68 104
76 78
11 18
50 52
66 105
9 26
71 84
45 47
94 101
47 53
6 9
41 43
80 83
4 7
92 101
0 1
1 2
2 3
3 4
4 5
5 6
6 7
7 8
8 9
9 10
10 11
11 12
12 13
13 14
14 15
15 16
16 17
17 18
18 19
19 20
20 21
21 22
22 23
23 24
24 25
25 26
26 27
27 28
28 29
29 30
30 31
31 32
32 33
33 34
34 35
35 36
36 37
37 38
38 39
39 40
40 41
41 42
42 43
43 44
44 45
45 46
46 47
47 48
48 49
49 50
50 51
51 52
52 53
53 54
54 55
55 56
56 57
57 58
58 59
59 60
60 61
61 62
62 63
63 64
64 65
65 66
66 67
67 68
68 69
69 70
70 71
71 72
72 73
73 74
74 75
75 76
76 77
77 78
78 79
79 80
80 81
81 82
82 83
83 84
84 85
85 86
86 87
87 88
88 89
89 90
90 91
91 92
92 93
93 94
94 95
95 96
96 97
97 98
98 99
99 100
100 101
101 102
102 103
103 104
104 105
105 106
106 0
17 70
0 89
53 106
81 105
2 31
36 52
6 15
32 62
40 58
41 54
76 105
26 70
12 26
84 97
12 15
70 81
36 45
95 102
90 103
5 11
65 73
78 80
27 31
82 89
36 38
91 96
96 102
84 96
41 45
70 75
29 67
31 63
21 26
18 21
2 106
38 62
81 99
48 54
4 82
30 65
36 48
56 74
61 65
84 99
13 20
5 31
41 57
74 76
32 35
28 69
33 52
102 105
3 82
17 22
18 20
52 106
31 52
57 65
5 8
5 82
41 56
48 53
65 71
41 46
41 47
12 31
76 106
36 42
5 15
51 53
9 15
57 73
8 11
93 95
103 105
14 20
7 15
13 15
77 80
2 52
85 96
37 62
11 31
84 86
48 50
33 36
40 60
41 58
36 47
16 81
39 61
22 24
68 70
43 45
72 75
90 95
39 42
29 65
32 36
13 21
27 70
29 68
79 105
63 65
58 61
86 91
55 76
71 75
90 94
86 90
36 49
5 16
83 99
29 31
1 82
90 92
38 42
21 24
17 23
42 45
75 77
82 87
16 19
5 7
9 12
27 29
70 80
82 84
1 89
101 105
92 95
36 50
28 70
12 27
9 11
8 15
0 2
39 60
100 102
71 73
29 66
38 61
36 44
2 5
3 5
56 73
32 52
36 43
98 100
95 103
24 70
0 104
5 81
50 53
34 36
90 104
92 96
40 59
17 19
17 24
98 102
25 70
28 68
53 76
58 60
100 105
66 70
78 105
79 81
30 63
82 86
14 16
87 90
85 91
61 64
73 75
39 41
36 62
97 102
16 20
77 105
66 71
57 61
104 106
47 54
82 99
81 100
17 21
66 68
0 90
70 77
12 21
32 34
32 63
84 98
55 74
17 81
54 76
2 82
41 55
8 10
36 46
36 51
82 88
21 25
