0 1
1 2
2 3
3 4
4 5
5 6
6 7
7 8
8 9
9 10
10 11
11 12
12 13
13 14
14 15
15 16
16 17
17 18
18 19
19 20
20 21
21 22
22 23
23 24
24 25
25 26
26 27
27 28
28 29
29 30
30 31
31 32
32 33
33 34
34 35
35 36
36 37
37 38
38 39
39 40
40 41
41 42
42 43
43 44
44 45
45 46
46 47
47 48
48 49
49 50
50 51
51 52
52 53
53 54
54 55
55 56
56 57
57 58
58 59
59 60
60 61
61 62
62 63
63 64
64 65
65 66
66 67
67 68
68 69
69 70
70 71
71 72
72 73
73 74
74 75
75 76
76 77
77 78
78 79
79 80
80 81
81 82
82 83
83 84
84 85
85 86
86 87
87 88
88 89
89 90
90 91
91 92
92 93
93 94
94 95
95 96
96 97
97 98
98 99
99 100
100 101
101 102
102 103
103 104
104 105
105 106
106 107
107 0
16 94
74 93
1 64
57 94
6 100
22 51
25 29
77 81
9 34
88 101
9 28
82 107
23 39
42 61
1 73
13 28
17 20
6 97
42 51
44 51
96 98
60 94
100 105
73 107
6 94
71 74
45 51
1 38
62 94
23 41
23 33
39 42
50 57
7 11
78 85
82 86
13 15
93 98
13 23
0 2
52 94
85 90
1 70
43 57
75 77
76 85
3 37
90 93
82 88
18 21
102 106
68 93
88 107
65 70
46 50
44 57
89 101
23 34
15 21
3 5
31 34
76 93
65 68
1 37
76 90
14 22
6 34
15 17
42 64
85 87
61 94
3 36
6 98
16 21
45 57
23 51
94 97
24 27
47 50
35 38
83 86
95 98
9 29
12 28
46 57
67 70
100 103
12 94
48 50
99 101
25 28
39 64
63 94
79 84
101 106
42 63
2 106
23 40
66 68
5 100
51 53
89 93
50 55
53 55
85 88
48 57
74 77
50 53
5 34
36 38
26 28
64 94
93 99
29 32
78 80
52 57
79 83
101 107
81 107
4 106
7 94
59 61
50 56
4 105
43 51
73 81
42 57
80 83
2 37
69 74
6 9
53 57
86 88
22 94
29 34
15 22
39 41
10 12
38 64
54 57
58 61
70 73
16 22
89 91
12 16
57 60
76 78
100 102
51 94
8 10
72 74
0 106
103 106
93 95
0 73
34 39
45 50
41 51
3 35
68 70
3 34
95 97
57 61
1 65
47 49
61 63
78 81
71 73
12 15
7 9
98 100
16 18
64 68
91 93
74 81
70 74
8 11
24 32
103 105
29 31
89 92
24 26
13 22
89 99
34 38
2 4
17 21
17 19
30 32
9 12
75 93
58 60
83 85
46 48
85 89
11 94
79 85
23 28
19 21
54 56
23 27
64 93
32 34
24 29
24 33
81 83
69 93
4 100
65 67
100 104
0 1
1 2
2 3
3 4
4 5
5 6
6 7
7 8
8 9
9 10
10 11
11 12
12 13
13 14
14 15
15 16
16 17
17 18
18 19
19 20
20 21
21 22
22 23
23 24
24 25
25 26
26 27
27 28
28 29
29 30
30 31
31 32
32 33
33 34
34 35
35 36
36 37
37 38
38 39
39 40
40 41
41 42
42 43
43 44
44 45
45 46
46 47
47 48
48 49
49 50
50 51
51 52
52 53
53 54
54 55
55 56
56 57
57 58
58 59
59 60
60 61
61 62
62 63
63 64
64 65
65 66
66 67
67 68
68 69
69 70
70 71
71 72
72 73
73 74
74 75
75 76
76 77
77 78
78 79
79 80
80 81
81 82
82 83
83 84
84 85
85 86
86 87
87 88
88 89
89 90
90 91
91 92
92 93
93 94
94 95
95 96
96 97
97 98
98 99
99 100
100 101
101 102
102 103
103 104
104 105
105 106
106 107
107 0
10 76
63 69
54 73
67 103
7 78
23 47
71 93
30 73
21 48
12 67
49 66
78 95
69 96
7 76
96 100
95 105
9 106
38 51
98 103
83 94
32 53
31 40
3 105
56 61
16 28
40 44
62 72
77 83
31 42
96 99
12 48
1 7
11 14
96 103
9 107
35 51
84 94
73 84
33 39
30 43
18 23
53 56
67 105
92 94
32 40
13 20
23 48
15 19
38 48
14 20
66 69
15 29
10 15
69 102
3 78
38 47
44 47
53 63
26 43
40 45
87 89
9 11
80 82
1 106
38 49
33 37
53 58
33 40
15 20
8 76
55 61
69 71
16 25
63 71
72 93
72 92
54 72
76 84
50 52
75 84
41 43
86 91
98 101
97 103
58 63
25 43
33 36
72 86
31 41
90 92
6 78
38 50
55 62
32 54
34 53
4 7
16 27
73 76
16 24
11 106
87 94
48 66
77 82
31 73
70 96
97 99
4 6
67 102
69 101
28 30
0 7
59 63
87 91
11 105
52 64
81 94
88 90
7 77
21 23
15 76
77 79
50 66
18 22
62 71
70 94
54 62
35 52
60 63
1 107
7 107
3 7
77 84
72 84
15 28
98 102
40 46
25 47
12 66
96 105
82 94
15 73
3 6
56 59
50 65
29 73
56 60
36 51
52 63
11 15
43 47
8 107
27 43
73 75
17 24
18 24
1 3
60 62
13 21
52 65
33 35
81 95
44 46
3 106
31 43
18 20
13 48
40 43
20 22
63 66
84 87
24 47
79 82
32 73
79 81
34 52
67 104
87 90
12 105
38 46
11 13
88 92
3 95
69 100
88 94
79 95
70 93
39 46
16 19
96 104
33 38
72 85
37 51
70 95
74 76
67 69
56 58
9 76
64 66
16 26
86 92
33 53
5 7
27 30
84 86
57 59
68 102
2 7
