0 1
1 2
2 3
3 4
4 5
5 6
6 7
7 8
8 9
9 10
10 11
11 12
12 13
13 14
14 15
15 16
16 17
17 18
18 19
19 20
20 21
21 22
22 23
23 24
24 25
25 26
26 27
27 28
28 29
29 30
30 31
31 32
32 33
33 34
34 35
35 36
36 37
37 38
38 39
39 40
40 41
41 42
42 43
43 44
44 45
45 46
46 47
47 48
48 49
49 50
50 51
51 52
52 53
53 54
54 55
55 56
56 57
57 58
58 59
59 60
60 61
61 62
62 63
63 64
64 65
65 66
66 67
67 68
68 69
69 70
70 71
71 72
72 73
73 74
74 75
75 76
76 77
77 78
78 79
79 80
80 81
81 82
82 83
83 84
84 85
85 86
86 87
87 88
88 89
89 90
90 91
91 92
92 93
93 94
94 95
95 96
96 97
97 98
98 99
99 100
100 101
101 102
102 103
103 104
104 105
105 106
106 107
107 108
108 0
42 84
80 97
42 90
53 65
18 56
39 98
72 98
14 18
28 51
49 81
6 100
12 106
26 100
10 16
47 49
67 76
12 105
103 105
4 100
34 42
68 76
23 56
9 107
14 60
4 104
69 74
23 28
12 71
28 37
37 41
14 62
29 48
80 94
88 91
69 72
28 38
81 94
31 35
19 22
77 98
81 91
12 68
63 66
12 103
52 66
55 59
93 97
66 78
36 41
60 64
44 48
45 83
15 18
72 103
52 54
72 100
11 107
29 34
21 100
50 81
100 104
19 21
11 16
62 67
1 106
51 55
102 104
61 63
91 98
27 38
12 62
0 3
48 51
31 36
81 88
7 108
0 107
77 80
56 60
61 64
40 91
16 18
57 59
69 71
72 77
10 21
8 107
84 88
86 90
83 88
5 100
12 67
16 19
29 36
38 41
0 5
29 44
38 40
12 72
16 21
79 81
54 64
67 77
92 97
49 83
74 77
23 27
77 97
51 54
14 61
34 43
11 14
29 32
53 66
45 49
18 60
32 34
62 66
20 22
1 105
3 104
42 44
81 92
25 100
81 83
26 98
87 89
23 55
66 79
42 86
27 98
72 99
21 24
67 78
34 36
68 75
31 33
44 46
69 75
29 37
36 42
8 108
3 5
94 96
28 55
15 17
44 83
80 95
72 101
81 93
66 81
91 97
53 64
28 48
11 15
50 52
46 49
12 14
49 82
21 23
58 60
6 8
77 79
56 59
68 70
88 90
27 39
19 23
68 71
95 97
86 88
25 27
1 107
23 25
54 59
34 44
18 23
72 74
24 100
13 62
30 32
40 90
8 100
50 66
0 2
49 51
74 76
9 21
57 60
26 99
0 6
30 36
41 90
9 100
10 107
73 77
63 65
0 7
31 34
54 60
85 88
84 86
94 97
40 98
12 107
2 105
44 47
72 102
2 104
87 90
101 104
44 84

0 1
1 2
2 3
3 4
4 5
5 6
6 7
7 8
8 9
9 10
10 11
11 12
12 13
13 14
14 15
15 16
16 17
17 18
18 19
19 20
20 21
21 22
22 23
23 24
24 25
25 26
26 27
27 28
28 29
29 30
30 31
31 32
32 33
33 34
34 35
35 36
36 37
37 38
38 39
39 40
40 41
41 42
42 43
43 44
44 45
45 46
46 47
47 48
48 49
49 50
50 51
51 52
52 53
53 54
54 55
55 56
56 57
57 58
58 59
59 60
60 61
61 62
62 63
63 64
64 65
65 66
66 67
67 68
68 69
69 70
70 71
71 72
72 73
73 74
74 75
75 76
76 77
77 78
78 79
79 80
80 81
81 82
82 83
83 84
84 85
85 86
86 87
87 88
88 89
89 90
90 91
91 92
92 93
93 94
94 95
95 96
96 97
97 98
98 99
99 100
100 101
101 102
102 103
103 104
104 105
105 106
106 107
107 108
108 0
36 39
5 13
90 95
7 42
3 88
24 77
34 53
7 46
4 47
32 76
76 101
81 95
0 54
27 35
15 26
38 48
17 25
17 82
88 96
34 76
49 52
47 52
55 71
60 102
85 89
19 77
82 85
67 70
97 102
102 108
30 35
57 102
5 85
59 66
61 65
65 101
39 45
60 101
88 95
3 97
14 39
70 72
29 76
12 41
11 42
28 77
39 44
42 45
13 85
34 51
58 70
83 89
73 101
10 13
1 3
4 7
67 101
96 100
3 105
13 40
81 90
10 12
100 102
36 49
59 65
84 89
7 13
15 36
3 54
78 100
82 89
18 79
62 64
36 48
95 100
47 54
7 10
21 77
89 94
19 25
102 106
30 33
55 70
59 62
102 105
37 39
15 85
106 108
13 39
93 95
53 75
24 26
19 79
27 29
68 73
82 84
92 95
61 101
97 104
98 102
29 31
55 74
54 56
27 36
15 27
51 53
0 57
20 25
0 105
89 92
17 79
54 57
8 42
36 38
22 25
78 95
53 76
12 40
12 42
40 42
56 70
68 72
97 100
92 94
19 78
34 49
60 62
53 74
5 88
98 100
105 107
78 81
6 13
59 64
65 67
16 25
78 80
10 42
35 49
2 54
15 82
38 47
53 55
56 58
86 89
17 19
62 65
71 73
1 54
43 45
59 67
24 27
4 54
33 35
33 76
40 43
77 101
16 82
74 101
97 103
91 95
9 42
5 7
59 70
97 99
28 76
7 9
67 69
15 39
39 43
22 24
79 82
77 100
39 47
67 73
88 94
88 97
7 45
80 82
97 105
14 85
57 108
105 108
58 102
27 30
4 88
59 102
39 46
89 91
24 28
34 50
81 89
20 77
22 77
75 101
15 25
21 25
47 53
4 46
5 86
55 73
31 76
59 63
5 87
48 52
23 77
