0 1
1 2
2 3
3 4
4 5
5 6
6 7
7 8
8 9
9 10
10 11
11 12
12 13
13 14
14 15
15 16
16 17
17 18
18 19
19 20
20 21
21 22
22 23
23 24
24 25
25 26
26 27
27 28
28 29
29 30
30 31
31 32
32 33
33 34
34 35
35 36
36 37
37 38
38 39
39 40
40 41
41 42
42 43
43 44
44 45
45 46
46 47
47 48
48 49
49 50
50 51
51 52
52 53
53 54
54 55
55 56
56 57
57 58
58 59
59 60
60 61
61 62
62 63
63 64
64 65
65 66
66 67
67 68
68 69
69 70
70 71
71 72
72 73
73 74
74 75
75 76
76 77
77 78
78 79
79 80
80 81
81 82
82 83
83 84
84 85
85 86
86 87
87 88
88 89
89 90
90 91
91 92
92 93
93 94
94 95
95 96
96 97
97 98
98 99
99 100
100 101
101 102
102 103
103 104
104 105
105 106
106 107
107 108
108 0
79 101
9 92
27 39
3 103
0 53
14 52
35 92
38 49
3 6
37 89
11 27
98 103
15 51
31 38
84 101
74 104
24 48
83 86
77 86
65 74
20 50
55 65
91 101
17 27
0 72
29 92
37 64
27 29
37 92
6 8
38 48
37 55
62 65
76 103
1 5
65 69
19 26
30 32
0 13
74 88
93 95
69 73
1 12
29 32
37 54
7 10
0 67
1 10
30 38
33 35
62 64
29 39
1 103
56 60
79 83
104 106
39 48
104 108
42 48
50 52
3 94
35 37
77 80
72 106
85 90
72 74
67 70
53 67
65 89
25 43
27 92
74 89
74 87
19 21
91 97
16 20
24 43
65 68
86 88
21 25
0 14
4 6
39 43
10 12
11 16
78 103
12 14
10 92
37 49
21 50
32 36
64 89
6 92
90 101
74 77
68 70
21 26
26 43
75 103
18 20
90 92
3 98
32 34
61 65
43 48
56 58
93 97
39 42
86 89
14 53
17 20
65 67
69 71
40 43
21 23
37 90
2 5
91 93
60 65
60 63
59 64
43 45
101 103
17 26
45 48
79 82
20 51
53 65
27 43
3 92
98 102
8 92
39 41
43 47
21 24
24 50
67 71
86 90
50 53
0 106
55 58
42 45
8 10
81 83
23 25
74 106
0 103
12 15
53 55
32 37
85 101
77 103
56 59
78 80
11 92
92 94
94 98
77 87
55 60
49 53
91 100
3 5
55 57
55 59
29 38
37 59
53 66
44 46
40 42
71 73
94 96
94 97
103 108
17 19
24 49
1 6
74 105
33 92
37 53
80 82
16 51
75 77
60 64
98 101
12 16
79 103
104 107
83 101
77 83
14 51
60 62
74 103
45 47
91 99
91 98
83 85
1 13
67 72
1 7
2 103
28 92
22 25
34 36
32 38
65 73
98 100
16 27
44 47
0 107
80 83
29 33
93 96
0 1
1 2
2 3
3 4
4 5
5 6
6 7
7 8
8 9
9 10
10 11
11 12
12 13
13 14
14 15
15 16
16 17
17 18
18 19
19 20
20 21
21 22
22 23
23 24
24 25
25 26
26 27
27 28
28 29
29 30
30 31
31 32
32 33
33 34
34 35
35 36
36 37
37 38
38 39
39 40
40 41
41 42
42 43
43 44
44 45
45 46
46 47
47 48
48 49
49 50
50 51
51 52
52 53
53 54
54 55
55 56
56 57
57 58
58 59
59 60
60 61
61 62
62 63
63 64
64 65
65 66
66 67
67 68
68 69
69 70
70 71
71 72
72 73
73 74
74 75
75 76
76 77
77 78
78 79
79 80
80 81
81 82
82 83
83 84
84 85
85 86
86 87
87 88
88 89
89 90
90 91
91 92
92 93
93 94
94 95
95 96
96 97
97 98
98 99
99 100
100 101
101 102
102 103
103 104
104 105
105 106
106 107
107 108
108 0
10 98
32 69
19 34
16 69
19 78
17 78
31 70
10 84
5 101
54 66
44 57
86 98
84 106
84 102
72 88
47 50
39 64
13 79
36 44
8 99
72 78
18 47
46 49
70 89
46 53
11 81
15 95
95 98
24 74
46 57
31 72
72 86
44 62
1 9
11 14
92 98
0 101
70 93
57 59
22 77
72 84
16 70
20 25
7 101
42 44
52 67
36 47
59 66
79 84
58 66
27 72
22 24
11 80
30 34
54 58
88 91
33 37
8 98
16 68
105 108
20 26
46 55
96 98
34 37
66 69
51 53
21 77
31 34
23 75
39 44
1 107
5 7
42 64
1 108
78 84
38 65
20 27
87 98
48 50
17 51
38 64
3 8
52 54
4 101
23 77
15 79
76 78
8 100
54 57
80 84
11 95
28 72
3 101
70 91
11 13
9 98
66 68
23 76
16 52
3 7
87 92
32 65
21 78
46 51
84 99
33 38
18 34
36 46
41 64
85 99
46 54
40 64
24 73
99 102
72 76
9 107
41 43
13 80
1 3
1 101
16 79
41 44
71 88
72 85
32 66
46 50
16 94
18 51
32 70
27 34
82 84
70 90
88 90
17 79
92 96
95 97
23 74
38 44
106 108
27 30
13 15
17 52
100 102
73 76
84 104
10 107
7 100
18 35
61 66
84 107
84 103
36 38
81 84
47 49
44 61
44 64
59 61
18 78
15 94
101 104
36 45
11 83
2 8
52 68
70 94
11 15
64 66
101 105
47 51
31 71
11 98
4 7
31 33
54 67
40 44
88 92
18 36
25 73
44 59
27 73
71 89
26 73
30 72
20 24
20 34
11 84
54 56
6 101
92 95
28 30
29 72
20 22
11 82
12 80
46 56
101 108
63 66
74 76
70 92
1 8
84 105
86 99
44 60
102 104
33 65
61 63
20 78
72 87
44 63
45 57
