0 1
1 2
2 3
3 4
4 5
5 6
6 7
7 8
8 9
9 10
10 11
11 12
12 13
13 14
14 15
15 16
16 17
17 18
18 19
19 20
20 21
21 22
22 23
23 24
24 25
25 26
26 27
27 28
28 29
29 30
30 31
31 32
32 33
33 34
34 35
35 36
36 37
37 38
38 39
39 40
40 41
41 42
42 43
43 44
44 45
45 46
46 47
47 48
48 49
49 50
50 51
51 52
52 53
53 54
54 55
55 56
56 57
57 58
58 59
59 60
60 61
61 62
62 63
63 64
64 65
65 66
66 67
67 68
68 69
69 70
70 71
71 72
72 73
73 74
74 75
75 76
76 77
77 78
78 79
79 80
80 81
81 82
82 83
83 84
84 85
85 86
86 87
87 88
88 89
89 90
90 91
91 92
92 93
93 94
94 95
95 96
96 97
97 98
98 99
99 100
100 101
101 102
102 103
103 104
104 105
105 106
106 107
107 108
108 0
32 103
45 82
49 97
13 106
7 85
45 58
62 76
78 90
3 104
39 44
91 102
61 69
83 87
17 30
74 97
49 61
19 40
4 10
7 40
38 103
19 22
87 104
83 85
14 18
4 85
21 35
23 25
49 74
16 106
66 69
27 29
91 93
33 36
45 102
17 32
1 4
97 100
90 94
64 76
4 106
41 83
13 19
92 96
25 34
52 60
16 18
14 106
91 97
49 99
50 61
70 73
61 65
80 90
41 84
14 19
50 60
45 49
8 11
2 104
29 32
92 95
61 82
91 100
1 108
4 87
46 48
7 41
90 102
10 106
48 99
45 61
66 76
36 40
19 29
63 65
77 90
64 66
75 77
15 106
26 28
42 44
83 90
67 71
4 7
12 106
91 94
1 107
7 10
48 100
77 80
94 96
73 75
49 53
70 74
8 12
21 25
26 29
54 56
104 106
21 36
37 39
87 102
66 72
66 71
22 25
45 60
98 100
2 4
1 104
75 97
48 102
55 58
4 104
68 71
43 45
39 102
77 79
8 40
15 18
8 10
82 90
83 86
56 60
38 102
8 13
28 32
43 83
17 106
36 39
20 36
61 74
5 10
87 89
18 29
45 48
61 66
55 57
70 72
62 64
29 31
19 24
17 103
76 80
36 103
42 83
39 45
88 102
18 30
49 54
17 104
47 102
45 83
46 102
4 108
26 32
97 99
50 52
32 34
40 44
4 107
45 55
90 97
36 38
77 97
4 6
90 96
52 54
24 29
69 74
33 35
13 40
62 81
24 26
57 60
93 95
69 71
58 60
79 90
91 96
7 9
10 12
104 107
52 56
89 102
62 82
4 86
72 75
80 82
45 59
49 55
83 89
19 23
0 4
48 101
62 80
100 102
66 75
105 107
19 21
5 7
51 53
26 34
33 103
21 34
17 31
66 68
87 103
41 85
20 40
41 44
62 65
49 51
0 1
1 2
2 3
3 4
4 5
5 6
6 7
7 8
8 9
9 10
10 11
11 12
12 13
13 14
14 15
15 16
16 17
17 18
18 19
19 20
20 21
21 22
22 23
23 24
24 25
25 26
26 27
27 28
28 29
29 30
30 31
31 32
32 33
33 34
34 35
35 36
36 37
37 38
38 39
39 40
40 41
41 42
42 43
43 44
44 45
45 46
46 47
47 48
48 49
49 50
50 51
51 52
52 53
53 54
54 55
55 56
56 57
57 58
58 59
59 60
60 61
61 62
62 63
63 64
64 65
65 66
66 67
67 68
68 69
69 70
70 71
71 72
72 73
73 74
74 75
75 76
76 77
77 78
78 79
79 80
80 81
81 82
82 83
83 84
84 85
85 86
86 87
87 88
88 89
89 90
90 91
91 92
92 93
93 94
94 95
95 96
96 97
97 98
98 99
99 100
100 101
101 102
102 103
103 104
104 105
105 106
106 107
107 108
108 0
5 26
44 107
34 107
85 99
61 67
12 84
75 88
33 52
12 61
51 55
26 57
40 47
57 101
59 90
73 80
67 70
6 12
44 55
36 49
10 25
85 90
59 94
80 86
37 48
34 41
72 83
39 47
104 108
15 20
57 100
2 6
5 31
14 17
53 55
26 56
82 86
10 26
33 55
78 86
60 89
6 84
6 9
17 58
29 33
14 60
102 108
0 84
14 22
94 98
95 100
29 56
103 107
31 33
14 21
6 10
61 63
60 90
12 65
21 58
65 72
31 34
5 9
61 88
85 89
14 58
2 107
65 71
84 101
47 49
74 78
71 88
14 25
15 21
85 94
101 103
13 61
37 49
22 26
99 101
62 66
71 75
2 108
35 37
17 21
76 86
60 88
11 13
43 47
57 95
72 84
85 87
47 50
1 6
56 103
27 56
63 66
10 14
76 87
52 55
14 61
103 108
65 67
35 41
34 49
41 47
96 100
5 107
0 102
82 84
43 46
103 105
92 94
55 107
57 59
68 70
41 107
38 48
15 17
5 34
47 51
73 79
95 98
85 91
44 47
71 73
33 50
72 81
35 38
65 84
44 51
22 58
3 6
33 56
35 40
68 88
81 86
67 88
65 70
5 27
79 86
67 69
34 50
43 107
10 13
0 2
56 107
57 103
106 108
28 30
84 99
0 6
45 47
5 28
14 24
75 87
81 83
34 36
12 63
30 33
90 92
96 98
85 93
75 78
42 47
85 88
84 102
59 95
26 58
22 24
18 21
30 32
85 92
42 107
18 20
72 80
94 99
14 23
76 78
96 99
51 54
2 5
14 59
84 86
103 106
3 5
38 40
62 67
16 20
33 51
16 19
9 26
6 8
5 30
71 74
95 97
39 48
6 11
59 92
77 86
44 46
74 79
70 88
12 64
5 8
17 19
28 56
105 108
