0 1
1 2
2 3
3 4
4 5
5 6
6 7
7 8
8 9
9 10
10 11
11 12
12 13
13 14
14 15
15 16
16 17
17 18
18 19
19 20
20 21
21 22
22 23
23 24
24 25
25 26
26 27
27 28
28 29
29 30
30 31
31 32
32 33
33 34
34 35
35 36
36 37
37 38
38 39
39 40
40 41
41 42
42 43
43 44
44 45
45 46
46 47
47 48
48 49
49 50
50 51
51 52
52 53
53 54
54 55
55 56
56 57
57 58
58 59
59 60
60 61
61 62
62 63
63 64
64 65
65 66
66 67
67 68
68 69
69 70
70 71
71 72
72 73
73 74
74 75
75 76
76 77
77 78
78 79
79 80
80 81
81 82
82 83
83 84
84 85
85 86
86 87
87 88
88 89
89 90
90 91
91 92
92 93
93 94
94 95
95 96
96 97
97 98
98 99
99 100
100 101
101 102
102 103
103 104
104 105
105 106
106 107
107 108
108 0
65 93
68 97
17 23
16 52
13 105
57 96
55 60
16 50
46 57
44 96
61 95
48 57
66 89
12 29
80 83
42 98
12 21
12 25
29 98
24 36
13 103
34 37
30 37
102 106
38 40
46 96
105 107
102 105
24 30
76 80
71 91
98 108
62 99
83 90
8 107
38 45
66 74
13 61
9 108
72 78
17 19
42 96
22 24
61 63
16 20
38 44
16 55
67 74
10 13
36 45
68 92
81 89
17 46
51 55
50 52
45 96
40 42
80 82
24 34
13 104
26 28
46 49
4 108
75 89
82 89
49 57
39 41
18 22
29 37
12 108
66 97
40 43
37 41
2 4
80 91
62 102
99 106
22 25
92 94
17 36
69 92
37 45
57 60
65 92
77 79
46 50
62 64
84 88
15 20
69 91
74 78
85 90
71 79
96 98
10 107
56 60
95 97
82 88
5 108
4 107
13 15
29 41
6 107
4 6
68 70
63 93
12 26
24 35
13 55
84 87
1 4
97 99
27 30
18 20
12 20
87 89
13 62
8 10
99 102
30 33
6 8
5 8
24 33
17 45
93 95
41 98
66 92
72 79
9 12
100 106
74 76
66 91
18 23
98 107
47 57
12 15
2 5
31 37
83 88
75 81
67 72
29 108
100 102
61 96
5 7
49 55
38 41
49 51
70 72
92 97
12 14
52 55
76 81
99 101
102 104
98 106
32 37
9 11
94 97
20 22
66 99
66 75
17 50
64 93
76 79
66 90
24 27
67 73
65 99
84 90
8 108
28 30
59 96
40 44
64 99
66 68
1 5
13 60
21 25
25 27
86 90
51 53
12 28
62 103
70 91
16 19
83 91
11 13
76 78
67 70
63 95
58 60
57 59
49 56
84 86
31 33
32 34
71 80
0 4
60 96
35 37
52 54
15 55
72 74
53 55
43 96
86 89
47 49
13 107
23 36
1 3
0 5
0 1
1 2
2 3
3 4
4 5
5 6
6 7
7 8
8 9
9 10
10 11
11 12
12 13
13 14
14 15
15 16
16 17
17 18
18 19
19 20
20 21
21 22
22 23
23 24
24 25
25 26
26 27
27 28
28 29
29 30
30 31
31 32
32 33
33 34
34 35
35 36
36 37
37 38
38 39
39 40
40 41
41 42
42 43
43 44
44 45
45 46
46 47
47 48
48 49
49 50
50 51
51 52
52 53
53 54
54 55
55 56
56 57
57 58
58 59
59 60
60 61
61 62
62 63
63 64
64 65
65 66
66 67
67 68
68 69
69 70
70 71
71 72
72 73
73 74
74 75
75 76
76 77
77 78
78 79
79 80
80 81
81 82
82 83
83 84
84 85
85 86
86 87
87 88
88 89
89 90
90 91
91 92
92 93
93 94
94 95
95 96
96 97
97 98
98 99
99 100
100 101
101 102
102 103
103 104
104 105
105 106
106 107
107 108
108 0
16 102
22 53
5 11
73 77
9 14
2 66
71 89
6 61
82 92
25 55
2 82
23 96
7 58
25 71
1 93
93 105
22 47
34 44
36 39
24 47
53 57
56 71
9 15
28 43
17 53
31 34
68 80
93 100
12 102
93 108
80 88
30 34
8 15
66 81
32 50
83 86
28 42
43 46
60 65
5 62
29 34
24 46
35 38
89 92
28 38
71 73
4 102
29 52
19 23
46 48
6 10
1 82
6 60
92 96
25 54
70 77
2 62
16 98
88 91
19 97
72 77
35 41
59 67
2 108
4 12
33 49
71 88
81 87
4 105
19 21
73 76
29 53
34 41
82 85
53 58
72 88
21 53
93 104
43 45
3 107
22 51
34 42
70 76
60 67
21 23
71 75
38 42
83 92
34 45
56 59
29 31
54 56
22 50
25 29
25 46
93 102
93 96
5 61
23 71
71 76
67 81
56 67
1 108
16 99
2 64
82 86
2 81
25 28
33 45
90 92
87 91
5 10
70 79
69 79
23 97
3 105
15 53
16 101
42 44
25 53
82 84
94 96
60 63
98 100
17 20
82 93
86 91
80 87
16 100
68 81
93 107
71 92
78 88
45 49
22 52
4 62
7 60
19 98
28 34
24 71
81 86
26 46
55 71
23 47
12 16
35 39
35 40
47 50
3 62
27 43
54 57
4 103
56 68
97 100
64 66
32 49
2 107
56 70
16 18
45 48
79 88
15 58
93 101
32 51
93 103
7 59
69 80
86 92
39 42
94 100
65 67
5 12
17 21
83 85
10 12
70 78
31 51
26 43
37 39
16 53
2 63
7 9
7 15
9 13
73 75
6 9
0 2
103 105
23 92
63 65
36 38
77 88
28 35
96 100
29 51
95 100
88 90
56 58
14 16
60 62
71 74
48 50
13 16
93 106
56 69
18 98
3 106
