0 1
1 2
2 3
3 4
4 5
5 6
6 7
7 8
8 9
9 10
10 11
11 12
12 13
13 14
14 15
15 16
16 17
17 18
18 19
19 20
20 21
21 22
22 23
23 24
24 25
25 26
26 27
27 28
28 29
29 30
30 31
31 32
32 33
33 34
34 35
35 36
36 37
37 38
38 39
39 40
40 41
41 42
42 43
43 44
44 45
45 46
46 47
47 48
48 49
49 50
50 51
51 52
52 53
53 54
54 55
55 56
56 57
57 58
58 59
59 60
60 61
61 62
62 63
63 64
64 65
65 66
66 67
67 68
68 69
69 70
70 71
71 72
72 73
73 74
74 75
75 76
76 77
77 78
78 79
79 80
80 81
81 82
82 83
83 84
84 85
85 86
86 87
87 88
88 89
89 90
90 91
91 92
92 93
93 94
94 95
95 96
96 97
97 98
98 99
99 100
100 101
101 102
102 103
103 104
104 105
105 106
106 107
107 108
108 0
11 36
57 73
18 83
30 33
3 79
35 68
8 83
28 31
20 25
44 73
82 94
24 34
19 83
51 66
34 73
55 63
35 73
88 98
97 107
1 7
40 76
10 14
29 78
46 55
85 88
85 107
23 35
80 96
101 106
16 35
13 36
50 53
57 59
61 72
48 67
5 79
6 40
35 40
6 39
59 72
7 9
68 70
87 105
90 93
64 69
35 44
100 106
30 76
19 27
82 95
98 101
3 107
49 53
21 25
60 72
32 34
88 105
3 6
0 85
98 102
13 35
20 35
45 47
42 74
94 97
69 72
2 7
90 97
1 108
30 77
12 14
82 85
19 81
94 96
53 63
24 35
44 56
17 35
1 85
1 83
81 83
17 19
44 55
56 63
48 55
101 104
51 53
52 64
21 24
46 48
33 76
76 79
17 83
85 94
98 100
68 73
49 66
51 64
6 10
6 38
56 62
86 106
96 107
56 73
49 51
6 79
33 75
21 35
27 34
15 17
61 63
6 36
88 92
45 68
10 15
91 93
40 44
73 75
9 17
70 73
79 81
58 73
98 106
36 40
104 106
49 54
6 9
27 81
2 108
61 64
36 39
44 74
14 16
80 107
7 83
52 63
28 79
31 34
102 105
21 23
90 98
36 38
9 83
85 108
45 48
69 71
64 72
88 102
56 61
34 75
41 74
37 39
59 61
89 98
26 34
17 20
85 106
92 94
20 26
101 103
3 108
83 85
49 55
81 95
27 79
51 65
93 97
88 90
90 92
13 16
98 107
22 24
99 101
88 94
87 106
40 42
24 26
64 68
44 46
43 74
1 84
28 30
77 79
66 68
6 76
30 32
54 63
27 31
40 75
85 87
71 73
9 15
3 5
48 66
10 36
40 74
103 105
58 72
30 78
10 12
20 27
79 107
56 59
2 6
64 66
40 43
35 45
29 79
80 95
48 68
4 6
11 13
0 1
1 2
2 3
3 4
4 5
5 6
6 7
7 8
8 9
9 10
10 11
11 12
12 13
13 14
14 15
15 16
16 17
17 18
18 19
19 20
20 21
21 22
22 23
23 24
24 25
25 26
26 27
27 28
28 29
29 30
30 31
31 32
32 33
33 34
34 35
35 36
36 37
37 38
38 39
39 40
40 41
41 42
42 43
43 44
44 45
45 46
46 47
47 48
48 49
49 50
50 51
51 52
52 53
53 54
54 55
55 56
56 57
57 58
58 59
59 60
60 61
61 62
62 63
63 64
64 65
65 66
66 67
67 68
68 69
69 70
70 71
71 72
72 73
73 74
74 75
75 76
76 77
77 78
78 79
79 80
80 81
81 82
82 83
83 84
84 85
85 86
86 87
87 88
88 89
89 90
90 91
91 92
92 93
93 94
94 95
95 96
96 97
97 98
98 99
99 100
100 101
101 102
102 103
103 104
104 105
105 106
106 107
107 108
108 0
44 105
9 63
2 11
66 108
48 75
6 66
77 103
0 43
73 108
41 60
85 89
90 108
2 40
27 32
67 70
53 73
85 100
100 105
16 25
30 40
49 57
74 82
94 100
39 41
58 66
96 99
16 26
1 43
5 66
86 96
48 104
3 8
43 108
22 35
82 108
16 62
50 52
4 66
50 73
20 62
13 40
66 69
100 108
0 66
37 40
91 94
13 26
7 66
73 82
42 48
41 57
29 32
83 101
100 107
42 57
9 66
58 60
12 63
42 49
20 22
75 78
23 32
50 75
67 71
52 73
100 102
93 100
70 108
8 66
16 21
35 39
86 98
2 41
8 11
95 100
33 36
55 72
57 71
48 77
5 7
105 108
72 108
87 90
59 63
46 105
74 81
41 61
51 54
35 61
15 63
9 65
96 98
78 102
79 102
29 40
44 47
13 15
85 99
5 8
23 26
82 89
59 65
20 61
31 40
85 101
102 104
83 102
41 58
16 24
67 69
14 63
87 96
33 37
60 62
33 40
49 56
13 28
75 80
39 61
71 108
57 67
43 48
1 4
4 8
84 89
50 56
54 73
10 63
2 12
44 48
23 25
35 38
106 108
57 66
80 83
59 64
69 108
75 79
16 22
16 23
15 62
50 54
43 105
9 11
35 37
26 32
92 108
29 31
87 95
74 80
86 97
34 36
90 94
77 104
38 40
93 108
28 40
56 71
90 95
89 108
2 4
48 105
54 72
48 76
105 107
50 55
22 32
12 40
27 29
17 62
80 82
59 62
13 63
22 61
84 101
77 102
1 41
11 63
41 43
32 40
86 99
100 104
18 21
22 34
96 100
76 78
47 105
55 71
17 21
91 108
83 89
49 75
13 27
58 65
1 66
19 21
9 64
79 83
22 33
19 62
87 89
86 89
3 11
45 105
50 74
52 54
15 26
18 62
86 88
