0 1
1 2
2 3
3 4
4 5
5 6
6 7
7 8
8 9
9 10
10 11
11 12
12 13
13 14
14 15
15 16
16 17
17 18
18 19
19 20
20 21
21 22
22 23
23 24
24 25
25 26
26 27
27 28
28 29
29 30
30 31
31 32
32 33
33 34
34 35
35 36
36 37
37 38
38 39
39 40
40 41
41 42
42 43
43 44
44 45
45 46
46 47
47 48
48 49
49 50
50 51
51 52
52 53
53 54
54 55
55 56
56 57
57 58
58 59
59 60
60 61
61 62
62 63
63 64
64 65
65 66
66 67
67 68
68 69
69 70
70 71
71 72
72 73
73 74
74 75
75 76
76 77
77 78
78 79
79 80
80 81
81 82
82 83
83 84
84 85
85 86
86 87
87 88
88 89
89 90
90 91
91 92
92 93
93 94
94 95
95 96
96 97
97 98
98 99
99 100
100 101
101 102
102 103
103 104
104 105
105 106
106 107
107 108
108 109
109 0
2 65
70 74
36 49
4 99
65 107
12 57
47 65
18 67
31 46
75 84
31 47
70 107
87 107
45 48
9 80
33 43
18 34
2 100
9 92
55 62
93 97
94 98
73 77
4 100
76 81
17 55
30 67
91 94
22 67
91 102
18 36
37 40
15 71
50 62
2 8
23 28
107 109
60 63
90 105
103 109
58 64
65 70
24 32
80 82
15 79
90 107
5 9
89 91
11 57
35 41
74 86
18 33
17 49
19 22
3 6
58 63
49 65
24 26
94 96
78 80
35 43
36 43
61 63
74 87
37 42
27 30
106 109
10 80
56 58
68 71
9 65
31 43
1 107
3 5
15 17
41 43
99 102
100 109
0 108
30 65
35 38
67 70
82 91
17 57
52 62
44 46
57 65
75 81
31 33
15 77
30 66
19 33
24 27
58 61
65 67
9 11
81 84
23 32
86 91
30 32
12 79
11 65
6 9
71 77
12 14
50 63
15 67
91 105
54 62
55 57
24 28
16 57
23 30
87 91
15 68
81 83
18 21
11 80
11 79
36 42
4 97
53 55
17 67
59 61
97 99
35 40
76 78
58 60
27 29
27 32
2 109
9 93
35 39
17 52
103 106
82 84
101 109
49 52
46 48
14 16
17 36
70 72
93 96
5 97
96 98
105 107
43 49
22 30
82 85
21 67
47 49
73 75
102 105
58 65
80 91
9 97
77 79
89 107
1 65
35 37
88 107
49 51
14 57
70 87
40 42
22 32
13 57
28 30
51 62
73 76
9 91
34 36
104 106
38 40
49 64
95 98
20 22
87 89
102 109
7 9
103 105
18 20
2 4
68 70
85 91
26 32
3 7
22 33
91 98
74 84
67 69
49 63
76 80
99 101
8 65
53 62
1 108
1 109
74 85
30 47
55 61
70 73
43 46
43 48
98 102
71 73
55 58
43 45
25 27
34 43
14 79
2 7
91 93
17 53

0 1
1 2
2 3
3 4
4 5
5 6
6 7
7 8
8 9
9 10
10 11
11 12
12 13
13 14
14 15
15 16
16 17
17 18
18 19
19 20
20 21
21 22
22 23
23 24
24 25
25 26
26 27
27 28
28 29
29 30
30 31
31 32
32 33
33 34
34 35
35 36
36 37
37 38
38 39
39 40
40 41
41 42
42 43
43 44
44 45
45 46
46 47
47 48
48 49
49 50
50 51
51 52
52 53
53 54
54 55
55 56
56 57
57 58
58 59
59 60
60 61
61 62
62 63
63 64
64 65
65 66
66 67
67 68
68 69
69 70
70 71
71 72
72 73
73 74
74 75
75 76
76 77
77 78
78 79
79 80
80 81
81 82
82 83
83 84
84 85
85 86
86 87
87 88
88 89
89 90
90 91
91 92
92 93
93 94
94 95
95 96
96 97
97 98
98 99
99 100
100 101
101 102
102 103
103 104
104 105
105 106
106 107
107 108
108 109
109 0
29 104
25 44
2 90
59 87
60 89
96 108
46 104
3 89
49 56
60 92
96 105
4 13
6 89
7 44
51 60
80 84
47 92
23 109
64 79
70 81
29 44
25 107
17 19
3 20
30 43
75 77
7 56
46 96
28 42
8 18
18 25
64 77
47 96
33 38
54 57
101 103
20 109
62 66
96 100
69 87
69 71
31 36
0 92
3 15
49 53
5 11
0 90
79 87
62 68
59 88
82 87
84 86
77 81
9 14
25 106
65 77
64 87
19 24
29 43
3 90
67 71
1 20
51 58
3 17
29 45
28 31
0 95
22 109
5 10
57 59
82 86
61 88
52 58
97 103
0 91
105 108
34 38
85 87
36 40
50 60
59 68
60 88
98 101
61 64
33 41
67 75
81 87
16 18
37 39
72 74
71 81
49 54
25 105
66 77
44 56
31 42
84 87
23 108
11 14
23 25
19 23
33 40
92 95
56 89
32 34
0 20
48 50
27 104
97 100
32 36
67 73
92 94
74 76
28 44
101 104
8 15
27 105
29 31
34 37
30 42
47 95
71 74
7 89
10 14
5 12
51 53
46 100
52 57
97 101
90 92
20 23
78 81
67 74
28 36
47 50
61 87
4 89
98 100
74 81
0 93
66 68
63 65
45 104
1 3
68 87
27 44
59 89
67 72
95 109
63 66
44 47
106 108
23 107
79 84
57 89
9 15
31 41
3 14
54 56
4 6
8 25
44 49
67 77
8 44
36 41
60 62
45 47
102 104
28 41
44 48
7 10
59 62
33 39
19 25
1 90
21 109
28 104
97 104
3 13
53 57
0 94
46 101
96 109
80 83
83 86
17 20
15 18
79 81
60 90
97 105
50 53
32 35
26 44
51 59
50 92
6 10
62 64
4 12
49 55
21 23
74 77
3 16
28 43
32 41
69 81
8 10
26 105
64 78
11 13
36 39
