0 1
1 2
2 3
3 4
4 5
5 6
6 7
7 8
8 9
9 10
10 11
11 12
12 13
13 14
14 15
15 16
16 17
17 18
18 19
19 20
20 21
21 22
22 23
23 24
24 25
25 26
26 27
27 28
28 29
29 30
30 31
31 32
32 33
33 34
34 35
35 36
36 37
37 38
38 39
39 40
40 41
41 42
42 43
43 44
44 45
45 46
46 47
47 48
48 49
49 50
50 51
51 52
52 53
53 54
54 55
55 56
56 57
57 58
58 59
59 60
60 61
61 62
62 63
63 64
64 65
65 66
66 67
67 68
68 69
69 70
70 71
71 72
72 73
73 74
74 75
75 76
76 77
77 78
78 79
79 80
80 81
81 82
82 83
83 84
84 85
85 86
86 87
87 88
88 89
89 90
90 91
91 92
92 93
93 94
94 95
95 96
96 97
97 98
98 99
99 100
100 101
101 102
102 103
103 104
104 105
105 106
106 107
107 108
108 109
109 110
110 0
57 95
0 42
27 63
6 42
9 18
13 41
63 81
81 107
0 6
88 106
19 69
15 18
34 41
57 103
40 44
72 107
14 25
33 37
2 6
19 71
47 53
19 65
58 86
28 38
52 63
65 76
90 94
42 57
4 110
29 41
9 19
91 103
46 56
87 107
76 80
75 107
9 41
40 46
92 99
28 39
40 52
42 56
64 81
7 19
30 33
2 110
92 94
5 7
57 97
19 25
83 85
91 94
92 100
15 20
35 39
5 72
65 67
72 75
57 62
20 25
65 71
53 55
11 15
81 84
0 104
3 5
94 96
9 13
61 63
42 103
2 5
56 63
5 109
59 83
46 49
65 69
40 43
15 23
32 37
108 110
46 52
92 102
91 104
101 103
65 72
86 90
27 40
22 24
64 79
58 94
57 60
52 54
47 50
88 107
105 107
9 16
65 78
19 63
94 97
30 32
72 76
81 86
74 76
22 25
27 29
104 106
82 84
36 39
6 9
77 80
63 82
72 109
107 110
107 109
49 51
19 64
14 27
98 103
30 38
90 104
46 53
89 104
29 33
60 62
60 63
60 83
86 94
28 30
59 86
84 86
14 29
92 97
35 40
9 42
33 36
29 34
68 70
7 72
67 69
100 103
27 52
25 27
10 12
51 53
97 103
104 107
63 83
53 56
15 22
88 104
88 90
41 43
15 17
93 97
76 78
19 26
30 37
10 13
11 16
47 51
92 103
87 90
3 110
46 51
5 110
36 38
33 35
57 59
48 50
10 16
20 22
15 24
80 107
28 40
0 103
43 56
76 107
57 94
13 15
52 55
44 46
19 27
0 107
73 76
66 68
99 103
15 25
68 71
14 41
1 6
15 21
43 45
79 81
9 17
34 40
95 97
59 85
6 8
65 68
11 13
0 2
65 79
77 79
31 33
92 98
46 48
7 71
72 74
52 56
86 107
18 20
69 71
100 102
7 9
45 56
57 63

0 1
1 2
2 3
3 4
4 5
5 6
6 7
7 8
8 9
9 10
10 11
11 12
12 13
13 14
14 15
15 16
16 17
17 18
18 19
19 20
20 21
21 22
22 23
23 24
24 25
25 26
26 27
27 28
28 29
29 30
30 31
31 32
32 33
33 34
34 35
35 36
36 37
37 38
38 39
39 40
40 41
41 42
42 43
43 44
44 45
45 46
46 47
47 48
48 49
49 50
50 51
51 52
52 53
53 54
54 55
55 56
56 57
57 58
58 59
59 60
60 61
61 62
62 63
63 64
64 65
65 66
66 67
67 68
68 69
69 70
70 71
71 72
72 73
73 74
74 75
75 76
76 77
77 78
78 79
79 80
80 81
81 82
82 83
83 84
84 85
85 86
86 87
87 88
88 89
89 90
90 91
91 92
92 93
93 94
94 95
95 96
96 97
97 98
98 99
99 100
100 101
101 102
102 103
103 104
104 105
105 106
106 107
107 108
108 109
109 110
110 0
21 88
27 61
86 104
13 90
21 31
45 88
99 109
46 60
1 108
52 57
11 78
35 37
10 80
21 76
65 88
45 48
61 88
4 6
12 110
27 31
27 57
22 30
11 77
65 85
39 56
69 72
21 41
80 85
95 109
43 51
25 74
61 72
69 76
90 110
65 77
100 105
5 8
17 19
4 82
27 30
63 67
4 10
9 110
47 58
51 56
88 101
67 76
59 61
14 21
64 67
0 8
2 7
5 9
4 86
1 109
20 88
21 32
14 90
45 50
3 6
24 29
91 110
2 4
27 37
50 58
97 99
42 45
4 81
88 92
4 107
21 33
12 77
99 106
80 83
64 66
70 75
19 21
5 10
25 76
91 95
51 57
39 43
11 80
21 36
91 109
27 39
70 76
2 108
27 74
34 36
13 110
13 77
40 42
17 89
21 39
32 34
23 25
47 59
57 61
4 106
21 37
21 77
67 77
24 27
27 73
89 91
51 55
21 40
32 35
50 57
94 100
42 88
89 92
65 87
45 47
14 89
88 103
68 72
0 9
97 109
19 89
49 58
0 7
94 99
44 50
86 105
95 98
62 67
78 85
23 30
88 93
27 72
22 31
88 100
88 102
26 74
47 60
95 99
21 34
103 105
73 75
85 87
86 88
61 65
106 109
23 76
10 81
14 77
10 110
62 68
4 84
93 100
71 73
24 26
31 35
19 88
16 18
14 18
66 77
78 80
80 84
96 98
27 38
58 61
71 75
15 89
27 35
14 19
4 85
39 51
24 30
80 82
51 54
47 49
39 42
14 16
54 56
68 76
60 88
25 75
11 110
54 57
42 44
70 72
61 68
86 106
4 83
24 28
2 107
101 105
63 65
41 88
3 7
79 85
53 57
77 85
106 108
62 65
37 39
96 109
46 88
22 76
102 105
1 110
99 105
45 49
27 56
43 50
86 103
91 93
1 7
16 89
93 95
