0 1
1 2
2 3
3 4
4 5
5 6
6 7
7 8
8 9
9 10
10 11
11 12
12 13
13 14
14 15
15 16
16 17
17 18
18 19
19 20
20 21
21 22
22 23
23 24
24 25
25 26
26 27
27 28
28 29
29 30
30 31
31 32
32 33
33 34
34 35
35 36
36 37
37 38
38 39
39 40
40 41
41 42
42 43
43 44
44 45
45 46
46 47
47 48
48 49
49 50
50 51
51 52
52 53
53 54
54 55
55 56
56 57
57 58
58 59
59 60
60 61
61 62
62 63
63 64
64 65
65 66
66 67
67 68
68 69
69 70
70 71
71 72
72 73
73 74
74 75
75 76
76 77
77 78
78 79
79 80
80 81
81 82
82 83
83 84
84 85
85 86
86 87
87 88
88 89
89 90
90 91
91 92
92 93
93 94
94 95
95 96
96 97
97 98
98 99
99 100
100 101
101 102
102 103
103 104
104 105
105 106
106 107
107 108
108 109
109 110
110 0
7 106
7 40
76 99
31 83
64 69
84 103
39 54
42 65
22 83
92 101
40 110
11 24
21 23
42 62
84 99
89 101
24 39
90 99
31 33
42 73
50 60
50 53
19 22
63 82
84 102
41 100
46 53
50 52
102 107
14 21
91 94
105 107
102 109
7 107
18 22
18 103
103 105
70 77
25 30
93 101
42 68
8 14
45 53
90 92
41 73
47 61
60 82
24 31
64 66
90 95
85 89
32 38
76 83
93 96
33 82
62 65
78 83
39 42
44 46
83 103
55 57
72 75
3 40
4 108
38 82
42 61
50 55
9 11
34 38
52 55
9 24
5 40
36 82
72 76
24 40
31 38
42 67
43 47
78 80
41 110
88 99
102 104
27 38
69 82
75 100
9 14
76 84
71 73
15 19
10 24
54 59
93 98
3 5
80 83
50 61
38 59
90 96
94 96
17 19
69 81
14 16
14 17
3 109
28 30
38 54
91 95
39 44
1 110
14 103
15 20
9 40
47 49
101 110
48 61
1 3
27 29
14 23
22 31
89 102
38 60
46 50
42 66
14 106
64 68
71 76
70 76
17 103
54 57
62 82
64 82
26 28
56 58
80 82
98 101
107 109
52 54
24 26
85 88
58 60
2 109
91 93
75 99
88 90
30 38
49 61
61 82
12 14
0 109
41 74
26 39
66 68
24 30
86 88
6 40
102 105
31 82
77 81
22 24
42 71
35 38
6 108
26 38
4 6
39 41
51 53
68 71
43 46
39 53
103 106
20 22
7 108
8 40
96 99
34 82
13 23
12 23
57 59
84 87
9 12
37 82
85 102
93 97
79 83
39 45
43 61
3 110
15 21
84 88
69 71
0 2
50 56
76 78
18 83
7 14
62 64
15 17
85 87
34 36
29 38
89 92
47 50
102 110
33 38
42 44
98 100
78 81
97 99
36 38
72 74
25 28
70 81
56 60
12 24
100 110
74 100
4 109
0 1
1 2
2 3
3 4
4 5
5 6
6 7
7 8
8 9
9 10
10 11
11 12
12 13
13 14
14 15
15 16
16 17
17 18
18 19
19 20
20 21
21 22
22 23
23 24
24 25
25 26
26 27
27 28
28 29
29 30
30 31
31 32
32 33
33 34
34 35
35 36
36 37
37 38
38 39
39 40
40 41
41 42
42 43
43 44
44 45
45 46
46 47
47 48
48 49
49 50
50 51
51 52
52 53
53 54
54 55
55 56
56 57
57 58
58 59
59 60
60 61
61 62
62 63
63 64
64 65
65 66
66 67
67 68
68 69
69 70
70 71
71 72
72 73
73 74
74 75
75 76
76 77
77 78
78 79
79 80
80 81
81 82
82 83
83 84
84 85
85 86
86 87
87 88
88 89
89 90
90 91
91 92
92 93
93 94
94 95
95 96
96 97
97 98
98 99
99 100
100 101
101 102
102 103
103 104
104 105
105 106
106 107
107 108
108 109
109 110
110 0
4 65
21 64
64 106
38 44
2 74
65 85
40 107
8 26
67 83
86 89
24 61
48 55
98 107
50 57
37 110
15 26
91 104
90 108
4 16
51 55
80 89
6 26
32 46
26 60
34 44
5 10
1 90
69 75
32 47
28 33
73 75
94 103
59 61
50 58
97 103
75 81
95 97
41 56
6 27
40 109
94 97
45 55
87 104
3 28
85 105
56 106
58 64
33 36
77 90
3 37
57 106
22 61
91 107
6 9
48 60
41 44
80 84
22 25
86 104
61 64
76 79
26 61
47 55
58 63
102 106
91 96
67 73
4 13
76 90
59 62
16 25
3 36
8 10
4 64
101 103
10 13
79 90
8 12
47 60
3 73
30 47
68 81
0 3
65 83
48 51
85 106
66 83
41 106
16 64
77 79
52 57
65 106
16 26
28 47
92 94
53 55
18 64
87 90
14 26
98 103
40 42
80 90
19 25
3 67
92 103
100 106
7 9
5 13
67 81
99 101
11 13
38 43
44 55
100 102
39 43
54 56
99 103
40 43
2 76
76 80
67 71
36 44
4 27
48 59
4 15
18 25
104 106
86 105
34 46
41 43
21 25
71 75
3 66
45 47
50 59
87 89
29 33
4 14
44 56
93 95
58 62
29 32
31 47
3 27
91 103
28 60
65 84
18 20
67 69
81 84
29 47
84 86
92 96
29 31
76 81
35 44
13 26
67 82
82 84
37 109
20 64
32 34
48 50
20 25
2 73
27 60
16 18
12 26
23 25
1 109
6 10
39 109
58 106
10 12
74 76
92 95
100 107
53 56
23 61
33 35
41 107
49 59
84 89
3 65
90 104
37 44
53 57
1 108
68 75
2 90
78 90
38 109
5 27
91 98
99 107
0 37
91 108
17 64
96 98
34 45
22 64
51 57
70 75
28 36
61 63
67 70
6 8
40 108
25 61
67 72
