0 1
1 2
2 3
3 4
4 5
5 6
6 7
7 8
8 9
9 10
10 11
11 12
12 13
13 14
14 15
15 16
16 17
17 18
18 19
19 20
20 21
21 22
22 23
23 24
24 25
25 26
26 27
27 28
28 29
29 30
30 31
31 32
32 33
33 34
34 35
35 36
36 37
37 38
38 39
39 40
40 41
41 42
42 43
43 44
44 45
45 46
46 47
47 48
48 49
49 50
50 51
51 52
52 53
53 54
54 55
55 56
56 57
57 58
58 59
59 60
60 61
61 62
62 63
63 64
64 65
65 66
66 67
67 68
68 69
69 70
70 71
71 72
72 73
73 74
74 75
75 76
76 77
77 78
78 79
79 80
80 81
81 82
82 83
83 84
84 85
85 86
86 87
87 88
88 89
89 90
90 91
91 92
92 93
93 94
94 95
95 96
96 97
97 98
98 99
99 100
100 101
101 102
102 103
103 104
104 105
105 106
106 107
107 108
108 109
109 110
110 111
111 112
112 0
45 104
66 107
53 77
63 112
87 96
67 106
69 76
7 20
61 72
38 58
16 32
41 53
1 39
67 83
82 86
49 101
32 61
6 8
42 112
50 53
47 103
1 11
1 32
107 109
51 82
67 96
26 63
85 91
88 95
33 58
4 22
24 32
83 92
10 15
43 112
76 79
32 35
80 83
51 79
98 103
2 26
67 80
60 74
89 93
61 63
63 109
19 21
35 39
47 50
110 112
54 75
62 72
29 32
9 15
16 21
39 55
69 74
1 42
28 61
30 61
51 86
32 59
1 40
47 53
63 110
7 17
31 61
11 15
6 10
98 100
43 46
66 68
50 87
96 100
86 88
34 37
67 76
38 55
0 63
16 24
3 6
63 66
58 75
98 105
83 86
8 16
11 16
66 106
24 26
52 78
104 110
86 91
12 14
42 53
49 96
14 16
24 27
71 74
65 70
64 71
22 26
39 54
76 80
37 58
35 37
107 110
65 69
51 80
42 46
17 20
67 105
58 74
92 95
105 110
68 76
67 95
86 89
60 73
89 92
5 21
29 61
67 98
51 53
58 60
9 16
48 101
34 58
51 81
3 26
1 10
27 63
29 31
47 104
100 102
88 94
2 6
17 19
32 39
4 6
23 25
66 109
67 97
56 58
88 96
18 20
8 17
72 74
63 72
69 71
42 47
75 77
43 111
89 94
89 91
47 101
81 83
93 95
65 71
4 26
47 49
7 21
37 39
55 58
1 26
96 98
84 91
28 63
22 25
59 61
32 34
77 79
43 45
83 95
98 104
51 78
47 102
44 46
51 87
38 56
99 103
45 47
45 110
49 87
64 72
41 54
32 58
34 36
21 23
86 90
0 42
12 15
0 26
12 16
60 72
96 101
106 110
8 10
54 77
16 23
84 86
1 6
99 102
53 78
55 75
69 75
5 22
24 29
17 21
64 66
1 41
43 110
83 91
39 41
66 108
13 15
1 16
6 21
24 28
55 57
65 68

0 1
1 2
2 3
3 4
4 5
5 6
6 7
7 8
8 9
9 10
10 11
11 12
12 13
13 14
14 15
15 16
16 17
17 18
18 19
19 20
20 21
21 22
22 23
23 24
24 25
25 26
26 27
27 28
28 29
29 30
30 31
31 32
32 33
33 34
34 35
35 36
36 37
37 38
38 39
39 40
40 41
41 42
42 43
43 44
44 45
45 46
46 47
47 48
48 49
49 50
50 51
51 52
52 53
53 54
54 55
55 56
56 57
57 58
58 59
59 60
60 61
61 62
62 63
63 64
64 65
65 66
66 67
67 68
68 69
69 70
70 71
71 72
72 73
73 74
74 75
75 76
76 77
77 78
78 79
79 80
80 81
81 82
82 83
83 84
84 85
85 86
86 87
87 88
88 89
89 90
90 91
91 92
92 93
93 94
94 95
95 96
96 97
97 98
98 99
99 100
100 101
101 102
102 103
103 104
104 105
105 106
106 107
107 108
108 109
109 110
110 111
111 112
112 0
37 97
47 94
59 70
50 63
29 107
46 59
21 27
67 78
35 40
71 78
15 80
2 18
15 109
18 111
22 30
41 47
71 80
49 56
65 86
29 36
33 36
20 80
85 98
33 70
49 65
29 101
43 70
52 56
29 98
7 13
15 110
11 17
18 112
85 106
64 68
62 69
20 29
39 47
7 112
5 17
18 80
66 78
12 17
76 78
38 47
84 107
67 74
80 84
48 93
67 73
46 49
48 90
67 70
20 111
15 108
54 60
65 78
24 30
86 96
109 111
94 96
21 29
81 107
63 65
37 40
98 102
20 108
14 112
46 57
70 73
48 89
0 3
101 107
43 47
60 69
21 28
82 84
80 108
91 95
30 70
108 111
4 18
47 97
103 106
37 47
1 112
72 75
35 70
80 86
54 59
7 14
40 47
59 69
0 6
101 104
52 54
57 59
65 88
65 80
31 70
56 59
11 13
10 17
55 59
17 80
71 76
51 60
47 93
63 68
81 108
51 63
29 108
0 2
29 33
44 59
29 100
3 5
86 98
0 7
40 43
101 105
74 78
7 11
85 103
89 96
94 97
43 59
49 52
85 102
13 17
23 26
22 70
14 17
74 76
62 68
6 9
65 67
37 98
90 92
6 17
78 80
67 69
26 28
41 43
33 35
101 103
25 30
0 5
9 17
65 79
49 89
104 106
19 111
70 80
80 85
22 27
3 18
91 94
60 63
35 43
21 70
23 27
32 70
54 56
71 77
30 32
49 63
38 40
8 11
60 62
28 30
14 110
50 52
25 28
2 112
89 95
46 58
52 60
5 18
81 84
15 17
22 24
46 56
16 80
36 98
34 70
101 106
61 69
9 11
65 89
46 48
71 75
92 94
21 80
80 82
53 56
87 89
90 93
40 42
84 106
71 73
14 111
29 99
90 95
19 80
36 40
64 67
98 101
73 75
44 47
45 59
86 97
99 101
7 9
65 87
30 33
