0 1
1 2
2 3
3 4
4 5
5 6
6 7
7 8
8 9
9 10
10 11
11 12
12 13
13 14
14 15
15 16
16 17
17 18
18 19
19 20
20 21
21 22
22 23
23 24
24 25
25 26
26 27
27 28
28 29
29 30
30 31
31 32
32 33
33 34
34 35
35 36
36 37
37 38
38 39
39 40
40 41
41 42
42 43
43 44
44 45
45 46
46 47
47 48
48 49
49 50
50 51
51 52
52 53
53 54
54 55
55 56
56 57
57 58
58 59
59 60
60 61
61 62
62 63
63 64
64 65
65 66
66 67
67 68
68 69
69 70
70 71
71 72
72 73
73 74
74 75
75 76
76 77
77 78
78 79
79 80
80 81
81 82
82 83
83 84
84 85
85 86
86 87
87 88
88 89
89 90
90 91
91 92
92 93
93 94
94 95
95 96
96 97
97 98
98 99
99 100
100 101
101 102
102 103
103 104
104 105
105 106
106 107
107 108
108 109
109 110
110 111
111 112
112 113
113 0
42 46
30 92
2 43
53 113
79 91
75 90
12 42
23 107
53 71
0 22
93 99
60 108
9 14
92 95
83 90
72 99
17 42
4 21
92 103
53 70
40 92
43 47
78 86
53 111
22 107
67 69
71 102
20 25
90 98
62 70
53 55
31 92
75 89
32 35
32 42
29 104
49 113
53 72
41 48
5 14
54 57
99 102
12 14
12 15
52 76
81 91
66 104
48 113
107 110
71 99
86 89
20 30
74 98
78 83
53 109
66 105
44 47
12 43
58 109
33 40
25 107
7 11
30 104
40 79
90 96
50 113
66 68
93 98
16 42
0 43
15 20
20 32
15 42
50 76
38 42
20 28
84 87
84 86
13 15
20 27
83 86
83 89
37 42
36 42
79 82
57 109
6 8
2 12
7 10
43 45
107 109
53 74
90 97
52 75
33 37
32 92
2 6
0 111
55 57
71 101
69 103
53 58
7 9
10 12
63 107
63 105
26 106
0 47
49 76
39 42
70 102
59 108
15 21
63 65
63 68
4 14
69 104
63 70
56 58
93 95
33 92
0 112
95 98
2 7
17 32
75 77
40 77
63 69
32 34
86 88
33 39
59 109
25 106
2 11
1 22
4 22
59 62
5 9
33 38
52 113
92 104
26 29
52 74
85 87
45 47
53 56
34 36
21 25
95 97
83 88
81 90
1 3
41 76
0 110
0 107
48 76
78 89
1 43
61 108
46 48
41 46
91 96
20 31
72 98
63 106
62 107
9 12
34 37
70 103
18 20
73 98
15 17
3 22
72 74
0 48
77 79
22 24
74 90
29 106
2 4
80 91
53 59
79 92
18 32
42 45
94 98
65 68
23 25
41 77
53 62
82 90
79 83
15 19
15 18
91 95
100 102
14 21
83 87
67 104
20 26
63 66
53 110
26 28
79 81
39 41
29 105
64 66
51 113
93 102
6 9
59 61
32 36
20 29
4 6
54 109
77 89
21 24
50 52
53 112
62 108
99 101
92 102
0 1
1 2
2 3
3 4
4 5
5 6
6 7
7 8
8 9
9 10
10 11
11 12
12 13
13 14
14 15
15 16
16 17
17 18
18 19
19 20
20 21
21 22
22 23
23 24
24 25
25 26
26 27
27 28
28 29
29 30
30 31
31 32
32 33
33 34
34 35
35 36
36 37
37 38
38 39
39 40
40 41
41 42
42 43
43 44
44 45
45 46
46 47
47 48
48 49
49 50
50 51
51 52
52 53
53 54
54 55
55 56
56 57
57 58
58 59
59 60
60 61
61 62
62 63
63 64
64 65
65 66
66 67
67 68
68 69
69 70
70 71
71 72
72 73
73 74
74 75
75 76
76 77
77 78
78 79
79 80
80 81
81 82
82 83
83 84
84 85
85 86
86 87
87 88
88 89
89 90
90 91
91 92
92 93
93 94
94 95
95 96
96 97
97 98
98 99
99 100
100 101
101 102
102 103
103 104
104 105
105 106
106 107
107 108
108 109
109 110
110 111
111 112
112 113
113 0
21 82
11 108
98 103
32 57
2 101
45 82
5 12
29 91
22 32
48 55
84 107
68 90
29 101
83 85
72 79
48 72
60 69
34 52
37 48
0 8
61 69
40 45
108 111
32 43
16 107
11 109
12 107
81 88
34 56
57 91
10 110
8 111
75 82
82 87
92 98
16 82
95 106
57 69
5 26
45 75
86 90
21 23
94 96
0 7
2 113
59 67
8 10
12 25
105 108
67 90
35 48
70 88
101 112
84 92
5 28
13 16
98 101
30 32
14 107
34 42
108 110
19 21
40 46
75 81
46 75
105 107
21 45
34 39
15 107
40 44
78 81
34 40
8 11
98 106
13 18
7 12
58 60
46 74
71 81
39 46
48 73
2 112
59 66
52 55
67 91
16 20
11 110
60 62
1 5
103 106
92 97
48 74
71 88
50 53
24 28
16 18
22 43
12 21
59 63
84 94
12 23
56 72
62 69
103 112
29 57
59 65
72 81
74 79
14 16
34 49
49 55
64 67
97 106
22 45
92 100
37 47
103 108
77 81
86 91
24 29
29 31
57 72
82 107
22 31
34 51
33 57
36 39
103 111
4 28
40 43
2 5
93 96
65 67
98 102
69 88
12 18
2 29
85 91
41 43
13 17
9 11
33 56
94 106
75 79
84 106
29 32
52 54
59 64
13 107
23 31
37 46
78 80
49 51
85 92
76 78
103 105
6 12
62 64
75 78
29 92
96 106
64 68
58 67
25 28
88 90
73 79
52 56
104 108
12 26
69 90
92 96
11 107
58 91
36 48
92 101
69 71
92 94
82 88
40 42
69 89
37 39
47 74
36 38
0 2
22 44
0 5
8 112
8 113
0 6
33 43
101 103
82 84
33 42
8 110
8 12
3 5
60 63
50 54
69 72
49 54
48 56
92 99
58 69
76 81
18 21
62 68
82 86
82 85
12 24
23 29
25 27
87 90
16 19
2 28
16 21
35 49
3 28
5 27
72 80
51 53
98 100
35 39
