0 1
1 2
2 3
3 4
4 5
5 6
6 7
7 8
8 9
9 10
10 11
11 12
12 13
13 14
14 15
15 16
16 17
17 18
18 19
19 20
20 21
21 22
22 23
23 24
24 25
25 26
26 27
27 28
28 29
29 30
30 31
31 32
32 33
33 34
34 35
35 36
36 37
37 38
38 39
39 40
40 41
41 42
42 43
43 44
44 45
45 46
46 47
47 48
48 49
49 50
50 51
51 52
52 53
53 54
54 55
55 56
56 57
57 58
58 59
59 60
60 61
61 62
62 63
63 64
64 65
65 66
66 67
67 68
68 69
69 70
70 71
71 72
72 73
73 74
74 75
75 76
76 77
77 78
78 79
79 80
80 81
81 82
82 83
83 84
84 85
85 86
86 87
87 88
88 89
89 90
90 91
91 92
92 93
93 94
94 95
95 96
96 97
97 98
98 99
99 100
100 101
101 102
102 103
103 104
104 105
105 106
106 107
107 108
108 109
109 110
110 111
111 112
112 113
113 0
33 87
37 93
4 104
18 33
83 92
20 96
7 101
45 76
32 93
74 92
27 30
7 33
87 95
13 96
58 93
2 9
49 75
57 71
42 85
11 105
0 111
61 74
51 57
38 86
57 62
19 24
100 102
34 37
67 73
8 10
13 18
6 8
20 95
89 95
95 97
80 82
42 53
10 14
1 9
41 58
18 31
10 18
45 52
28 30
22 95
11 112
78 85
5 9
9 112
11 98
1 106
24 93
19 21
84 92
35 38
90 94
8 33
43 77
22 24
68 72
33 86
10 17
64 68
60 74
100 104
48 50
64 67
98 104
87 97
25 93
45 48
63 67
63 68
39 85
51 56
7 100
59 92
62 68
61 73
83 85
39 86
45 50
60 92
65 68
91 94
62 73
53 57
10 15
107 111
24 28
11 107
19 23
86 88
1 104
57 75
50 75
77 83
1 107
3 9
11 14
93 95
37 39
24 30
12 14
7 103
90 92
25 28
19 31
26 31
18 20
74 77
13 17
51 53
77 81
12 96
45 49
41 57
12 98
59 61
102 104
43 53
5 8
53 55
18 96
42 78
4 7
35 86
33 97
33 93
71 73
98 105
97 100
47 50
51 55
51 54
10 16
109 111
88 90
11 110
51 75
65 67
74 76
91 93
62 69
1 105
40 58
14 17
44 77
68 70
33 35
82 85
108 110
44 52
90 95
58 92
70 72
7 102
9 11
85 90
86 90
99 104
44 76
71 74
57 70
62 67
110 112
24 95
44 53
4 103
8 18
71 75
77 79
19 22
59 62
25 27
53 56
78 82
26 93
41 85
107 110
87 89
36 38
67 72
2 4
27 31
46 50
57 69
77 80
57 59
81 83
39 93
49 76
40 85
14 16
24 29
46 48
66 68
85 92
39 58
96 98
45 51
19 30
35 37
1 4
20 22
31 93
34 93
0 112
11 106
43 78
18 32
9 113
4 6
77 92
1 111
108 111
3 5
0 9
98 100
79 82
7 97
42 57
0 1
1 2
2 3
3 4
4 5
5 6
6 7
7 8
8 9
9 10
10 11
11 12
12 13
13 14
14 15
15 16
16 17
17 18
18 19
19 20
20 21
21 22
22 23
23 24
24 25
25 26
26 27
27 28
28 29
29 30
30 31
31 32
32 33
33 34
34 35
35 36
36 37
37 38
38 39
39 40
40 41
41 42
42 43
43 44
44 45
45 46
46 47
47 48
48 49
49 50
50 51
51 52
52 53
53 54
54 55
55 56
56 57
57 58
58 59
59 60
60 61
61 62
62 63
63 64
64 65
65 66
66 67
67 68
68 69
69 70
70 71
71 72
72 73
73 74
74 75
75 76
76 77
77 78
78 79
79 80
80 81
81 82
82 83
83 84
84 85
85 86
86 87
87 88
88 89
89 90
90 91
91 92
92 93
93 94
94 95
95 96
96 97
97 98
98 99
99 100
100 101
101 102
102 103
103 104
104 105
105 106
106 107
107 108
108 109
109 110
110 111
111 112
112 113
113 0
70 105
57 95
1 37
25 35
73 98
7 48
70 89
46 106
51 109
9 24
67 95
5 33
5 51
81 84
86 95
61 63
8 39
82 86
5 36
51 66
5 112
51 69
86 97
77 86
15 36
14 20
41 45
81 89
9 30
80 84
95 105
51 107
39 106
76 80
58 95
70 75
31 33
17 25
53 63
8 40
16 35
72 101
59 64
49 105
8 37
7 51
53 60
40 42
28 35
17 22
73 77
72 99
40 48
67 91
96 101
39 44
72 102
39 112
40 44
52 57
50 70
13 22
41 43
39 107
51 106
10 36
87 93
17 19
7 32
13 21
9 28
39 109
64 95
9 31
9 26
23 25
12 36
29 35
1 113
88 91
78 80
13 20
0 3
17 20
61 64
17 35
51 111
56 58
7 50
52 66
80 86
52 63
82 89
64 66
15 35
3 112
52 64
37 112
87 94
45 106
14 36
1 3
47 106
1 36
53 58
13 23
80 85
67 69
101 104
52 95
89 91
70 73
34 36
54 58
30 33
84 86
5 111
97 101
69 91
9 36
49 106
17 23
67 92
69 89
52 105
6 32
72 105
9 37
47 49
41 46
60 63
39 108
73 86
29 33
27 35
11 36
14 18
6 51
51 68
0 2
86 94
7 31
9 29
6 33
107 109
60 62
15 18
38 112
24 26
55 57
73 76
58 64
72 100
92 95
14 19
82 87
41 48
95 104
76 89
11 24
88 93
41 44
52 55
51 67
65 95
72 103
26 35
66 95
52 54
73 99
83 86
78 86
73 75
8 31
41 47
58 60
97 99
101 103
11 23
17 21
40 43
99 101
86 96
82 84
50 105
29 34
3 113
12 23
51 105
8 38
7 40
13 36
76 79
51 70
26 28
70 74
44 106
103 105
51 110
4 36
75 89
1 112
76 81
5 34
60 64
109 112
69 90
15 17
76 78
7 49
4 112
92 94
10 24
82 88
73 97
3 36
55 58
96 104
71 105
88 92
