0 1
1 2
2 3
3 4
4 5
5 6
6 7
7 8
8 9
9 10
10 11
11 12
12 13
13 14
14 15
15 16
16 17
17 18
18 19
19 20
20 21
21 22
22 23
23 24
24 25
25 26
26 27
27 28
28 29
29 30
30 31
31 32
32 33
33 34
34 35
35 36
36 37
37 38
38 39
39 40
40 41
41 42
42 43
43 44
44 45
45 46
46 47
47 48
48 49
49 50
50 51
51 52
52 53
53 54
54 55
55 56
56 57
57 58
58 59
59 60
60 61
61 62
62 63
63 64
64 65
65 66
66 67
67 68
68 69
69 70
70 71
71 72
72 73
73 74
74 75
75 76
76 77
77 78
78 79
79 80
80 81
81 82
82 83
83 84
84 85
85 86
86 87
87 88
88 89
89 90
90 91
91 92
92 93
93 94
94 95
95 96
96 97
97 98
98 99
99 100
100 101
101 102
102 103
103 104
104 105
105 106
106 107
107 108
108 109
109 110
110 111
111 112
112 113
113 0
39 102
33 41
87 91
12 29
46 73
45 80
13 38
71 108
81 84
6 9
89 100
48 58
11 106
47 73
0 53
87 99
72 76
40 89
68 113
25 38
28 31
40 45
86 100
82 103
32 37
6 29
5 111
12 39
39 89
83 86
95 100
59 71
79 106
14 38
8 109
69 109
42 46
81 83
11 108
28 30
3 46
66 71
64 71
17 26
16 27
3 6
72 74
56 62
49 57
57 60
70 109
29 41
75 79
0 54
46 49
78 106
92 95
30 33
35 37
41 46
109 113
45 88
95 97
48 71
109 111
38 41
18 22
51 56
39 103
40 42
1 112
15 25
80 84
71 106
15 21
82 102
36 41
79 81
76 106
79 103
63 113
1 52
57 62
77 79
34 37
5 8
93 96
8 11
20 22
25 37
10 12
46 79
26 31
68 70
71 107
14 29
91 99
87 90
18 24
97 99
2 50
84 86
104 106
51 54
26 32
54 113
4 112
66 113
24 26
89 101
15 23
3 50
106 108
14 16
42 44
96 99
44 46
63 71
45 85
103 106
58 71
111 113
1 53
45 89
77 106
59 62
17 19
14 25
30 41
8 108
46 75
1 51
5 7
27 31
91 96
4 6
17 21
9 12
98 100
68 71
42 45
5 109
6 12
55 63
90 92
1 50
70 108
25 32
5 110
16 29
17 20
54 63
35 41
18 20
63 66
90 100
39 101
6 41
92 100
67 71
68 109
82 101
46 74
2 112
63 65
36 38
74 76
92 94
94 96
71 73
76 79
82 100
47 71
16 28
79 104
47 49
7 9
56 63
45 79
46 50
92 96
43 46
79 82
4 111
86 88
97 100
79 105
50 56
17 24
60 62
62 71
49 56
9 11
66 68
0 112
33 37
65 71
85 88
15 24
45 84
38 40
58 60
51 53
48 57
16 21
30 32
13 39
39 106
21 23
59 61
87 89
71 76
33 35
3 41
22 24
16 26
86 99
3 112
11 39
12 14
82 86
54 56

0 1
1 2
2 3
3 4
4 5
5 6
6 7
7 8
8 9
9 10
10 11
11 12
12 13
13 14
14 15
15 16
16 17
17 18
18 19
19 20
20 21
21 22
22 23
23 24
24 25
25 26
26 27
27 28
28 29
29 30
30 31
31 32
32 33
33 34
34 35
35 36
36 37
37 38
38 39
39 40
40 41
41 42
42 43
43 44
44 45
45 46
46 47
47 48
48 49
49 50
50 51
51 52
52 53
53 54
54 55
55 56
56 57
57 58
58 59
59 60
60 61
61 62
62 63
63 64
64 65
65 66
66 67
67 68
68 69
69 70
70 71
71 72
72 73
73 74
74 75
75 76
76 77
77 78
78 79
79 80
80 81
81 82
82 83
83 84
84 85
85 86
86 87
87 88
88 89
89 90
90 91
91 92
92 93
93 94
94 95
95 96
96 97
97 98
98 99
99 100
100 101
101 102
102 103
103 104
104 105
105 106
106 107
107 108
108 109
109 110
110 111
111 112
112 113
113 0
50 65
80 89
28 102
1 111
5 41
89 91
56 58
73 80
50 103
30 37
30 92
3 108
59 67
42 74
59 82
25 105
6 35
16 109
54 57
48 74
80 85
50 106
51 100
49 66
54 92
38 75
58 88
62 66
13 110
8 112
20 108
5 36
86 89
49 107
84 88
15 28
5 39
73 77
96 98
7 33
56 64
44 107
15 109
49 74
75 77
75 80
95 98
2 113
18 28
51 102
60 64
52 94
5 108
18 21
3 109
30 96
54 89
6 36
31 37
26 104
67 72
22 107
61 63
9 33
49 68
40 74
55 65
75 78
13 111
38 80
15 31
100 102
30 38
37 39
30 80
22 26
49 69
8 10
51 99
102 104
45 47
47 107
60 63
51 94
56 60
53 92
28 98
43 107
89 92
43 48
50 105
61 66
99 101
28 104
42 108
29 96
22 25
30 94
58 84
14 32
45 107
13 33
5 113
21 108
11 33
11 111
52 92
14 31
73 75
69 74
2 109
50 52
98 102
16 108
24 105
17 108
2 4
58 83
33 36
39 41
42 48
30 93
24 107
56 65
8 111
6 113
15 110
31 36
49 65
41 74
14 110
80 82
52 55
34 36
8 33
84 87
82 84
15 30
54 90
25 104
67 73
70 74
77 80
64 66
43 108
82 85
16 18
6 8
59 83
21 28
54 58
50 107
7 35
13 32
22 108
73 76
19 108
1 110
39 75
15 18
0 111
73 81
54 88
15 29
53 55
44 47
105 107
70 72
40 75
62 64
36 39
6 112
80 86
94 99
50 55
50 102
1 113
1 109
54 91
26 28
56 59
70 73
68 72
95 99
50 104
43 47
12 111
69 71
21 26
46 107
78 80
30 95
5 42
11 13
3 5
59 73
80 92
31 33
59 81
19 21
98 101
7 34
60 67
61 67
28 96
2 5
28 97
21 27
52 93
23 25
69 72
10 111
18 108
49 67
48 107
10 33
85 87
55 57
23 107
