0 1
1 2
2 3
3 4
4 5
5 6
6 7
7 8
8 9
9 10
10 11
11 12
12 13
13 14
14 15
15 16
16 17
17 18
18 19
19 20
20 21
21 22
22 23
23 24
24 25
25 26
26 27
27 28
28 29
29 30
30 31
31 32
32 33
33 34
34 35
35 36
36 37
37 38
38 39
39 40
40 41
41 42
42 43
43 44
44 45
45 46
46 47
47 48
48 49
49 50
50 51
51 52
52 53
53 54
54 55
55 56
56 57
57 58
58 59
59 60
60 61
61 62
62 63
63 64
64 65
65 66
66 67
67 68
68 69
69 70
70 71
71 72
72 73
73 74
74 75
75 76
76 77
77 78
78 79
79 80
80 81
81 82
82 83
83 84
84 85
85 86
86 87
87 88
88 89
89 90
90 91
91 92
92 93
93 94
94 95
95 96
96 97
97 98
98 99
99 100
100 101
101 102
102 103
103 104
104 105
105 106
106 107
107 108
108 109
109 110
110 111
111 112
112 113
113 0
18 79
4 47
57 100
26 32
66 71
53 63
11 39
61 98
9 46
63 79
8 97
11 29
55 104
82 92
6 103
6 113
76 96
5 47
36 79
91 93
43 51
15 89
16 28
53 110
34 38
18 83
37 53
37 43
0 5
10 46
62 67
61 68
83 86
8 93
37 39
67 69
82 95
49 112
69 74
85 88
86 91
39 46
18 32
15 18
9 15
9 91
6 47
55 107
15 84
43 49
68 96
100 104
19 24
62 66
54 56
48 112
69 72
18 36
53 61
77 80
6 109
63 72
11 28
2 113
15 85
99 102
82 96
61 100
6 99
27 32
96 98
74 79
72 74
29 38
37 51
103 105
55 57
39 41
21 28
68 98
25 27
80 82
101 103
46 48
82 94
19 25
41 45
86 90
3 47
54 60
63 65
22 28
30 33
15 90
21 24
48 113
53 60
44 49
36 63
55 106
53 112
33 38
30 38
10 39
88 90
57 104
68 76
66 72
56 60
79 82
97 99
11 15
42 44
103 107
2 5
52 112
2 48
20 24
54 107
49 51
8 47
56 58
68 74
53 107
11 38
100 102
93 97
16 21
37 40
84 86
81 96
110 112
37 42
5 113
37 41
25 32
3 48
75 79
30 32
64 66
25 28
110 113
18 34
34 37
83 92
76 79
13 28
76 78
6 97
77 79
93 96
39 45
103 108
46 49
12 28
37 52
6 110
103 109
27 31
50 52
18 35
10 15
86 88
69 71
18 33
83 91
58 100
23 28
3 5
103 106
73 79
9 47
27 30
16 19
53 62
100 103
16 18
1 5
6 102
44 46
59 61
66 69
66 70
104 106
111 113
19 21
61 99
80 96
59 100
23 25
50 112
65 72
8 91
11 13
92 94
62 64
22 24
56 59
7 97
17 19
14 28
34 36
1 113
14 16
85 87
61 67
63 73
27 29
68 75
6 8
15 88
11 14
79 83
77 96
93 95
15 83
9 90
18 25
53 108
36 53
41 44
53 109

0 1
1 2
2 3
3 4
4 5
5 6
6 7
7 8
8 9
9 10
10 11
11 12
12 13
13 14
14 15
15 16
16 17
17 18
18 19
19 20
20 21
21 22
22 23
23 24
24 25
25 26
26 27
27 28
28 29
29 30
30 31
31 32
32 33
33 34
34 35
35 36
36 37
37 38
38 39
39 40
40 41
41 42
42 43
43 44
44 45
45 46
46 47
47 48
48 49
49 50
50 51
51 52
52 53
53 54
54 55
55 56
56 57
57 58
58 59
59 60
60 61
61 62
62 63
63 64
64 65
65 66
66 67
67 68
68 69
69 70
70 71
71 72
72 73
73 74
74 75
75 76
76 77
77 78
78 79
79 80
80 81
81 82
82 83
83 84
84 85
85 86
86 87
87 88
88 89
89 90
90 91
91 92
92 93
93 94
94 95
95 96
96 97
97 98
98 99
99 100
100 101
101 102
102 103
103 104
104 105
105 106
106 107
107 108
108 109
109 110
110 111
111 112
112 113
113 0
10 37
4 29
3 33
57 89
6 57
35 58
57 92
18 20
10 21
75 77
76 106
90 105
62 113
71 106
95 103
38 55
14 23
83 106
0 93
12 30
77 83
33 59
47 57
73 89
10 12
14 29
1 57
93 98
11 37
57 72
29 31
73 87
0 102
50 57
78 106
62 70
82 106
63 108
9 22
63 67
87 90
49 54
108 112
31 36
48 57
33 62
9 29
42 45
36 55
62 110
95 100
98 102
71 74
35 55
6 9
45 49
0 92
5 29
81 83
50 55
8 29
71 73
43 55
85 106
94 103
0 107
14 27
10 45
60 70
13 17
57 90
75 84
49 55
24 26
66 108
1 3
104 107
63 110
73 75
45 48
94 98
79 106
5 7
39 43
29 33
15 17
10 17
84 87
90 93
0 104
5 57
17 20
63 68
0 103
75 87
25 29
32 35
68 70
37 55
65 108
14 20
0 108
93 104
15 19
29 32
93 102
64 67
67 106
20 23
57 91
59 70
105 107
97 100
49 52
77 81
68 106
3 57
0 3
10 40
58 71
45 57
6 10
86 105
46 57
14 19
12 36
7 9
87 105
93 103
23 27
50 56
59 62
13 29
98 100
73 88
72 89
34 59
69 106
77 106
62 111
94 97
96 100
9 24
26 28
33 35
0 112
17 21
50 53
108 110
13 30
49 57
10 57
0 62
66 106
39 42
12 37
62 68
95 97
78 81
77 84
49 53
0 2
35 57
38 40
5 8
70 106
85 105
10 41
10 13
53 55
57 71
80 106
10 42
0 33
79 81
13 15
21 23
40 42
108 111
39 55
45 55
60 62
90 104
71 76
62 112
43 45
24 29
74 76
34 58
95 102
9 21
26 29
59 71
64 108
4 57
35 56
81 106
109 111
24 27
87 89
51 53
106 108
98 101
3 29
65 67
84 106
44 55
1 92
32 36
12 31
99 101
10 38
9 23
90 92
95 101
61 70
13 16
45 47
