0 1
1 2
2 3
3 4
4 5
5 6
6 7
7 8
8 9
9 10
10 11
11 12
12 13
13 14
14 15
15 16
16 17
17 18
18 19
19 20
20 21
21 22
22 23
23 24
24 25
25 26
26 27
27 28
28 29
29 30
30 31
31 32
32 33
33 34
34 35
35 36
36 37
37 38
38 39
39 40
40 41
41 42
42 43
43 44
44 45
45 46
46 47
47 48
48 49
49 50
50 51
51 52
52 53
53 54
54 55
55 56
56 57
57 58
58 59
59 60
60 61
61 62
62 63
63 64
64 65
65 66
66 67
67 68
68 69
69 70
70 71
71 72
72 73
73 74
74 75
75 76
76 77
77 78
78 79
79 80
80 81
81 82
82 83
83 84
84 85
85 86
86 87
87 88
88 89
89 90
90 91
91 92
92 93
93 94
94 95
95 96
96 97
97 98
98 99
99 100
100 101
101 102
102 103
103 104
104 105
105 106
106 107
107 108
108 109
109 110
110 111
111 112
112 113
113 114
114 0
11 76
4 91
32 91
39 63
17 43
20 106
33 65
1 105
11 90
11 81
1 17
84 90
50 62
23 38
25 27
63 68
56 76
51 56
46 53
28 33
4 101
47 52
39 47
81 86
17 109
36 38
61 72
61 74
98 103
75 87
66 91
25 97
99 101
0 106
4 103
92 100
2 10
82 84
27 34
93 100
50 61
12 54
16 46
2 12
68 74
59 74
1 3
81 87
23 105
1 114
31 91
22 42
62 69
16 53
69 72
38 41
74 87
29 92
39 49
106 112
8 11
37 63
2 11
4 7
30 32
12 17
6 91
24 105
62 70
92 94
28 34
14 53
28 96
28 94
106 109
48 50
57 61
91 100
0 112
39 46
88 90
17 20
87 91
25 98
1 106
6 8
19 42
98 105
74 76
4 9
86 89
41 44
25 34
49 63
37 39
20 105
25 105
11 79
78 80
6 11
56 58
23 34
5 91
98 104
107 111
17 46
29 33
12 15
56 61
47 50
34 38
81 83
18 20
25 96
34 65
64 66
4 105
63 65
36 65
58 74
107 110
12 14
46 52
26 28
17 114
87 90
111 113
19 21
20 22
93 96
93 97
30 91
110 113
83 85
54 76
68 91
106 111
14 16
93 99
22 38
50 63
9 11
30 92
4 8
58 61
51 54
19 43
4 100
51 61
26 96
40 44
64 67
69 73
78 81
18 43
38 40
12 16
17 44
40 46
94 96
23 25
79 81
44 46
108 110
11 91
11 54
70 72
77 79
63 67
85 90
61 73
66 68
36 63
62 72
101 103
2 17
29 94
2 9
38 42
99 102
62 68
32 65
30 33
81 84
47 49
35 38
28 95
76 81
98 102
76 79
42 44
19 22
35 65
97 99
47 51
2 4
5 7
69 71
106 108
60 74
74 91
81 85
51 55
17 106
76 78
86 88
55 76
58 76
76 87
17 45
86 90
12 53
0 113
81 90
58 60
51 53
20 23
17 110
4 104
110 114
1 4
65 91
68 73
13 15

0 1
1 2
2 3
3 4
4 5
5 6
6 7
7 8
8 9
9 10
10 11
11 12
12 13
13 14
14 15
15 16
16 17
17 18
18 19
19 20
20 21
21 22
22 23
23 24
24 25
25 26
26 27
27 28
28 29
29 30
30 31
31 32
32 33
33 34
34 35
35 36
36 37
37 38
38 39
39 40
40 41
41 42
42 43
43 44
44 45
45 46
46 47
47 48
48 49
49 50
50 51
51 52
52 53
53 54
54 55
55 56
56 57
57 58
58 59
59 60
60 61
61 62
62 63
63 64
64 65
65 66
66 67
67 68
68 69
69 70
70 71
71 72
72 73
73 74
74 75
75 76
76 77
77 78
78 79
79 80
80 81
81 82
82 83
83 84
84 85
85 86
86 87
87 88
88 89
89 90
90 91
91 92
92 93
93 94
94 95
95 96
96 97
97 98
98 99
99 100
100 101
101 102
102 103
103 104
104 105
105 106
106 107
107 108
108 109
109 110
110 111
111 112
112 113
113 114
114 0
99 108
56 72
112 114
13 53
78 97
47 91
24 48
0 57
32 99
29 32
52 80
52 72
65 74
78 96
28 40
19 49
14 31
10 108
0 61
38 46
10 114
3 6
46 93
99 104
98 100
60 63
73 79
86 94
63 78
11 55
48 51
15 52
85 95
21 48
16 27
17 51
51 90
4 6
2 8
23 27
39 43
105 112
60 64
29 39
25 46
105 114
3 8
78 95
87 93
28 43
35 46
18 22
69 74
84 88
91 93
51 84
0 104
8 57
110 112
11 32
33 97
3 9
32 98
71 74
13 54
75 79
100 103
97 103
16 22
79 84
89 92
10 57
33 35
29 38
3 5
58 64
17 49
62 78
12 55
109 112
40 42
87 92
111 114
33 36
56 68
40 43
41 43
2 6
0 3
10 55
55 72
46 94
46 48
16 23
63 75
57 64
55 57
56 70
100 104
63 76
15 29
0 78
100 102
107 109
10 99
57 67
51 83
17 22
46 97
21 23
56 71
32 36
36 46
75 77
29 40
20 48
86 93
0 105
51 81
19 48
18 49
25 43
25 44
0 62
53 72
0 59
15 28
15 27
63 77
16 51
32 38
10 109
65 68
13 52
105 113
99 106
9 57
14 30
84 95
0 8
14 29
0 97
11 13
68 70
89 91
13 32
63 74
43 46
61 63
11 99
65 69
46 95
17 50
102 104
109 114
65 67
38 43
28 42
16 52
75 78
9 114
70 74
80 82
13 31
79 83
109 111
56 67
13 55
2 5
52 81
0 103
72 79
51 91
59 64
46 96
57 59
32 37
18 21
0 9
72 74
84 86
54 72
99 107
107 112
1 8
33 98
3 7
85 94
49 51
51 88
25 45
34 97
79 82
74 79
21 24
57 65
97 100
23 26
29 31
43 45
35 97
37 46
0 60
2 7
52 79
101 104
88 92
47 93
27 43
104 106
14 52
51 89
51 82
48 91
25 48
24 26
26 43
64 74
78 84
105 107
84 87
57 66
0 2
