0 1
1 2
2 3
3 4
4 5
5 6
6 7
7 8
8 9
9 10
10 11
11 12
12 13
13 14
14 15
15 16
16 17
17 18
18 19
19 20
20 21
21 22
22 23
23 24
24 25
25 26
26 27
27 28
28 29
29 30
30 31
31 32
32 33
33 34
34 35
35 36
36 37
37 38
38 39
39 40
40 41
41 42
42 43
43 44
44 45
45 46
46 47
47 48
48 49
49 50
50 51
51 52
52 53
53 54
54 55
55 56
56 57
57 58
58 59
59 60
60 61
61 62
62 63
63 64
64 65
65 66
66 67
67 68
68 69
69 70
70 71
71 72
72 73
73 74
74 75
75 76
76 77
77 78
78 79
79 80
80 81
81 82
82 83
83 84
84 85
85 86
86 87
87 88
88 89
89 90
90 91
91 92
92 93
93 94
94 95
95 96
96 97
97 98
98 99
99 100
100 101
101 102
102 103
103 104
104 105
105 106
106 107
107 108
108 109
109 110
110 111
111 112
112 113
113 114
114 0
13 79
58 61
58 93
40 68
34 103
23 74
42 46
38 44
71 74
7 80
74 93
77 82
81 96
80 110
9 106
25 35
36 73
18 27
58 102
36 58
90 95
106 109
36 70
58 98
17 103
68 93
81 89
26 30
28 33
8 113
42 62
13 19
40 66
93 98
58 66
100 107
93 97
89 91
23 27
45 50
74 86
58 100
6 110
61 64
23 77
50 53
80 96
58 103
57 62
89 92
5 111
19 23
82 84
23 25
37 56
19 21
47 50
38 41
44 53
13 106
7 113
59 65
22 78
76 84
28 31
26 33
10 12
21 23
91 93
6 114
17 27
106 112
51 53
8 10
1 5
87 92
28 32
16 103
51 54
76 83
3 112
19 22
30 33
103 105
38 70
75 77
62 65
41 65
51 57
58 62
25 27
15 18
42 47
85 87
82 87
74 84
45 47
27 30
81 95
97 108
25 74
28 34
71 93
11 106
87 89
0 113
102 105
74 85
14 105
37 58
19 27
91 95
26 34
52 54
29 31
100 106
49 62
10 13
4 112
8 106
78 80
59 61
54 56
74 76
48 50
81 90
74 87
2 4
39 68
13 22
24 74
10 80
80 108
12 106
23 75
0 112
7 110
62 64
99 107
58 60
25 73
38 69
8 80
94 96
38 53
6 113
5 114
41 66
98 108
15 104
101 105
36 103
77 81
36 38
42 45
0 5
37 55
37 57
50 62
91 94
108 110
47 62
99 108
40 67
39 41
39 69
22 77
2 5
70 72
61 63
54 57
45 53
27 34
2 112
34 36
101 106
77 80
42 65
53 55
20 23
16 104
109 111
82 85
66 68
72 74
38 42
10 79
107 109
5 112
27 103
14 104
38 55
28 30
10 106
8 112
61 65
14 18
70 73
15 17
58 65
5 110
69 71
13 105
31 33
77 83
82 89
94 97
47 49
96 108
25 36
0 2
106 111
100 102
68 71
74 92
38 43
13 18
88 92
22 79
50 57
25 34
43 45
58 99
66 93
0 1
1 2
2 3
3 4
4 5
5 6
6 7
7 8
8 9
9 10
10 11
11 12
12 13
13 14
14 15
15 16
16 17
17 18
18 19
19 20
20 21
21 22
22 23
23 24
24 25
25 26
26 27
27 28
28 29
29 30
30 31
31 32
32 33
33 34
34 35
35 36
36 37
37 38
38 39
39 40
40 41
41 42
42 43
43 44
44 45
45 46
46 47
47 48
48 49
49 50
50 51
51 52
52 53
53 54
54 55
55 56
56 57
57 58
58 59
59 60
60 61
61 62
62 63
63 64
64 65
65 66
66 67
67 68
68 69
69 70
70 71
71 72
72 73
73 74
74 75
75 76
76 77
77 78
78 79
79 80
80 81
81 82
82 83
83 84
84 85
85 86
86 87
87 88
88 89
89 90
90 91
91 92
92 93
93 94
94 95
95 96
96 97
97 98
98 99
99 100
100 101
101 102
102 103
103 104
104 105
105 106
106 107
107 108
108 109
109 110
110 111
111 112
112 113
113 114
114 0
5 58
22 74
2 104
62 93
15 103
13 38
51 66
25 32
19 77
62 87
32 36
10 110
28 36
56 60
63 72
13 46
38 68
15 110
51 60
46 68
9 113
16 24
15 37
1 108
22 27
13 42
3 7
2 106
8 11
91 99
15 35
61 103
100 103
41 46
0 3
79 84
53 58
91 98
77 89
29 36
61 95
12 14
98 102
11 53
50 66
38 72
85 88
54 60
38 46
12 50
51 65
19 103
82 88
77 88
15 34
15 108
62 73
13 48
62 95
3 9
64 69
88 93
18 22
83 88
54 58
38 71
2 103
91 96
78 82
1 106
90 92
50 67
7 11
22 26
20 75
110 113
12 110
55 58
74 79
76 79
36 74
90 100
60 64
22 36
44 46
24 26
79 87
12 53
0 110
38 40
11 58
65 68
32 34
17 19
48 68
15 32
3 6
59 103
22 75
92 94
10 112
64 71
96 103
97 102
9 114
41 44
18 20
5 11
13 40
55 60
60 62
7 9
60 103
12 48
27 29
18 21
79 83
73 87
16 22
26 29
33 35
13 43
35 37
99 101
16 23
14 110
4 58
77 100
62 94
9 11
3 59
80 83
53 60
38 74
33 36
60 65
97 103
17 22
26 32
91 100
40 46
12 49
56 58
43 46
3 114
83 85
22 24
10 113
56 59
13 37
12 51
65 69
88 90
78 88
49 67
19 75
79 81
48 67
5 7
0 109
92 95
15 24
92 96
21 75
31 36
13 39
57 59
76 78
103 107
30 32
13 41
19 100
65 67
87 93
37 74
1 109
111 113
63 73
4 6
61 96
15 25
78 81
84 87
110 112
80 82
27 36
104 107
19 76
41 45
2 59
15 19
2 105
46 48
15 107
101 103
86 88
15 109
1 3
52 60
64 72
104 106
29 32
73 79
98 101
68 70
84 86
91 97
14 37
42 44
77 90
47 68
38 73
4 59
75 79
16 19
106 108
12 52
30 36
110 114
64 70
11 110
90 93
60 63
