0 1
1 2
2 3
3 4
4 5
5 6
6 7
7 8
8 9
9 10
10 11
11 12
12 13
13 14
14 15
15 16
16 17
17 18
18 19
19 20
20 21
21 22
22 23
23 24
24 25
25 26
26 27
27 28
28 29
29 30
30 31
31 32
32 33
33 34
34 35
35 36
36 37
37 38
38 39
39 40
40 41
41 42
42 43
43 44
44 45
45 46
46 47
47 48
48 49
49 50
50 51
51 52
52 53
53 54
54 55
55 56
56 57
57 58
58 59
59 60
60 61
61 62
62 63
63 64
64 65
65 66
66 67
67 68
68 69
69 70
70 71
71 72
72 73
73 74
74 75
75 76
76 77
77 78
78 79
79 80
80 81
81 82
82 83
83 84
84 85
85 86
86 87
87 88
88 89
89 90
90 91
91 92
92 93
93 94
94 95
95 96
96 97
97 98
98 99
99 100
100 101
101 102
102 103
103 104
104 105
105 106
106 107
107 108
108 109
109 110
110 111
111 112
112 113
113 114
114 0
71 93
33 61
72 113
99 113
84 94
82 110
81 93
30 69
11 14
15 58
2 22
10 19
38 53
21 29
86 92
81 111
0 4
18 54
29 32
40 57
5 61
35 60
84 109
84 107
22 113
96 101
10 16
4 6
21 37
63 69
70 72
96 105
26 29
37 53
44 57
72 112
71 73
98 101
85 93
93 113
46 55
28 72
0 22
67 113
78 111
39 51
88 90
73 93
65 69
40 58
39 52
52 54
101 103
82 86
18 53
36 38
61 63
7 22
32 37
75 111
32 36
99 110
64 66
102 104
5 14
79 111
22 29
0 113
87 93
96 106
22 72
12 16
45 56
10 12
104 110
39 43
45 48
103 110
45 57
74 112
73 79
61 114
73 81
17 57
74 79
84 93
93 96
81 86
49 55
23 28
82 109
108 110
38 59
30 32
18 21
81 110
39 48
26 28
64 114
17 19
76 79
75 79
34 61
6 22
111 113
100 110
69 72
29 37
1 22
15 59
29 72
73 80
32 63
7 11
99 101
45 55
49 52
87 92
8 11
6 11
10 22
105 110
11 13
83 109
86 91
1 4
85 92
96 98
105 107
97 99
38 58
13 15
66 69
33 35
30 63
93 95
5 15
4 22
17 54
68 70
66 113
39 42
43 48
79 81
94 106
54 57
4 61
70 93
8 10
68 93
96 113
97 113
62 64
5 60
23 27
9 22
23 72
39 53
41 44
36 59
64 69
32 35
67 69
74 111
82 84
95 106
87 89
23 25
16 57
75 78
49 51
44 48
10 21
88 92
7 9
76 78
2 4
5 59
24 26
40 42
96 102
84 86
16 19
16 58
32 61
48 50
22 26
55 57
12 15
87 91
41 57
84 106
4 114
107 110
42 44
87 90
1 3
46 48
35 59
86 93
48 51
22 25
100 103
110 113
5 11
24 27
90 92
31 63
34 60
75 77
68 113
38 40
19 21
66 114
18 37
84 108
72 74
49 54
30 72
18 20
96 104
48 55
61 64
45 47
0 1
1 2
2 3
3 4
4 5
5 6
6 7
7 8
8 9
9 10
10 11
11 12
12 13
13 14
14 15
15 16
16 17
17 18
18 19
19 20
20 21
21 22
22 23
23 24
24 25
25 26
26 27
27 28
28 29
29 30
30 31
31 32
32 33
33 34
34 35
35 36
36 37
37 38
38 39
39 40
40 41
41 42
42 43
43 44
44 45
45 46
46 47
47 48
48 49
49 50
50 51
51 52
52 53
53 54
54 55
55 56
56 57
57 58
58 59
59 60
60 61
61 62
62 63
63 64
64 65
65 66
66 67
67 68
68 69
69 70
70 71
71 72
72 73
73 74
74 75
75 76
76 77
77 78
78 79
79 80
80 81
81 82
82 83
83 84
84 85
85 86
86 87
87 88
88 89
89 90
90 91
91 92
92 93
93 94
94 95
95 96
96 97
97 98
98 99
99 100
100 101
101 102
102 103
103 104
104 105
105 106
106 107
107 108
108 109
109 110
110 111
111 112
112 113
113 114
114 0
2 21
73 92
13 94
47 114
77 107
95 103
43 45
41 53
38 43
10 111
17 38
62 74
79 87
14 39
14 69
41 60
94 97
10 103
43 50
82 101
58 113
48 52
22 46
18 24
91 99
0 21
72 93
55 114
54 114
52 114
41 63
5 16
18 29
83 87
16 21
31 43
75 87
10 110
15 39
83 90
75 109
63 73
7 12
29 35
92 97
10 113
41 43
27 29
106 109
54 56
6 14
17 29
75 110
81 105
1 21
2 6
25 28
97 102
91 98
65 67
2 114
27 44
82 91
57 59
62 110
14 66
99 102
60 113
13 69
86 90
73 91
48 114
81 101
70 94
88 91
62 75
11 94
54 60
34 36
37 43
22 27
77 80
35 38
41 51
1 114
53 114
10 114
65 73
74 91
77 109
80 106
97 103
78 80
43 47
2 16
14 63
39 41
3 6
91 97
57 114
27 45
29 43
20 23
60 112
13 70
35 37
91 100
82 87
110 112
12 94
72 94
6 8
67 70
16 38
14 41
65 72
82 90
2 9
19 24
105 109
31 37
41 54
84 90
31 33
61 112
32 34
103 105
10 94
81 87
42 51
7 13
0 46
29 33
71 94
92 94
41 62
74 87
63 74
30 43
30 33
29 44
47 50
104 109
56 60
25 27
81 106
40 43
102 105
63 66
76 87
21 46
81 102
9 12
27 46
61 110
63 65
59 113
31 36
95 97
23 26
86 88
2 8
10 112
77 87
65 70
14 16
2 5
16 20
78 87
94 96
77 106
18 28
65 71
9 11
10 109
76 109
77 108
66 68
83 86
56 59
21 23
0 47
43 51
8 12
16 39
17 20
51 53
60 62
100 102
98 102
72 92
6 13
82 100
56 114
83 85
29 38
18 25
107 109
14 68
2 10
94 103
19 23
57 113
64 73
85 90
43 46
89 91
29 34
50 52
6 16
103 109
47 49
3 5
86 89
74 88
80 87
31 34
