0 1
1 2
2 3
3 4
4 5
5 6
6 7
7 8
8 9
9 10
10 11
11 12
12 13
13 14
14 15
15 16
16 17
17 18
18 19
19 20
20 21
21 22
22 23
23 24
24 25
25 26
26 27
27 28
28 29
29 30
30 31
31 32
32 33
33 34
34 35
35 36
36 37
37 38
38 39
39 40
40 41
41 42
42 43
43 44
44 45
45 46
46 47
47 48
48 49
49 50
50 51
51 52
52 53
53 54
54 55
55 56
56 57
57 58
58 59
59 60
60 61
61 62
62 63
63 64
64 65
65 66
66 67
67 68
68 69
69 70
70 71
71 72
72 73
73 74
74 75
75 76
76 77
77 78
78 79
79 80
80 81
81 82
82 83
83 84
84 85
85 86
86 87
87 88
88 89
89 90
90 91
91 92
92 93
93 94
94 95
95 96
96 97
97 98
98 99
99 100
100 101
101 102
102 103
103 104
104 105
105 106
106 107
107 108
108 109
109 110
110 111
111 112
112 113
113 114
114 0
50 103
45 53
23 109
84 107
71 82
13 84
30 63
9 22
54 100
49 108
14 18
41 46
23 74
60 94
26 49
20 74
30 61
26 33
39 59
25 27
2 109
73 76
8 114
71 73
48 51
60 88
64 67
92 99
10 22
26 46
49 104
23 111
15 21
58 100
29 73
33 46
24 29
0 6
77 80
66 71
28 32
45 48
14 74
7 84
54 101
84 86
60 89
69 73
62 66
36 61
86 105
38 41
87 103
33 41
72 81
73 75
36 59
31 33
3 5
7 9
27 33
1 109
14 82
30 33
88 92
66 82
7 13
36 38
60 84
53 101
36 60
44 57
58 60
96 98
66 84
3 6
84 109
88 103
35 38
57 59
50 52
22 114
29 32
60 98
85 105
63 73
23 114
85 107
91 93
96 99
104 107
38 40
14 78
9 13
101 103
37 39
40 42
40 59
19 21
2 5
109 113
86 88
79 81
64 69
88 101
12 21
16 18
15 18
34 38
58 99
14 84
52 102
11 21
27 32
14 76
109 114
35 61
30 62
13 15
87 105
24 28
93 95
1 5
40 43
89 92
58 98
97 99
66 70
88 99
23 73
33 35
8 22
112 114
49 103
67 70
57 100
33 61
17 19
45 54
23 112
25 109
60 66
89 94
49 107
25 49
54 57
14 19
3 7
14 83
65 67
42 44
77 81
16 21
45 52
72 82
103 105
76 81
10 12
7 109
109 112
23 110
30 73
78 82
21 74
6 8
44 56
0 5
52 103
46 48
0 8
53 102
45 51
107 109
4 6
43 59
79 82
64 66
78 80
60 96
93 96
64 73
89 93
48 50
44 59
24 73
21 23
41 44
89 91
69 71
13 21
41 45
2 7
44 55
25 108
1 114
109 111
11 22
104 106
99 101
93 99
82 84
61 66
10 13
46 49
37 59
73 81
25 28
60 86
54 56
64 68
76 78
62 64
90 92
29 31
14 20
34 41
17 21
47 49
44 54
60 95
68 70
105 107
14 75
23 25
0 1
1 2
2 3
3 4
4 5
5 6
6 7
7 8
8 9
9 10
10 11
11 12
12 13
13 14
14 15
15 16
16 17
17 18
18 19
19 20
20 21
21 22
22 23
23 24
24 25
25 26
26 27
27 28
28 29
29 30
30 31
31 32
32 33
33 34
34 35
35 36
36 37
37 38
38 39
39 40
40 41
41 42
42 43
43 44
44 45
45 46
46 47
47 48
48 49
49 50
50 51
51 52
52 53
53 54
54 55
55 56
56 57
57 58
58 59
59 60
60 61
61 62
62 63
63 64
64 65
65 66
66 67
67 68
68 69
69 70
70 71
71 72
72 73
73 74
74 75
75 76
76 77
77 78
78 79
79 80
80 81
81 82
82 83
83 84
84 85
85 86
86 87
87 88
88 89
89 90
90 91
91 92
92 93
93 94
94 95
95 96
96 97
97 98
98 99
99 100
100 101
101 102
102 103
103 104
104 105
105 106
106 107
107 108
108 109
109 110
110 111
111 112
112 113
113 114
114 0
53 114
17 84
0 94
47 53
44 58
24 71
13 31
63 114
7 36
70 92
81 89
87 92
55 114
48 52
44 52
27 68
16 22
41 52
25 69
80 89
30 38
7 38
94 101
102 111
93 97
8 10
104 113
63 92
22 72
92 97
13 17
87 93
1 8
92 104
29 42
17 77
92 100
10 86
28 59
13 27
8 11
8 13
22 76
23 71
57 63
28 61
18 22
39 114
65 69
81 83
17 85
45 49
101 104
34 36
105 110
5 114
27 29
46 55
95 100
79 92
0 4
85 87
22 75
78 92
29 40
53 55
95 101
13 36
0 9
16 19
106 111
102 104
14 16
57 60
29 41
18 77
17 86
42 59
30 35
111 114
56 114
0 3
17 79
1 4
94 114
16 24
94 102
71 77
45 55
61 67
71 78
16 23
92 114
110 112
57 114
31 34
45 57
108 111
27 61
45 50
17 80
31 35
39 53
0 2
88 90
55 57
39 41
102 114
75 77
16 25
72 77
72 75
15 25
7 39
73 77
83 89
25 68
31 36
95 97
64 70
48 53
71 92
100 104
42 52
30 37
30 36
104 112
80 82
0 86
4 8
2 4
12 86
86 93
5 8
98 100
86 94
32 36
105 109
92 113
27 30
1 9
77 79
85 88
64 92
63 66
66 69
28 42
79 89
66 68
59 61
14 17
95 98
94 96
32 34
102 106
84 89
43 52
5 39
8 36
60 63
22 77
12 17
11 13
46 53
105 112
61 63
16 20
25 70
0 10
14 25
17 82
45 58
26 68
13 26
4 114
65 70
72 74
17 83
85 89
42 58
88 91
106 108
94 97
5 7
60 62
29 39
13 30
61 68
30 39
23 72
39 52
54 114
106 109
103 106
7 37
49 51
111 113
107 111
20 22
79 90
11 86
33 36
14 26
45 47
43 58
74 77
18 21
63 67
92 98
95 99
44 50
24 70
49 52
18 20
79 91
6 39
63 65
44 51
87 91
108 110
