0 1
1 2
2 3
3 4
4 5
5 6
6 7
7 8
8 9
9 10
10 11
11 12
12 13
13 14
14 15
15 16
16 17
17 18
18 19
19 20
20 21
21 22
22 23
23 24
24 25
25 26
26 27
27 28
28 29
29 30
30 31
31 32
32 33
33 34
34 35
35 36
36 37
37 38
38 39
39 40
40 41
41 42
42 43
43 44
44 45
45 46
46 47
47 48
48 49
49 50
50 51
51 52
52 53
53 54
54 55
55 56
56 57
57 58
58 59
59 60
60 61
61 62
62 63
63 64
64 65
65 66
66 67
67 68
68 69
69 70
70 71
71 72
72 73
73 74
74 75
75 76
76 77
77 78
78 79
79 80
80 81
81 82
82 83
83 84
84 85
85 86
86 87
87 88
88 89
89 90
90 91
91 92
92 93
93 94
94 95
95 96
96 97
97 98
98 99
99 100
100 101
101 102
102 103
103 104
104 105
105 106
106 107
107 108
108 109
109 110
110 111
111 112
112 113
113 114
114 115
115 116
116 117
117 0
53 99
56 78
25 56
55 95
13 108
38 104
67 113
86 104
21 66
25 32
75 80
78 93
84 111
68 84
1 10
15 32
58 71
45 55
30 33
44 51
84 106
79 82
15 22
29 37
88 98
3 66
0 115
72 75
55 94
24 59
1 110
5 11
101 103
38 102
70 81
51 99
16 66
26 44
2 10
56 71
50 54
61 69
111 117
13 35
81 84
61 64
106 109
104 107
44 101
114 117
78 84
84 93
40 44
58 70
55 93
75 81
91 96
27 29
32 35
24 61
84 87
41 43
27 41
0 113
85 104
106 111
22 25
47 54
12 16
53 55
89 92
92 94
115 117
88 96
22 32
32 34
87 92
12 108
96 99
21 63
17 22
12 15
84 105
70 75
61 67
70 84
40 102
30 34
2 5
45 51
86 100
61 68
24 56
8 10
24 62
48 51
64 66
35 38
52 54
44 56
4 11
86 103
59 69
70 74
84 104
25 31
50 52
38 103
51 101
26 28
34 37
104 106
11 16
13 104
25 30
26 30
56 58
80 82
2 6
106 108
86 98
2 113
7 10
1 108
18 20
60 69
16 22
67 84
61 66
13 15
100 103
5 10
27 40
18 21
71 74
13 38
24 63
19 22
72 78
41 44
3 11
79 83
13 32
67 112
92 96
2 8
25 44
37 39
111 113
21 23
39 102
84 86
89 96
2 7
57 71
29 39
0 110
3 16
34 36
86 88
29 34
7 9
63 66
104 108
82 84
31 33
46 48
75 78
72 74
111 114
49 54
96 98
26 29
48 50
17 19
56 72
78 80
113 115
29 40
75 77
3 67
16 21
68 70
1 113
61 65
110 117
99 101
45 56
55 99
58 69
45 48
16 18
109 111
52 99
11 108
72 77
26 41
72 76
3 5
56 93
36 38
55 96
78 83
88 97
45 54
59 61
56 59
14 32
62 64
5 7
1 109
21 24
84 112
48 54
46 54
3 113
26 42
19 21
84 92
42 44
92 95
90 92
86 99
89 91
23 25
40 101
10 108
73 75
88 92
114 116
0 1
1 2
2 3
3 4
4 5
5 6
6 7
7 8
8 9
9 10
10 11
11 12
12 13
13 14
14 15
15 16
16 17
17 18
18 19
19 20
20 21
21 22
22 23
23 24
24 25
25 26
26 27
27 28
28 29
29 30
30 31
31 32
32 33
33 34
34 35
35 36
36 37
37 38
38 39
39 40
40 41
41 42
42 43
43 44
44 45
45 46
46 47
47 48
48 49
49 50
50 51
51 52
52 53
53 54
54 55
55 56
56 57
57 58
58 59
59 60
60 61
61 62
62 63
63 64
64 65
65 66
66 67
67 68
68 69
69 70
70 71
71 72
72 73
73 74
74 75
75 76
76 77
77 78
78 79
79 80
80 81
81 82
82 83
83 84
84 85
85 86
86 87
87 88
88 89
89 90
90 91
91 92
92 93
93 94
94 95
95 96
96 97
97 98
98 99
99 100
100 101
101 102
102 103
103 104
104 105
105 106
106 107
107 108
108 109
109 110
110 111
111 112
112 113
113 114
114 115
115 116
116 117
117 0
0 23
77 90
2 51
27 42
57 100
23 65
0 104
97 103
41 60
23 49
50 55
71 91
74 99
65 105
28 40
1 12
23 108
68 103
74 90
56 104
92 97
49 51
11 17
23 105
43 58
34 62
12 18
66 99
29 32
45 57
112 115
81 94
94 97
31 34
10 49
14 16
51 54
17 20
9 49
79 81
91 97
27 32
68 99
74 80
23 46
59 62
34 41
45 47
1 23
88 94
70 73
0 53
99 103
63 100
49 55
34 40
1 53
15 17
108 117
106 117
4 6
29 38
69 74
66 103
23 42
1 3
105 107
59 63
23 110
12 23
27 34
0 56
66 105
5 12
10 12
23 114
2 52
12 21
79 88
105 117
57 104
81 86
57 63
71 103
20 49
25 42
80 97
64 99
11 14
43 46
42 58
3 6
81 97
108 111
31 35
111 116
23 43
27 33
69 71
9 12
25 27
31 36
23 62
82 88
24 26
110 112
68 71
0 55
24 27
47 55
88 90
28 38
43 57
41 62
74 78
60 62
99 102
81 85
110 113
23 113
72 91
13 16
13 18
78 90
102 104
36 39
73 91
27 62
48 55
86 94
67 103
80 99
23 107
51 55
85 88
30 37
29 31
1 4
23 63
23 115
10 17
100 104
3 7
5 9
93 96
30 38
35 39
6 9
91 93
41 59
17 49
100 102
73 90
38 40
2 53
79 90
31 37
65 99
23 27
23 109
23 64
8 49
82 85
57 59
90 94
51 53
0 54
87 94
3 51
91 103
63 99
12 20
91 94
46 49
47 56
97 99
69 99
71 73
12 22
93 95
8 51
83 88
111 115
23 116
0 105
47 49
13 17
112 114
79 89
14 17
28 42
85 87
76 78
67 99
41 58
20 23
80 98
74 77
41 61
0 116
44 46
40 42
44 57
47 57
69 73
101 104
107 117
7 51
93 97
83 85
24 42
94 96
4 12
12 14
84 88
74 76
108 116
20 22
81 88
35 40
103 105
6 8
12 19
74 79
28 32
108 110
