0 1
1 2
2 3
3 4
4 5
5 6
6 7
7 8
8 9
9 10
10 11
11 12
12 13
13 14
14 15
15 16
16 17
17 18
18 19
19 20
20 21
21 22
22 23
23 24
24 25
25 26
26 27
27 28
28 29
29 30
30 31
31 32
32 33
33 34
34 35
35 36
36 37
37 38
38 39
39 40
40 41
41 42
42 43
43 44
44 45
45 0
1 10
0 38
0 34
13 38
32 34
24 34
22 33
1 20
36 39
12 20
4 10
14 38
12 16
36 41
1 21
40 43
3 38
17 20
6 11
0 22
25 29
2 10
20 38
29 34
16 18
36 45
23 27
25 34
15 19
16 20
20 35
14 16
2 38
22 35
26 28
3 6
15 38
9 11
11 38
22 28
42 44
38 44
26 29
31 33
36 38
19 38
30 32
20 36
21 35
5 7
24 26
0 33
8 10
3 5
28 30
22 34
40 44
41 44
11 13
5 10
30 34
23 28
6 8
17 19
12 14
22 30
2 4
35 45
20 37
38 45
10 20
0 2
38 40
40 42
23 26
8 11
16 19
41 45
0 35
1 22
6 38
22 31
7 10
36 40
11 20
23 34
0 1
1 2
2 3
3 4
4 5
5 6
6 7
7 8
8 9
9 10
10 11
11 12
12 13
13 14
14 15
15 16
16 17
17 18
18 19
19 20
20 21
21 22
22 23
23 24
24 25
25 26
26 27
27 28
28 29
29 30
30 31
31 32
32 33
33 34
34 35
35 36
36 37
37 38
38 39
39 40
40 41
41 42
42 43
43 44
44 45
45 0
6 26
12 26
11 19
2 23
23 41
6 19
23 35
3 37
4 32
39 41
3 33
15 23
3 42
3 44
23 36
2 6
10 26
15 21
24 33
23 42
23 33
2 42
1 3
14 24
43 45
12 25
24 31
21 23
23 38
6 30
3 39
11 15
7 11
4 6
0 3
5 30
6 20
33 35
18 21
3 36
13 25
34 36
6 27
0 42
3 43
38 41
23 37
3 41
25 30
3 40
3 45
37 39
14 23
6 9
2 20
1 42
26 30
2 21
11 18
11 26
13 15
24 32
6 28
12 15
6 29
11 16
18 20
15 17
25 31
14 25
4 33
9 26
27 30
11 17
7 9
3 34
5 31
4 31
7 19
0 43
15 18
27 29
2 22
