0 1
1 2
2 3
3 4
4 5
5 6
6 7
7 8
8 9
9 10
10 11
11 12
12 13
13 14
14 15
15 16
16 17
17 18
18 19
19 20
20 21
21 22
22 23
23 24
24 25
25 26
26 27
27 28
28 29
29 30
30 31
31 32
32 33
33 34
34 35
35 36
36 37
37 38
38 39
39 40
40 41
41 42
42 43
43 44
44 45
45 46
46 47
47 48
48 0
10 47
13 25
8 26
20 33
39 47
21 25
0 45
6 38
3 41
11 33
7 29
18 24
42 45
13 20
29 34
19 24
6 47
27 29
4 38
16 19
5 48
14 19
28 30
38 47
26 32
1 4
10 36
9 25
41 45
11 34
6 37
0 2
39 46
16 18
11 25
11 35
9 47
3 43
17 24
4 6
39 45
28 31
10 35
42 44
3 38
3 40
26 28
21 33
26 29
7 9
11 20
25 33
7 36
26 31
8 25
8 29
36 38
2 43
0 44
7 37
23 25
5 47
21 24
45 47
16 25
14 25
15 19
32 34
10 38
12 25
6 9
26 33
0 47
16 24
9 11
11 13
40 45
14 20
2 44
7 34
1 3
4 48
1 48
3 42
31 34
22 24
38 40
34 36
22 25
30 34
15 25
20 24
0 1
1 2
2 3
3 4
4 5
5 6
6 7
7 8
8 9
9 10
10 11
11 12
12 13
13 14
14 15
15 16
16 17
17 18
18 19
19 20
20 21
21 22
22 23
23 24
24 25
25 26
26 27
27 28
28 29
29 30
30 31
31 32
32 33
33 34
34 35
35 36
36 37
37 38
38 39
39 40
40 41
41 42
42 43
43 44
44 45
45 46
46 47
47 48
48 0
27 35
23 42
0 16
0 43
7 42
10 27
45 48
30 41
9 29
8 42
29 31
18 23
12 27
16 23
0 9
44 46
17 46
16 48
18 46
29 41
31 37
25 42
28 33
16 22
27 39
0 6
2 7
30 39
27 34
11 27
27 36
5 7
43 46
26 40
21 23
16 20
10 12
14 24
32 36
27 40
9 28
29 33
9 15
23 43
6 42
4 7
33 35
10 15
24 42
1 7
36 39
16 21
3 7
3 6
14 27
14 26
9 27
30 37
29 42
27 33
6 43
20 23
0 7
24 26
25 40
2 6
30 38
32 35
12 15
31 33
32 37
40 42
0 8
17 19
14 16
1 6
17 48
9 42
17 47
9 16
39 41
12 14
37 39
14 23
18 43
19 23
13 27
3 5
44 48
46 48
17 20
43 48
