0 1
1 2
2 3
3 4
4 5
5 6
6 7
7 8
8 9
9 10
10 11
11 12
12 13
13 14
14 15
15 16
16 17
17 18
18 19
19 20
20 21
21 22
22 23
23 24
24 25
25 26
26 27
27 28
28 29
29 30
30 31
31 32
32 33
33 34
34 35
35 36
36 37
37 38
38 39
39 40
40 41
41 42
42 43
43 44
44 45
45 46
46 47
47 48
48 49
49 50
50 51
51 52
52 53
53 54
54 55
55 56
56 57
57 58
58 59
59 0
29 52
16 23
32 51
7 29
47 55
5 33
5 57
22 31
18 23
12 14
10 23
35 58
38 44
13 20
32 39
38 41
6 31
29 31
35 45
29 53
35 55
5 59
14 18
42 44
28 31
2 58
19 23
54 57
41 43
6 10
5 32
10 24
51 55
55 57
22 25
8 28
51 54
8 25
44 51
0 5
32 35
35 38
20 23
29 54
12 16
1 3
41 51
22 24
32 52
50 55
41 44
2 59
36 38
35 39
7 10
10 12
6 22
46 48
8 27
2 4
56 58
4 58
7 9
46 51
14 20
38 43
11 16
16 18
46 50
48 55
36 45
17 23
52 54
40 51
22 28
5 58
35 59
49 55
0 4
5 29
1 59
11 23
25 28
32 34
45 47
10 21
45 51
35 47
10 25
10 22
1 4
14 19
33 59
46 49
34 59
9 25
7 28
10 13
25 27
21 23
10 20
32 40
55 58
29 57
38 45
26 28
29 32
12 15
37 45
28 30
5 31
6 29
38 40
15 18

0 1
1 2
2 3
3 4
4 5
5 6
6 7
7 8
8 9
9 10
10 11
11 12
12 13
13 14
14 15
15 16
16 17
17 18
18 19
19 20
20 21
21 22
22 23
23 24
24 25
25 26
26 27
27 28
28 29
29 30
30 31
31 32
32 33
33 34
34 35
35 36
36 37
37 38
38 39
39 40
40 41
41 42
42 43
43 44
44 45
45 46
46 47
47 48
48 49
49 50
50 51
51 52
52 53
53 54
54 55
55 56
56 57
57 58
58 59
59 0
37 54
37 40
14 23
57 59
8 40
24 35
9 12
44 55
12 58
10 35
36 58
41 45
5 44
48 50
1 58
0 2
11 14
18 28
44 54
24 58
28 33
25 34
39 50
15 28
15 19
15 21
17 19
5 41
45 54
7 12
4 59
39 46
24 28
14 33
19 21
31 34
9 37
18 21
5 12
46 52
37 58
51 53
28 34
40 45
31 33
39 51
18 22
33 35
6 8
8 37
42 45
29 33
37 51
11 33
24 36
11 35
5 56
44 56
6 12
46 53
6 40
40 46
15 22
48 51
46 54
54 58
15 23
0 3
26 34
18 24
12 23
9 11
39 47
9 35
2 12
47 52
4 57
43 45
3 5
47 49
6 41
0 58
30 32
37 39
35 37
27 34
3 59
5 42
54 56
47 50
23 58
4 56
15 17
30 33
25 35
47 51
15 33
1 12
5 43
15 20
29 34
30 34
24 27
24 26
17 28
11 13
3 12
13 23
16 19
8 12
38 51
37 53
