0 1
1 2
2 3
3 4
4 5
5 6
6 7
7 8
8 9
9 10
10 11
11 12
12 13
13 14
14 15
15 16
16 17
17 18
18 19
19 20
20 21
21 22
22 23
23 24
24 25
25 26
26 27
27 28
28 29
29 30
30 31
31 32
32 33
33 34
34 35
35 36
36 37
37 38
38 39
39 40
40 41
41 42
42 43
43 44
44 45
45 46
46 47
47 48
48 49
49 50
50 51
51 52
52 53
53 54
54 55
55 56
56 57
57 58
58 59
59 0
44 52
1 8
8 27
0 25
36 40
8 10
5 37
28 37
31 45
2 43
1 16
11 25
34 43
26 56
44 56
37 40
37 41
3 6
31 51
12 23
31 52
31 54
44 59
10 12
18 25
45 51
53 56
43 45
34 41
10 26
13 23
9 26
53 55
13 16
3 43
50 52
1 59
1 18
52 56
33 37
8 37
31 55
30 32
13 22
18 22
4 43
34 42
11 24
4 41
44 50
27 29
29 56
4 37
13 18
8 13
6 37
45 48
8 28
18 23
2 8
2 59
3 7
3 5
32 45
31 56
1 14
7 37
1 25
34 45
25 57
11 26
0 57
21 23
38 41
56 58
43 59
34 37
28 32
1 17
20 23
34 36
23 25
14 16
8 26
47 49
4 42
1 15
45 49
16 18
32 37
33 45
3 8
36 41
44 46
29 31
52 54
46 50
19 23
35 41
8 14
49 51
28 30
12 24
0 58
37 39
18 20
25 56
10 13
27 56
39 41
45 47
20 22
46 49
56 59
0 1
1 2
2 3
3 4
4 5
5 6
6 7
7 8
8 9
9 10
10 11
11 12
12 13
13 14
14 15
15 16
16 17
17 18
18 19
19 20
20 21
21 22
22 23
23 24
24 25
25 26
26 27
27 28
28 29
29 30
30 31
31 32
32 33
33 34
34 35
35 36
36 37
37 38
38 39
39 40
40 41
41 42
42 43
43 44
44 45
45 46
46 47
47 48
48 49
49 50
50 51
51 52
52 53
53 54
54 55
55 56
56 57
57 58
58 59
59 0
24 48
3 34
24 57
36 48
41 53
0 9
14 57
6 33
6 12
47 51
36 42
36 45
35 55
15 26
30 48
14 28
39 42
19 57
17 24
41 52
29 33
33 48
52 55
10 57
47 52
4 7
48 50
0 4
23 57
15 19
40 54
17 25
37 55
3 55
47 50
19 24
7 9
6 34
48 57
36 39
20 24
2 57
14 26
36 55
41 44
2 58
14 33
9 11
2 55
8 11
24 27
1 58
6 14
28 33
46 52
40 42
50 56
38 55
27 30
0 2
6 13
19 21
2 56
9 59
3 35
41 43
11 57
41 54
31 48
6 8
57 59
26 28
33 35
21 57
8 12
15 25
51 55
46 48
30 33
14 19
45 52
4 9
36 46
11 14
42 45
36 38
50 57
38 54
12 14
51 56
10 59
22 57
25 27
39 54
35 48
18 24
22 24
5 34
41 45
5 7
0 3
49 57
27 48
42 44
15 17
15 18
31 33
16 25
32 48
21 24
4 34
