0 1
1 2
2 3
3 4
4 5
5 6
6 7
7 8
8 9
9 10
10 11
11 12
12 13
13 14
14 15
15 16
16 17
17 18
18 19
19 20
20 21
21 22
22 23
23 24
24 25
25 26
26 27
27 28
28 29
29 30
30 31
31 32
32 33
33 34
34 35
35 36
36 37
37 38
38 39
39 40
40 41
41 42
42 43
43 44
44 45
45 46
46 47
47 48
48 49
49 50
50 51
51 52
52 53
53 54
54 55
55 56
56 57
57 58
58 59
59 0
17 47
33 55
16 55
18 33
2 23
42 48
8 19
39 49
0 13
10 18
11 14
24 32
23 55
39 54
21 30
11 16
17 51
24 33
14 57
16 51
21 23
1 3
17 34
2 5
2 55
21 32
19 22
39 41
34 45
5 19
29 32
4 11
39 44
27 29
1 57
0 58
4 13
1 55
40 48
49 54
53 55
11 13
19 33
1 4
21 33
1 56
21 25
1 13
5 10
1 59
7 10
42 47
27 30
20 33
4 10
34 55
25 29
42 45
37 39
7 9
0 14
19 23
2 19
36 38
11 17
39 45
21 26
2 4
16 53
39 48
37 45
26 28
21 24
21 27
0 57
15 55
47 50
57 59
8 10
21 31
41 44
35 38
15 56
24 55
49 52
34 46
5 8
19 21
8 18
17 33
17 46
38 54
40 42
5 7
41 43
15 57
10 17
47 49
14 16
50 52
52 54
25 32
35 54
25 28
4 12
34 37
35 55
6 8
35 37
42 46
17 50
16 52
30 32
43 45
0 1
1 2
2 3
3 4
4 5
5 6
6 7
7 8
8 9
9 10
10 11
11 12
12 13
13 14
14 15
15 16
16 17
17 18
18 19
19 20
20 21
21 22
22 23
23 24
24 25
25 26
26 27
27 28
28 29
29 30
30 31
31 32
32 33
33 34
34 35
35 36
36 37
37 38
38 39
39 40
40 41
41 42
42 43
43 44
44 45
45 46
46 47
47 48
48 49
49 50
50 51
51 52
52 53
53 54
54 55
55 56
56 57
57 58
58 59
59 0
1 18
29 58
25 53
17 24
4 14
21 55
45 56
13 58
28 58
37 49
36 52
36 57
31 57
31 33
55 57
13 26
39 57
20 55
6 13
31 53
1 15
10 14
9 14
20 22
38 42
38 49
19 55
13 16
27 31
43 46
55 59
48 56
44 56
17 23
22 25
49 55
13 17
35 52
49 53
15 17
31 34
31 58
29 31
17 22
13 25
7 11
42 49
7 14
2 13
26 53
33 36
0 18
50 53
34 52
13 27
40 43
6 12
23 25
0 19
33 57
3 15
38 40
40 56
37 51
26 31
46 56
49 56
0 2
13 24
43 56
27 58
46 49
13 59
4 7
49 51
21 54
17 20
32 57
3 5
8 14
55 58
28 30
19 59
2 6
3 14
1 17
37 57
22 53
3 6
39 56
9 11
44 46
34 53
10 13
22 54
33 35
2 15
2 59
4 6
7 12
46 48
36 51
18 20
51 53
38 57
13 15
28 31
8 11
43 49
10 12
47 56
38 41
