0 1
1 2
2 3
3 4
4 5
5 6
6 7
7 8
8 9
9 10
10 11
11 12
12 13
13 14
14 15
15 16
16 17
17 18
18 19
19 20
20 21
21 22
22 23
23 24
24 25
25 26
26 27
27 28
28 29
29 30
30 31
31 32
32 33
33 34
34 35
35 36
36 37
37 38
38 39
39 40
40 41
41 42
42 43
43 44
44 45
45 46
46 47
47 48
48 49
49 50
50 51
51 52
52 53
53 54
54 55
55 56
56 57
57 58
58 59
59 0
14 47
23 49
7 56
6 17
23 32
22 26
36 42
8 16
23 27
0 57
23 28
22 37
19 45
21 51
18 21
31 37
17 53
34 37
34 46
47 51
21 38
24 26
7 54
31 33
12 47
7 55
3 17
9 16
17 47
32 34
21 39
52 54
23 30
43 46
16 47
51 54
32 46
40 45
2 17
4 58
21 45
17 54
19 21
7 51
10 47
10 15
27 30
4 56
35 42
23 47
36 38
54 56
20 45
25 27
1 3
23 48
32 47
28 30
3 59
47 50
21 53
30 37
11 15
23 29
34 43
42 44
34 36
27 37
17 56
13 15
10 51
11 47
9 51
12 15
24 27
7 17
4 7
14 16
17 19
30 32
4 57
4 17
34 42
23 26
22 50
7 16
39 41
51 53
23 50
43 45
13 47
2 56
21 50
41 44
36 39
33 37
10 16
1 59
17 21
26 37
40 44
3 58
8 51
21 37
0 56
0 58
5 17
19 47
47 49
39 45
1 56
5 7
45 47
36 41
0 1
1 2
2 3
3 4
4 5
5 6
6 7
7 8
8 9
9 10
10 11
11 12
12 13
13 14
14 15
15 16
16 17
17 18
18 19
19 20
20 21
21 22
22 23
23 24
24 25
25 26
26 27
27 28
28 29
29 30
30 31
31 32
32 33
33 34
34 35
35 36
36 37
37 38
38 39
39 40
40 41
41 42
42 43
43 44
44 45
45 46
46 47
47 48
48 49
49 50
50 51
51 52
52 53
53 54
54 55
55 56
56 57
57 58
58 59
59 0
28 51
5 18
6 20
31 43
1 26
30 46
25 51
27 50
2 26
22 59
21 25
33 40
28 38
41 46
5 26
30 33
11 18
28 39
25 50
23 51
8 13
11 16
1 22
1 4
37 40
16 19
0 26
5 21
26 50
30 36
39 46
22 52
51 58
22 51
20 25
26 51
0 22
39 48
35 37
52 57
53 55
27 29
18 26
53 58
31 42
8 20
55 57
14 20
18 25
24 51
35 40
53 56
6 10
3 5
38 40
11 17
29 36
33 36
22 58
16 20
22 24
6 18
31 40
8 12
28 50
26 59
51 57
22 25
2 4
46 48
46 50
31 45
29 37
7 9
56 58
33 35
7 10
26 28
26 58
13 16
31 44
34 40
27 46
53 57
6 8
31 46
42 46
1 21
48 50
28 49
6 11
22 53
40 46
39 47
42 45
28 48
29 38
6 21
15 20
8 10
29 46
13 20
54 57
40 42
10 12
4 21
32 40
11 13
16 18
2 5
19 25
