0 1
1 2
2 3
3 4
4 5
5 6
6 7
7 8
8 9
9 10
10 11
11 12
12 13
13 14
14 15
15 16
16 17
17 18
18 19
19 20
20 21
21 22
22 23
23 24
24 25
25 26
26 27
27 28
28 29
29 30
30 31
31 32
32 33
33 34
34 35
35 36
36 37
37 38
38 39
39 40
40 41
41 42
42 43
43 44
44 45
45 46
46 47
47 48
48 49
49 50
50 51
51 52
52 53
53 54
54 55
55 56
56 57
57 58
58 59
59 0
46 53
42 46
11 38
10 56
18 44
35 43
4 52
22 26
46 51
25 38
18 45
54 58
10 45
28 43
42 55
29 37
5 9
17 45
42 45
2 54
7 57
12 15
12 23
5 51
10 46
10 12
6 9
39 41
10 41
31 36
47 53
32 35
29 36
37 43
10 57
28 44
12 20
30 34
26 38
31 33
55 57
0 4
41 56
13 19
28 37
20 44
2 52
29 34
18 20
23 38
20 28
37 42
2 4
4 51
5 58
38 40
51 53
0 58
5 10
2 59
23 26
40 42
21 27
10 39
11 23
42 56
48 50
15 19
12 14
4 58
55 58
1 3
28 34
28 35
21 28
7 58
11 39
43 45
7 10
16 18
0 2
42 53
48 51
16 45
46 50
21 26
26 28
53 55
47 49
13 15
54 59
13 20
5 7
47 51
33 35
20 22
15 18
2 53
47 50
12 22
31 35
30 33
38 42
5 46
28 38
24 38
10 15
35 37
30 36
8 10
7 9
24 26
0 3
10 16
0 1
1 2
2 3
3 4
4 5
5 6
6 7
7 8
8 9
9 10
10 11
11 12
12 13
13 14
14 15
15 16
16 17
17 18
18 19
19 20
20 21
21 22
22 23
23 24
24 25
25 26
26 27
27 28
28 29
29 30
30 31
31 32
32 33
33 34
34 35
35 36
36 37
37 38
38 39
39 40
40 41
41 42
42 43
43 44
44 45
45 46
46 47
47 48
48 49
49 50
50 51
51 52
52 53
53 54
54 55
55 56
56 57
57 58
58 59
59 0
38 58
27 49
44 53
18 22
7 15
3 7
39 48
28 49
27 58
2 55
7 55
37 39
19 23
15 52
3 22
0 23
4 7
17 23
15 25
45 51
40 55
14 16
30 39
0 25
18 23
4 16
30 35
39 43
43 46
15 17
0 27
4 12
1 58
39 42
36 58
52 54
27 52
7 12
34 37
1 55
29 35
43 47
26 52
29 49
40 43
25 27
7 14
35 58
19 21
2 7
6 8
40 57
17 25
38 57
43 48
7 11
4 11
27 50
40 44
27 29
30 37
6 10
29 39
44 52
17 22
49 51
45 47
21 23
19 22
30 32
29 58
4 22
31 34
40 54
1 23
4 10
1 22
1 57
37 58
39 49
12 16
4 17
15 26
13 16
7 54
15 54
1 56
4 6
33 37
44 54
45 49
7 13
8 11
2 22
50 52
20 23
27 59
32 37
45 48
40 56
23 25
41 43
44 51
44 46
34 36
0 24
39 57
1 59
32 34
9 11
