0 1
1 2
2 3
3 4
4 5
5 6
6 7
7 8
8 9
9 10
10 11
11 12
12 13
13 14
14 15
15 16
16 17
17 18
18 19
19 20
20 21
21 22
22 23
23 24
24 25
25 26
26 27
27 28
28 29
29 30
30 31
31 32
32 33
33 34
34 35
35 36
36 37
37 38
38 39
39 40
40 41
41 42
42 43
43 44
44 45
45 46
46 47
47 48
48 49
49 50
50 51
51 52
52 53
53 54
54 55
55 56
56 57
57 58
58 59
59 0
24 49
41 59
14 33
31 44
10 54
17 32
48 58
54 59
39 59
48 52
12 21
10 36
11 24
9 39
31 40
31 45
41 58
10 38
6 10
19 23
25 47
33 37
33 36
1 6
40 42
12 20
52 56
26 47
23 30
56 59
33 39
11 36
26 28
52 58
24 27
5 39
11 22
37 39
49 52
15 20
42 46
12 22
24 48
7 9
5 8
4 6
22 24
12 33
29 46
19 31
6 8
3 59
12 35
24 26
27 29
10 53
29 45
16 33
41 46
15 17
52 55
52 54
10 52
2 59
0 6
3 6
28 46
31 42
13 20
18 31
12 34
10 50
0 2
20 22
39 41
0 54
19 30
42 45
10 24
52 57
50 52
24 29
31 43
43 45
17 20
49 51
1 3
19 22
46 48
36 38
14 16
33 35
41 48
8 39
30 45
6 9
24 30
28 47
3 5
10 49
18 32
32 39
16 32
10 39
13 15
12 36
32 40
17 19
5 59
0 10
13 33
24 47
54 56
56 58

0 1
1 2
2 3
3 4
4 5
5 6
6 7
7 8
8 9
9 10
10 11
11 12
12 13
13 14
14 15
15 16
16 17
17 18
18 19
19 20
20 21
21 22
22 23
23 24
24 25
25 26
26 27
27 28
28 29
29 30
30 31
31 32
32 33
33 34
34 35
35 36
36 37
37 38
38 39
39 40
40 41
41 42
42 43
43 44
44 45
45 46
46 47
47 48
48 49
49 50
50 51
51 52
52 53
53 54
54 55
55 56
56 57
57 58
58 59
59 0
13 16
11 41
1 37
11 14
19 38
42 52
4 13
17 38
9 44
26 33
9 50
27 33
27 37
6 57
41 55
33 38
1 24
51 53
3 58
8 11
4 23
28 34
25 33
50 55
25 27
19 33
42 55
42 49
14 17
27 34
14 41
42 51
17 23
9 41
29 33
9 46
38 59
22 33
39 56
0 58
9 56
43 47
4 8
11 13
1 4
47 49
46 50
6 58
22 25
53 55
9 43
4 7
37 59
17 39
7 56
30 32
38 56
18 38
50 53
30 34
28 33
17 41
31 33
27 35
40 55
32 34
23 25
13 23
0 3
57 59
44 46
10 41
18 20
34 38
21 33
20 23
9 55
39 55
30 33
20 33
45 47
16 23
43 49
42 53
8 13
17 40
4 24
7 57
1 59
12 14
46 49
2 4
35 38
8 10
27 36
42 50
29 34
1 25
35 37
42 54
4 58
21 23
38 57
5 58
1 27
43 48
41 43
8 56
5 7
18 23
44 47
