0 1
1 2
2 3
3 4
4 5
5 6
6 7
7 8
8 9
9 10
10 11
11 12
12 13
13 14
14 15
15 16
16 17
17 18
18 19
19 20
20 21
21 22
22 23
23 24
24 25
25 26
26 27
27 28
28 29
29 30
30 31
31 32
32 33
33 34
34 35
35 36
36 37
37 38
38 39
39 40
40 41
41 42
42 43
43 44
44 45
45 46
46 47
47 48
48 49
49 50
50 51
51 52
52 53
53 54
54 55
55 56
56 57
57 58
58 59
59 0
15 58
13 39
22 33
40 50
16 36
33 50
36 40
5 9
8 56
50 52
18 52
15 52
16 35
17 23
39 55
0 7
33 48
33 45
32 34
46 49
18 23
26 28
34 45
16 38
13 38
23 32
27 32
34 42
20 33
19 52
3 7
50 55
5 7
15 59
40 49
17 52
13 56
40 43
22 29
51 54
4 14
24 28
17 32
40 44
9 13
0 15
33 49
5 8
51 53
9 14
33 52
39 50
54 57
35 42
44 46
17 35
41 43
27 29
11 56
5 14
8 11
47 49
20 23
3 5
7 59
1 14
54 58
24 27
3 6
21 23
39 56
10 12
15 53
45 48
43 45
25 28
50 54
56 59
14 38
36 38
37 40
56 58
15 17
53 58
23 28
1 15
38 40
1 3
1 7
20 22
34 43
30 32
10 13
22 32
32 35
27 30
11 13
8 59
3 14
40 46
36 41
45 47
35 41
22 28
54 56
2 7
9 11
22 31
29 31
24 26
20 52
14 16
19 23
24 32

0 1
1 2
2 3
3 4
4 5
5 6
6 7
7 8
8 9
9 10
10 11
11 12
12 13
13 14
14 15
15 16
16 17
17 18
18 19
19 20
20 21
21 22
22 23
23 24
24 25
25 26
26 27
27 28
28 29
29 30
30 31
31 32
32 33
33 34
34 35
35 36
36 37
37 38
38 39
39 40
40 41
41 42
42 43
43 44
44 45
45 46
46 47
47 48
48 49
49 50
50 51
51 52
52 53
53 54
54 55
55 56
56 57
57 58
58 59
59 0
24 46
28 57
3 50
17 24
5 24
3 58
23 49
16 24
1 54
1 50
37 39
25 41
33 42
16 20
3 16
47 52
41 45
54 59
4 10
19 22
28 32
12 15
29 33
33 35
53 56
29 41
8 15
32 45
27 57
12 16
4 8
17 20
32 52
3 22
27 58
4 7
34 39
38 42
38 41
27 41
4 25
1 58
55 57
33 39
4 58
45 52
8 10
4 6
23 46
22 49
33 44
31 33
16 22
15 24
23 47
10 14
16 21
4 16
33 43
47 50
23 48
30 33
47 51
5 15
25 58
1 52
28 30
53 57
19 21
29 40
35 39
18 22
46 52
4 9
0 54
55 58
26 41
28 52
25 27
28 53
2 58
33 38
4 11
4 12
6 8
1 53
8 14
42 45
48 50
6 15
3 49
2 50
4 24
32 44
35 37
25 46
17 19
29 39
1 51
22 24
36 39
18 24
1 59
42 44
39 41
11 14
35 38
28 31
41 46
55 59
13 15
53 55
12 14
28 41
