0 1
1 2
2 3
3 4
4 5
5 6
6 7
7 8
8 9
9 10
10 11
11 12
12 13
13 14
14 15
15 16
16 17
17 18
18 19
19 20
20 21
21 22
22 23
23 24
24 25
25 26
26 27
27 28
28 29
29 30
30 31
31 32
32 33
33 34
34 35
35 36
36 37
37 38
38 39
39 40
40 41
41 42
42 43
43 44
44 45
45 46
46 47
47 48
48 49
49 50
50 51
51 52
52 53
53 54
54 55
55 56
56 57
57 58
58 59
59 0
25 56
29 32
15 35
12 46
39 56
49 53
37 42
18 58
14 58
19 24
3 50
25 29
6 59
18 21
10 50
39 55
10 59
16 35
21 58
22 56
33 56
19 35
41 45
25 32
19 22
52 58
29 56
14 45
34 36
14 16
26 30
41 46
51 58
12 50
37 44
36 38
26 29
3 51
11 13
16 58
23 56
38 56
37 45
14 36
52 55
21 56
5 7
12 48
3 5
52 54
40 49
14 59
17 58
0 58
19 33
41 43
23 25
29 33
5 10
18 35
3 10
0 5
53 55
27 29
5 59
40 53
8 10
12 45
19 34
5 9
10 13
21 57
37 43
40 42
25 28
8 59
52 56
7 59
22 24
26 32
20 22
25 33
49 51
30 32
1 51
41 44
47 49
40 46
33 38
1 3
17 35
37 40
38 40
7 9
33 36
52 57
19 25
0 3
39 53
14 35
0 2
19 21
12 49
11 50
12 14
4 10
13 59
46 48
46 49
25 27
0 51
14 37
29 31
49 52
0 1
1 2
2 3
3 4
4 5
5 6
6 7
7 8
8 9
9 10
10 11
11 12
12 13
13 14
14 15
15 16
16 17
17 18
18 19
19 20
20 21
21 22
22 23
23 24
24 25
25 26
26 27
27 28
28 29
29 30
30 31
31 32
32 33
33 34
34 35
35 36
36 37
37 38
38 39
39 40
40 41
41 42
42 43
43 44
44 45
45 46
46 47
47 48
48 49
49 50
50 51
51 52
52 53
53 54
54 55
55 56
56 57
57 58
58 59
59 0
10 25
11 14
2 14
31 34
9 12
21 42
4 30
56 59
16 46
56 58
3 6
57 59
7 27
15 22
35 49
35 47
34 51
33 58
24 31
21 37
35 50
19 46
11 25
0 4
31 35
34 56
50 54
15 49
54 59
2 49
6 14
0 50
17 46
37 46
30 59
11 23
2 4
6 30
15 21
42 46
34 52
19 42
4 6
16 49
9 25
34 54
23 36
35 37
3 14
9 27
34 50
18 20
42 45
14 22
9 13
0 49
25 31
17 20
6 28
18 46
37 39
33 59
7 28
26 28
17 21
37 41
2 15
24 36
34 53
9 11
19 43
20 42
24 35
6 9
28 30
51 53
22 36
21 36
30 33
21 38
39 41
21 41
25 30
19 44
16 47
43 45
35 48
6 29
0 54
9 14
31 33
38 41
9 26
37 47
34 55
44 46
0 30
51 54
5 30
1 49
34 58
11 24
11 22
54 56
16 48
1 4
16 21
32 34
6 8
8 27
