0 1
1 2
2 3
3 4
4 5
5 6
6 7
7 8
8 9
9 10
10 11
11 12
12 13
13 14
14 15
15 16
16 17
17 18
18 19
19 20
20 21
21 22
22 23
23 24
24 25
25 26
26 27
27 28
28 29
29 30
30 31
31 32
32 33
33 34
34 35
35 36
36 37
37 38
38 39
39 40
40 41
41 42
42 43
43 44
44 45
45 46
46 47
47 48
48 49
49 50
50 51
51 52
52 53
53 54
54 55
55 56
56 57
57 58
58 59
59 0
16 33
46 51
14 45
40 59
13 56
13 29
45 49
0 33
28 33
50 57
27 29
33 43
45 57
23 29
6 11
22 26
7 56
9 13
5 33
5 56
11 33
47 50
45 58
13 31
46 52
16 45
4 33
5 58
41 45
34 38
53 55
54 56
20 27
0 2
35 43
45 52
29 31
21 27
33 59
15 20
13 52
7 13
7 10
41 59
30 32
20 33
11 31
2 59
56 58
5 7
13 20
50 53
31 33
52 54
43 45
17 33
20 22
11 13
13 54
45 48
16 44
24 27
38 41
45 59
35 38
10 12
6 33
8 13
17 20
38 42
36 38
20 29
5 59
8 10
18 20
37 42
36 42
35 42
14 20
9 12
25 27
50 52
14 52
7 11
15 17
27 33
49 57
33 38
15 18
34 43
15 45
0 4
15 19
39 41
29 32
20 23
53 56
47 51
24 26
1 4
48 50
41 43
24 29
23 26
39 59
21 26
29 33
3 59
4 59
33 44
33 39
50 56
45 47
2 4

0 1
1 2
2 3
3 4
4 5
5 6
6 7
7 8
8 9
9 10
10 11
11 12
12 13
13 14
14 15
15 16
16 17
17 18
18 19
19 20
20 21
21 22
22 23
23 24
24 25
25 26
26 27
27 28
28 29
29 30
30 31
31 32
32 33
33 34
34 35
35 36
36 37
37 38
38 39
39 40
40 41
41 42
42 43
43 44
44 45
45 46
46 47
47 48
48 49
49 50
50 51
51 52
52 53
53 54
54 55
55 56
56 57
57 58
58 59
59 0
28 39
28 36
29 43
10 17
27 48
23 43
14 18
14 59
6 17
43 49
6 24
35 37
54 58
4 52
54 59
13 16
21 58
44 46
30 39
23 58
23 50
4 54
20 58
25 39
5 50
1 3
51 53
3 14
27 45
29 45
32 37
4 8
54 57
4 11
36 39
25 40
43 50
30 34
28 34
5 51
5 25
25 42
12 16
1 59
27 47
27 50
4 9
18 24
51 55
3 12
19 59
28 30
51 57
5 52
29 40
5 27
31 34
18 23
43 47
25 43
6 18
5 24
19 58
19 21
3 54
32 35
1 54
19 22
18 59
3 11
18 22
33 35
6 9
32 39
4 53
40 42
27 39
29 44
40 43
0 3
51 56
27 46
12 14
25 41
11 16
13 15
24 43
50 58
43 46
5 8
37 39
32 38
14 16
10 16
51 54
29 39
51 58
9 11
2 54
32 34
7 9
26 39
47 49
9 17
28 45
16 18
31 39
21 23
5 26
6 8
28 35
0 14
55 57
27 49
