0 1
1 2
2 3
3 4
4 5
5 6
6 7
7 8
8 9
9 10
10 11
11 12
12 13
13 14
14 15
15 16
16 17
17 18
18 19
19 20
20 21
21 22
22 23
23 24
24 25
25 26
26 27
27 28
28 29
29 30
30 31
31 32
32 33
33 34
34 35
35 36
36 37
37 38
38 39
39 40
40 41
41 42
42 43
43 44
44 45
45 46
46 47
47 48
48 49
49 50
50 51
51 52
52 53
53 54
54 55
55 56
56 57
57 58
58 59
59 0
12 35
3 52
5 58
7 45
30 55
14 17
26 29
1 58
8 36
32 46
31 49
35 45
15 24
23 33
29 55
7 15
19 23
36 45
7 29
26 32
50 52
4 7
10 35
26 30
7 27
31 51
7 36
39 42
3 55
17 34
39 41
45 49
38 42
7 52
9 15
31 52
33 46
20 34
10 13
34 45
35 37
22 34
16 19
7 50
55 58
7 49
25 32
42 44
26 28
4 59
5 57
31 46
49 51
8 15
23 25
7 56
20 22
38 44
38 45
13 35
4 6
8 35
56 58
4 58
26 31
14 16
19 24
1 4
7 24
18 34
7 26
9 14
31 55
14 35
31 53
35 39
3 54
41 43
14 34
1 3
31 54
10 12
34 46
40 44
29 56
4 52
15 19
37 45
2 4
6 56
21 23
1 59
45 48
5 56
23 32
40 45
46 49
18 20
24 26
7 28
41 44
39 45
0 4
16 18
20 23
46 48
52 54
47 49
10 14
11 35
1 55
37 39
9 35
22 33
0 1
1 2
2 3
3 4
4 5
5 6
6 7
7 8
8 9
9 10
10 11
11 12
12 13
13 14
14 15
15 16
16 17
17 18
18 19
19 20
20 21
21 22
22 23
23 24
24 25
25 26
26 27
27 28
28 29
29 30
30 31
31 32
32 33
33 34
34 35
35 36
36 37
37 38
38 39
39 40
40 41
41 42
42 43
43 44
44 45
45 46
46 47
47 48
48 49
49 50
50 51
51 52
52 53
53 54
54 55
55 56
56 57
57 58
58 59
59 0
41 48
8 10
32 54
12 58
31 57
22 58
27 56
38 48
45 56
4 24
18 58
32 36
36 43
56 59
37 43
26 58
30 34
37 48
9 19
32 57
0 10
11 59
30 57
14 19
45 53
24 56
36 54
28 30
42 46
28 56
55 57
36 44
5 22
15 18
31 33
37 50
30 56
0 6
46 52
40 43
4 23
9 22
20 58
5 23
24 58
53 56
9 12
25 58
16 58
1 24
30 45
13 15
6 8
37 54
46 51
26 57
33 36
43 46
9 13
34 44
26 56
31 34
6 22
50 54
47 50
15 17
0 56
15 58
53 55
41 47
21 58
27 57
51 53
48 50
39 48
43 45
1 6
38 43
35 44
37 49
0 11
7 9
39 43
9 11
6 9
19 58
34 36
0 24
45 52
12 59
17 58
3 24
19 21
9 21
51 54
27 29
25 56
40 48
42 47
22 24
0 8
14 18
2 6
29 57
30 44
47 51
57 59
40 42
2 24
13 58
3 5
2 5
13 19
32 55
