0 1
1 2
2 3
3 4
4 5
5 6
6 7
7 8
8 9
9 10
10 11
11 12
12 13
13 14
14 15
15 16
16 17
17 18
18 19
19 20
20 21
21 22
22 23
23 24
24 25
25 26
26 27
27 28
28 29
29 30
30 31
31 32
32 33
33 34
34 35
35 36
36 37
37 38
38 39
39 40
40 41
41 42
42 43
43 44
44 45
45 46
46 47
47 48
48 49
49 50
50 51
51 52
52 53
53 54
54 55
55 56
56 57
57 58
58 59
59 0
38 53
27 53
12 34
46 49
30 46
18 23
2 34
21 24
43 45
16 31
11 19
26 58
35 38
31 43
0 7
38 56
34 42
6 12
39 45
18 21
50 52
12 17
55 58
12 16
38 57
0 10
23 27
13 34
28 48
12 14
18 22
20 58
10 59
13 33
13 16
14 16
36 57
18 30
34 58
12 15
11 17
26 55
27 55
17 31
1 34
27 29
45 52
31 42
27 52
30 47
39 44
17 30
49 51
18 29
10 58
56 58
5 34
49 52
35 40
34 57
35 37
0 4
5 12
29 47
21 58
35 42
40 44
18 20
28 51
24 27
8 12
30 43
17 19
11 58
0 34
43 46
0 8
23 29
25 58
16 32
13 32
38 40
0 9
48 51
41 44
24 58
32 42
38 55
38 52
27 51
46 48
34 59
2 4
10 12
2 5
0 5
1 4
22 24
39 52
9 12
1 3
53 55
5 7
40 42
7 12
24 26
46 52
42 44
28 47
32 34
19 58
36 38
34 36
38 54

0 1
1 2
2 3
3 4
4 5
5 6
6 7
7 8
8 9
9 10
10 11
11 12
12 13
13 14
14 15
15 16
16 17
17 18
18 19
19 20
20 21
21 22
22 23
23 24
24 25
25 26
26 27
27 28
28 29
29 30
30 31
31 32
32 33
33 34
34 35
35 36
36 37
37 38
38 39
39 40
40 41
41 42
42 43
43 44
44 45
45 46
46 47
47 48
48 49
49 50
50 51
51 52
52 53
53 54
54 55
55 56
56 57
57 58
58 59
59 0
12 26
20 37
11 14
4 32
17 47
0 16
16 25
0 57
21 34
34 55
36 47
47 49
38 47
22 27
5 30
35 51
17 44
5 9
8 11
22 30
8 10
3 6
11 16
19 21
26 30
49 56
20 34
16 49
10 26
6 9
49 53
44 46
49 58
1 55
3 7
19 40
55 57
16 26
36 49
0 11
22 33
18 40
2 33
36 48
17 21
0 2
57 59
43 47
26 28
28 30
35 54
9 30
35 52
2 7
44 47
33 55
21 33
38 41
17 25
11 15
3 32
20 36
3 33
2 55
54 56
35 50
41 47
39 41
22 29
20 38
20 39
20 40
17 42
36 50
13 15
30 32
2 8
4 31
22 28
53 56
3 5
17 45
11 26
17 49
35 55
10 30
21 25
22 32
1 57
0 49
17 46
22 26
13 26
23 26
21 23
49 59
18 42
50 53
17 43
18 41
6 8
2 11
51 53
5 31
23 25
11 13
41 43
49 57
37 47
35 53
20 35
15 26
