0 1
1 2
2 3
3 4
4 5
5 6
6 7
7 8
8 9
9 10
10 11
11 12
12 13
13 14
14 15
15 16
16 17
17 18
18 19
19 20
20 21
21 22
22 23
23 24
24 25
25 26
26 27
27 28
28 29
29 30
30 31
31 32
32 33
33 34
34 35
35 36
36 37
37 38
38 39
39 40
40 41
41 42
42 43
43 44
44 45
45 46
46 47
47 48
48 49
49 50
50 51
51 52
52 53
53 54
54 55
55 56
56 57
57 58
58 59
59 0
31 38
29 50
2 46
19 58
42 44
0 47
4 44
14 22
6 31
35 38
2 18
6 27
5 37
28 55
38 50
10 17
9 14
5 7
2 9
39 48
9 18
7 27
9 17
5 35
51 53
21 28
5 34
39 41
40 43
19 57
15 18
14 27
48 57
0 58
32 34
9 12
13 17
48 53
3 46
37 43
4 37
21 26
3 7
31 34
46 48
5 33
3 45
25 27
10 12
21 25
7 14
19 59
28 31
39 42
29 53
1 18
29 52
34 38
0 19
20 22
21 24
37 44
31 33
5 31
12 17
28 54
30 38
28 56
37 39
39 50
22 27
21 57
14 19
42 48
13 15
0 46
54 56
37 40
2 7
1 19
39 49
9 13
13 16
28 30
48 58
42 45
8 14
3 44
30 50
19 22
47 58
53 57
54 57
15 19
50 53
3 5
9 11
7 9
19 21
50 52
28 57
23 25
49 53
0 2
23 27
27 31
42 46
26 28
16 18
5 36
22 24
29 54
36 38
40 42

0 1
1 2
2 3
3 4
4 5
5 6
6 7
7 8
8 9
9 10
10 11
11 12
12 13
13 14
14 15
15 16
16 17
17 18
18 19
19 20
20 21
21 22
22 23
23 24
24 25
25 26
26 27
27 28
28 29
29 30
30 31
31 32
32 33
33 34
34 35
35 36
36 37
37 38
38 39
39 40
40 41
41 42
42 43
43 44
44 45
45 46
46 47
47 48
48 49
49 50
50 51
51 52
52 53
53 54
54 55
55 56
56 57
57 58
58 59
59 0
52 54
3 15
0 50
32 54
40 53
2 29
11 56
1 11
16 30
29 39
17 23
14 56
24 28
43 51
29 35
31 35
45 48
38 40
16 28
4 8
21 29
16 54
20 29
4 12
43 45
29 43
3 28
45 47
49 51
17 22
3 11
4 11
43 52
17 28
17 21
5 8
35 54
44 49
55 58
23 26
37 54
22 28
14 55
1 45
34 54
45 50
29 41
0 57
17 30
13 56
16 31
15 54
41 52
0 52
57 59
33 35
7 12
16 32
17 19
17 26
0 45
24 27
44 47
18 20
43 49
12 14
4 14
8 12
24 26
5 12
6 8
52 55
30 35
29 37
8 10
0 56
2 11
36 54
2 28
4 15
35 37
38 54
18 21
1 43
56 58
12 56
42 52
52 58
29 38
15 55
2 43
6 12
1 56
45 49
33 54
29 42
17 27
29 40
19 29
4 9
44 48
40 52
15 28
8 11
32 35
4 10
23 28
38 53
17 29
52 59
44 46
22 29
0 51
