0 1
1 2
2 3
3 4
4 5
5 6
6 7
7 8
8 9
9 10
10 11
11 12
12 13
13 14
14 15
15 16
16 17
17 18
18 19
19 20
20 21
21 22
22 23
23 24
24 25
25 26
26 27
27 28
28 29
29 30
30 31
31 32
32 33
33 34
34 35
35 36
36 37
37 38
38 39
39 40
40 41
41 42
42 43
43 44
44 45
45 46
46 47
47 48
48 49
49 50
50 51
51 52
52 53
53 54
54 55
55 56
56 57
57 58
58 59
59 0
35 59
14 38
10 50
10 44
23 26
11 17
51 58
6 10
40 52
3 9
54 56
38 40
22 36
51 54
18 31
5 35
41 49
43 49
35 52
33 36
17 35
30 36
2 59
13 43
20 31
13 17
53 59
21 36
20 26
41 52
16 18
51 57
0 3
4 7
38 52
4 6
2 51
28 36
48 50
20 23
20 37
46 49
4 35
12 44
25 36
15 19
2 9
2 10
14 37
37 52
31 33
52 54
23 36
3 35
14 20
15 17
6 35
44 49
38 42
40 42
46 50
1 3
12 43
15 20
18 34
2 58
14 17
31 34
46 48
1 59
4 9
10 12
3 59
47 49
35 53
35 37
56 59
18 20
20 22
25 28
6 9
12 17
14 42
20 29
20 36
32 34
16 19
41 51
44 46
10 35
45 49
10 17
17 34
33 35
7 9
14 43
57 59
24 36
53 56
4 8
28 30
51 55
49 51
31 36
41 43
20 27
23 25
27 29
20 30
44 50
55 57
39 42
10 51
25 27

0 1
1 2
2 3
3 4
4 5
5 6
6 7
7 8
8 9
9 10
10 11
11 12
12 13
13 14
14 15
15 16
16 17
17 18
18 19
19 20
20 21
21 22
22 23
23 24
24 25
25 26
26 27
27 28
28 29
29 30
30 31
31 32
32 33
33 34
34 35
35 36
36 37
37 38
38 39
39 40
40 41
41 42
42 43
43 44
44 45
45 46
46 47
47 48
48 49
49 50
50 51
51 52
52 53
53 54
54 55
55 56
56 57
57 58
58 59
59 0
42 58
0 15
0 26
38 56
17 58
7 13
17 59
21 56
16 25
1 8
44 48
21 31
0 2
21 33
2 8
10 14
22 31
21 23
0 8
35 41
34 59
21 24
17 21
17 56
0 7
50 54
34 56
18 56
42 55
21 25
54 58
36 39
0 6
27 32
7 59
25 29
33 59
48 58
47 51
43 45
44 58
46 55
34 36
26 33
48 54
55 58
46 51
48 51
36 41
34 58
13 15
9 15
0 9
53 55
8 13
11 14
23 29
30 32
51 53
22 29
7 17
19 56
46 53
21 32
41 55
3 6
34 41
3 7
0 25
9 11
45 55
26 29
7 16
42 45
9 14
0 33
3 5
50 52
5 7
37 39
39 56
9 13
36 56
40 56
19 21
29 31
45 47
13 16
29 32
16 21
15 25
40 55
12 14
2 6
17 57
21 34
36 38
9 12
17 20
45 48
56 58
2 7
43 58
28 32
26 28
24 29
27 33
17 19
39 41
41 58
50 53
49 54
