0 1
1 2
2 3
3 4
4 5
5 6
6 7
7 8
8 9
9 10
10 11
11 12
12 13
13 14
14 15
15 16
16 17
17 18
18 19
19 20
20 21
21 22
22 23
23 24
24 25
25 26
26 27
27 28
28 29
29 30
30 31
31 32
32 33
33 34
34 35
35 36
36 37
37 38
38 39
39 40
40 41
41 42
42 43
43 44
44 45
45 46
46 47
47 48
48 49
49 50
50 51
51 52
52 53
53 54
54 55
55 56
56 57
57 58
58 59
59 0
23 47
4 26
27 56
32 55
45 54
20 53
28 33
20 57
45 49
35 55
14 24
12 58
1 10
3 7
13 18
34 42
7 14
28 56
24 46
21 23
12 18
4 56
20 58
35 54
20 50
11 59
10 13
53 56
57 59
46 49
15 22
25 34
35 42
24 34
26 33
20 47
39 41
11 13
46 48
42 45
50 52
32 34
1 57
20 23
15 18
47 49
39 54
40 54
6 25
35 38
2 10
34 46
41 45
14 22
26 56
14 23
17 20
5 26
35 37
1 59
13 15
3 9
26 34
51 54
27 33
16 18
36 54
38 54
11 58
43 45
7 13
49 54
15 20
18 58
30 32
2 57
30 33
34 44
53 57
52 54
20 49
28 32
0 11
3 10
7 10
3 8
6 24
24 47
3 57
39 42
4 6
34 43
35 39
18 20
7 24
54 56
34 55
3 6
16 20
37 54
31 33
29 32
1 11
49 51
28 55
50 53
5 25
7 9
4 57
20 22
17 19
34 45
40 45
28 30

0 1
1 2
2 3
3 4
4 5
5 6
6 7
7 8
8 9
9 10
10 11
11 12
12 13
13 14
14 15
15 16
16 17
17 18
18 19
19 20
20 21
21 22
22 23
23 24
24 25
25 26
26 27
27 28
28 29
29 30
30 31
31 32
32 33
33 34
34 35
35 36
36 37
37 38
38 39
39 40
40 41
41 42
42 43
43 44
44 45
45 46
46 47
47 48
48 49
49 50
50 51
51 52
52 53
53 54
54 55
55 56
56 57
57 58
58 59
59 0
35 50
28 59
14 56
22 31
29 34
3 14
33 40
32 54
35 57
10 17
35 48
14 20
5 7
42 53
2 8
19 59
14 57
28 31
12 14
14 55
25 31
44 46
42 46
26 31
42 51
10 15
14 21
38 45
19 28
2 7
19 26
36 40
21 26
37 40
7 12
50 57
2 59
42 47
52 57
34 40
15 17
48 50
8 19
11 15
3 59
36 45
14 17
14 18
20 26
29 59
47 51
33 54
40 44
2 5
34 58
7 11
34 59
14 58
41 44
6 14
31 54
22 24
39 45
1 3
35 47
2 19
36 47
11 14
22 55
0 2
8 18
41 53
41 54
43 46
0 3
35 58
42 44
14 19
38 40
39 44
14 59
52 56
51 57
9 11
47 50
30 34
21 55
37 45
6 13
26 28
6 12
22 26
23 25
14 16
31 55
35 40
8 11
53 55
5 14
23 31
35 49
19 27
9 17
3 5
52 55
51 53
24 26
8 17
4 14
36 46
33 41
29 31
31 34
