0 1
1 2
2 3
3 4
4 5
5 6
6 7
7 8
8 9
9 10
10 11
11 12
12 13
13 14
14 15
15 16
16 17
17 18
18 19
19 20
20 21
21 22
22 23
23 24
24 25
25 26
26 27
27 28
28 29
29 30
30 31
31 32
32 33
33 34
34 35
35 36
36 37
37 38
38 39
39 40
40 41
41 42
42 43
43 44
44 45
45 46
46 47
47 48
48 49
49 50
50 51
51 52
52 53
53 54
54 55
55 56
56 57
57 58
58 59
59 0
10 35
29 35
22 52
2 45
17 57
11 33
12 17
1 45
21 56
17 26
2 7
3 44
26 47
11 17
0 11
15 33
49 53
5 7
15 32
26 49
54 56
27 38
7 35
35 41
26 51
21 23
2 11
8 10
48 59
5 44
57 59
48 54
7 10
45 59
50 53
27 35
45 48
18 23
26 52
16 27
13 17
39 44
16 26
28 32
26 46
48 56
11 57
30 32
22 25
28 31
22 55
49 51
3 5
48 53
8 35
52 54
33 35
22 26
50 52
0 57
35 39
35 37
39 45
7 43
3 45
2 10
27 29
28 30
35 43
5 43
32 35
17 19
38 46
32 34
20 23
1 11
16 28
17 21
48 57
29 32
17 24
39 43
13 15
35 40
4 6
23 25
35 38
18 20
40 42
22 54
2 4
27 36
0 58
14 17
1 59
11 15
11 13
27 37
46 48
26 38
21 57
7 9
17 23
17 20
24 26
38 45
2 6
26 48
35 42
16 32
10 33
21 55
40 43
14 16

0 1
1 2
2 3
3 4
4 5
5 6
6 7
7 8
8 9
9 10
10 11
11 12
12 13
13 14
14 15
15 16
16 17
17 18
18 19
19 20
20 21
21 22
22 23
23 24
24 25
25 26
26 27
27 28
28 29
29 30
30 31
31 32
32 33
33 34
34 35
35 36
36 37
37 38
38 39
39 40
40 41
41 42
42 43
43 44
44 45
45 46
46 47
47 48
48 49
49 50
50 51
51 52
52 53
53 54
54 55
55 56
56 57
57 58
58 59
59 0
5 41
24 58
16 21
9 28
29 56
3 20
7 17
40 53
9 17
2 20
11 27
5 33
30 53
37 39
10 17
15 21
5 51
14 21
9 32
48 52
26 29
43 46
2 5
43 48
51 57
11 21
5 8
4 20
5 59
18 21
48 50
47 51
0 21
5 35
5 42
31 39
40 52
21 26
30 54
5 58
6 20
10 16
45 47
48 51
52 55
23 26
5 45
24 57
31 53
21 59
19 21
29 54
21 58
6 19
12 15
5 9
31 37
38 41
36 38
42 45
11 28
41 43
42 44
5 20
33 36
21 24
41 48
31 33
34 36
31 36
11 16
7 19
5 36
29 57
11 26
51 55
16 18
13 21
9 11
39 53
7 18
1 5
29 31
51 56
12 16
5 32
25 57
36 41
22 24
26 57
5 57
0 2
53 55
9 31
38 40
45 51
6 8
47 50
5 34
9 29
44 46
0 20
47 49
40 48
12 21
8 17
12 14
26 28
43 47
0 5
29 55
