0 1
1 2
2 3
3 4
4 5
5 6
6 7
7 8
8 9
9 10
10 11
11 12
12 13
13 14
14 15
15 16
16 17
17 18
18 19
19 20
20 21
21 22
22 23
23 24
24 25
25 26
26 27
27 28
28 29
29 30
30 31
31 32
32 33
33 34
34 35
35 36
36 37
37 38
38 39
39 40
40 41
41 42
42 43
43 44
44 45
45 46
46 47
47 48
48 49
49 50
50 51
51 52
52 53
53 54
54 55
55 56
56 57
57 58
58 59
59 0
4 20
44 59
22 36
29 40
8 36
21 26
21 58
29 38
47 50
22 32
43 55
44 46
0 58
4 21
14 19
5 9
9 17
29 37
8 37
30 34
11 16
12 36
49 58
21 24
39 59
43 45
8 39
14 21
21 27
7 9
51 57
4 9
43 47
14 22
26 31
27 57
50 57
27 30
43 52
4 58
23 25
51 54
25 32
4 39
27 56
18 20
9 11
49 57
43 46
6 39
13 15
27 40
44 47
19 21
41 44
40 43
2 58
54 57
10 36
9 20
39 44
40 44
35 37
26 32
2 59
40 56
52 55
54 56
41 43
0 2
31 34
12 16
49 59
21 57
14 17
11 17
7 39
8 38
30 37
32 36
44 49
48 50
24 26
34 36
14 18
9 18
11 36
30 35
15 17
28 40
43 56
44 48
5 39
13 16
47 52
13 36
9 36
2 39
29 39
3 39
14 36
50 52
2 4
1 59
40 42
22 25
6 9
33 36
32 34
21 23
53 55
26 30
51 53
27 29
0 1
1 2
2 3
3 4
4 5
5 6
6 7
7 8
8 9
9 10
10 11
11 12
12 13
13 14
14 15
15 16
16 17
17 18
18 19
19 20
20 21
21 22
22 23
23 24
24 25
25 26
26 27
27 28
28 29
29 30
30 31
31 32
32 33
33 34
34 35
35 36
36 37
37 38
38 39
39 40
40 41
41 42
42 43
43 44
44 45
45 46
46 47
47 48
48 49
49 50
50 51
51 52
52 53
53 54
54 55
55 56
56 57
57 58
58 59
59 0
14 31
10 35
41 55
9 33
4 42
3 7
10 39
13 29
42 44
8 59
18 25
49 51
44 52
26 28
42 52
48 54
47 51
1 7
25 30
4 40
19 23
38 59
33 59
1 45
46 52
18 28
42 55
12 14
22 28
50 54
41 57
6 8
48 55
0 48
14 30
40 58
56 58
12 35
23 28
18 30
3 45
18 22
45 47
0 56
18 21
36 39
10 29
48 51
35 39
13 28
9 40
41 56
30 33
25 29
39 58
4 41
15 18
9 39
10 33
19 25
36 38
45 48
1 3
7 59
24 28
36 59
3 43
9 59
17 30
31 35
11 13
16 30
3 44
10 12
52 54
24 27
50 53
13 18
40 57
3 6
5 8
25 27
14 35
20 22
19 22
30 32
37 39
56 59
10 13
4 43
29 33
5 40
38 58
49 54
48 56
2 7
32 35
1 48
45 52
19 24
35 59
33 35
25 28
14 16
16 18
3 5
34 59
0 7
8 40
46 51
42 54
