0 1
1 2
2 3
3 4
4 5
5 6
6 7
7 8
8 9
9 10
10 11
11 12
12 13
13 14
14 15
15 16
16 17
17 18
18 19
19 20
20 21
21 22
22 23
23 24
24 25
25 26
26 27
27 28
28 29
29 30
30 31
31 32
32 33
33 34
34 35
35 36
36 37
37 38
38 39
39 40
40 41
41 42
42 43
43 44
44 45
45 46
46 47
47 48
48 49
49 50
50 51
51 52
52 53
53 54
54 55
55 56
56 57
57 58
58 59
59 0
0 24
35 56
7 46
18 36
2 9
19 22
27 31
39 49
4 58
13 17
8 38
30 59
17 37
15 17
47 54
8 43
46 48
23 34
3 8
39 50
11 24
10 37
37 52
11 17
13 19
55 57
8 42
1 4
8 44
21 34
6 8
53 55
25 34
6 58
26 59
43 45
24 26
0 10
37 50
10 24
31 57
37 56
9 38
48 51
29 59
25 31
41 48
38 50
24 59
46 54
31 59
14 17
22 24
12 22
19 35
13 16
28 30
6 46
35 37
12 16
48 52
1 3
0 58
2 10
7 44
46 55
40 48
33 56
8 40
31 58
52 55
6 55
2 8
18 35
41 45
0 4
52 54
26 28
34 56
42 45
52 56
10 17
32 34
40 49
28 31
8 41
12 19
21 35
26 31
17 19
5 8
31 56
18 37
5 58
48 54
41 46
14 16
32 56
22 34
7 45
49 51
11 16
50 52
25 32
24 34
8 39
28 59
6 57
20 35
10 38
11 22
19 21
3 5
0 2
0 1
1 2
2 3
3 4
4 5
5 6
6 7
7 8
8 9
9 10
10 11
11 12
12 13
13 14
14 15
15 16
16 17
17 18
18 19
19 20
20 21
21 22
22 23
23 24
24 25
25 26
26 27
27 28
28 29
29 30
30 31
31 32
32 33
33 34
34 35
35 36
36 37
37 38
38 39
39 40
40 41
41 42
42 43
43 44
44 45
45 46
46 47
47 48
48 49
49 50
50 51
51 52
52 53
53 54
54 55
55 56
56 57
57 58
58 59
59 0
20 54
1 32
28 40
21 50
3 31
46 49
1 37
1 44
13 15
15 56
8 18
4 29
20 55
17 56
28 45
0 47
1 12
3 11
31 38
24 50
47 58
1 13
49 55
0 45
1 34
1 31
4 25
33 37
8 24
18 23
45 47
38 41
4 10
7 10
25 49
21 53
39 41
40 45
26 45
47 49
18 22
6 25
41 44
27 45
0 56
47 55
25 50
0 15
26 46
10 15
4 30
34 36
47 59
26 49
28 38
32 38
19 56
37 43
1 35
51 54
5 7
5 25
38 42
3 12
29 38
4 26
9 18
20 53
9 16
40 44
32 37
9 17
37 42
11 13
34 37
20 56
6 24
22 50
0 13
16 56
3 10
11 14
4 27
18 20
8 10
0 44
4 31
20 22
51 55
11 15
7 24
50 55
28 39
27 29
56 59
5 10
41 43
1 33
23 50
18 24
21 52
21 51
55 58
51 53
9 15
1 43
2 12
29 31
57 59
2 31
56 58
1 36
18 56
48 55
