0 1
1 2
2 3
3 4
4 5
5 6
6 7
7 8
8 9
9 10
10 11
11 12
12 13
13 14
14 15
15 16
16 17
17 18
18 19
19 20
20 21
21 22
22 23
23 24
24 25
25 26
26 27
27 28
28 29
29 30
30 31
31 32
32 33
33 34
34 35
35 36
36 37
37 38
38 39
39 40
40 41
41 42
42 43
43 44
44 45
45 46
46 47
47 48
48 49
49 50
50 51
51 52
52 53
53 54
54 55
55 56
56 57
57 58
58 59
59 0
27 42
13 46
25 48
27 31
7 16
8 55
29 35
29 37
14 20
18 56
12 47
38 45
7 18
24 44
27 35
50 54
0 2
26 46
2 5
38 40
13 47
22 46
38 46
24 50
36 38
3 6
7 9
12 50
52 56
6 57
27 32
0 8
2 6
47 49
27 36
29 39
3 58
23 56
16 18
24 46
7 13
2 59
14 46
2 8
53 56
33 35
25 43
27 41
4 6
21 56
28 40
28 30
24 43
1 59
11 54
15 19
38 44
25 27
9 54
26 36
53 55
30 32
57 59
7 56
18 20
6 8
15 20
20 46
23 46
27 43
50 53
21 23
24 48
9 12
38 42
37 39
21 46
26 47
24 56
15 17
6 58
10 12
20 56
24 45
8 56
27 30
30 33
13 16
8 54
24 49
7 57
0 56
50 56
56 59
27 40
30 34
7 12
27 33
50 52
38 43
3 5
12 49
51 53
11 50
40 42
26 38
17 19
14 16
35 37
29 40
29 34
26 48
2 58
10 54

0 1
1 2
2 3
3 4
4 5
5 6
6 7
7 8
8 9
9 10
10 11
11 12
12 13
13 14
14 15
15 16
16 17
17 18
18 19
19 20
20 21
21 22
22 23
23 24
24 25
25 26
26 27
27 28
28 29
29 30
30 31
31 32
32 33
33 34
34 35
35 36
36 37
37 38
38 39
39 40
40 41
41 42
42 43
43 44
44 45
45 46
46 47
47 48
48 49
49 50
50 51
51 52
52 53
53 54
54 55
55 56
56 57
57 58
58 59
59 0
4 11
19 55
17 29
29 42
49 53
7 54
40 53
18 27
20 35
48 53
17 52
3 59
33 37
47 50
19 35
25 30
17 45
11 13
20 30
33 39
13 18
11 19
54 59
32 35
34 37
36 39
0 4
9 15
18 23
24 30
40 43
4 59
33 42
0 7
9 17
17 47
14 18
40 45
24 27
29 33
36 40
25 28
40 54
36 54
21 24
5 9
33 40
36 55
29 32
0 3
56 58
47 52
12 14
35 55
17 28
19 22
4 10
10 15
54 58
43 45
31 35
29 43
40 44
55 57
11 15
11 14
19 57
11 58
49 51
33 41
41 43
23 27
8 52
34 36
45 53
4 7
20 22
29 45
48 50
54 56
52 54
0 54
30 35
4 58
6 9
11 18
9 52
15 18
5 10
7 52
18 22
46 48
11 57
18 28
5 7
2 4
45 47
47 51
46 53
29 31
26 28
1 4
24 26
32 34
1 3
9 16
21 30
33 38
25 29
49 52
22 24
