0 1
1 2
2 3
3 4
4 5
5 6
6 7
7 8
8 9
9 10
10 11
11 12
12 13
13 14
14 15
15 16
16 17
17 18
18 19
19 20
20 21
21 22
22 23
23 24
24 25
25 26
26 27
27 28
28 29
29 30
30 31
31 32
32 33
33 34
34 35
35 36
36 37
37 38
38 39
39 40
40 41
41 42
42 43
43 44
44 45
45 46
46 47
47 48
48 49
49 50
50 51
51 52
52 53
53 54
54 55
55 56
56 57
57 58
58 59
59 0
19 38
9 28
41 47
37 40
16 22
32 51
28 53
0 42
3 28
14 16
20 30
9 17
13 23
42 55
28 31
41 46
1 28
34 37
32 50
30 34
47 53
9 14
7 38
11 28
37 47
42 44
12 14
8 17
26 30
54 56
13 27
9 11
17 22
33 37
15 17
28 57
30 37
20 23
7 18
26 28
23 27
37 50
50 53
41 45
40 42
25 27
44 53
10 28
48 53
7 42
1 4
16 23
0 5
1 5
28 58
45 47
40 47
30 38
26 29
32 34
19 30
39 42
28 52
0 58
20 24
3 7
24 30
6 42
4 7
43 55
7 17
48 50
35 37
44 55
0 57
18 38
3 8
18 20
13 16
33 35
50 52
31 51
23 25
57 59
54 57
37 39
11 13
17 21
42 45
45 53
47 49
42 56
1 3
29 31
34 36
9 15
5 42
17 20
53 55
3 9
38 42
0 28
25 30
21 23
13 28
9 12
0 56
28 54
5 7
32 37
47 50
2 4
31 34
28 51
0 1
1 2
2 3
3 4
4 5
5 6
6 7
7 8
8 9
9 10
10 11
11 12
12 13
13 14
14 15
15 16
16 17
17 18
18 19
19 20
20 21
21 22
22 23
23 24
24 25
25 26
26 27
27 28
28 29
29 30
30 31
31 32
32 33
33 34
34 35
35 36
36 37
37 38
38 39
39 40
40 41
41 42
42 43
43 44
44 45
45 46
46 47
47 48
48 49
49 50
50 51
51 52
52 53
53 54
54 55
55 56
56 57
57 58
58 59
59 0
20 46
9 51
25 36
44 49
15 34
37 51
18 53
15 28
12 34
39 43
20 45
39 50
2 57
20 41
1 14
11 14
13 15
21 28
26 35
16 58
9 34
20 28
28 34
5 51
4 52
53 56
16 18
20 51
26 34
21 36
51 53
6 11
3 55
15 31
47 51
24 28
10 12
0 15
6 10
7 9
5 52
36 41
36 39
22 25
39 41
4 53
43 49
56 58
44 48
2 5
39 51
24 27
22 24
40 43
1 57
5 14
2 55
2 14
16 19
46 48
29 34
22 28
23 28
36 38
3 53
43 50
28 30
12 15
20 44
5 9
20 47
1 15
26 36
15 33
15 59
16 28
10 34
3 5
30 32
6 8
34 51
8 10
20 53
15 30
5 11
24 26
15 32
21 25
41 43
18 58
20 43
1 59
2 56
20 42
16 20
36 51
18 56
6 9
16 59
29 32
21 41
38 51
1 58
29 33
17 58
35 51
45 48
48 51
3 54
19 53
49 51
27 34
