0 1
1 2
2 3
3 4
4 5
5 6
6 7
7 8
8 9
9 10
10 11
11 12
12 13
13 14
14 15
15 16
16 17
17 18
18 19
19 20
20 21
21 22
22 23
23 24
24 25
25 26
26 27
27 28
28 29
29 30
30 31
31 32
32 33
33 34
34 35
35 36
36 37
37 38
38 39
39 40
40 41
41 42
42 43
43 44
44 45
45 46
46 47
47 48
48 49
49 50
50 51
51 52
52 53
53 54
54 55
55 56
56 57
57 58
58 59
59 0
17 58
39 58
28 42
12 15
8 18
9 13
0 21
17 49
0 17
21 49
26 43
29 40
47 49
42 52
25 58
29 33
1 9
12 14
18 21
24 47
25 34
39 54
33 38
11 18
27 34
17 57
17 55
21 47
1 17
5 18
37 39
28 34
13 17
0 4
26 42
29 38
44 49
0 18
24 43
1 7
4 7
31 33
29 32
25 27
39 55
43 50
21 59
11 17
14 16
0 2
50 53
29 34
34 39
13 16
15 17
43 49
5 8
3 7
43 46
24 59
34 37
39 41
2 7
43 47
23 59
39 56
30 34
40 42
41 52
50 52
45 49
19 21
30 33
2 4
43 52
35 39
21 48
39 53
39 57
29 39
9 17
17 56
0 19
35 37
17 54
34 36
11 15
21 24
21 23
34 58
8 10
29 42
11 13
4 6
18 49
17 59
8 11
9 11
18 20
30 32
45 47
22 24
43 45
27 42
17 53
34 38
43 51
25 43
7 9
0 5
41 53
17 50
24 58
5 7

0 1
1 2
2 3
3 4
4 5
5 6
6 7
7 8
8 9
9 10
10 11
11 12
12 13
13 14
14 15
15 16
16 17
17 18
18 19
19 20
20 21
21 22
22 23
23 24
24 25
25 26
26 27
27 28
28 29
29 30
30 31
31 32
32 33
33 34
34 35
35 36
36 37
37 38
38 39
39 40
40 41
41 42
42 43
43 44
44 45
45 46
46 47
47 48
48 49
49 50
50 51
51 52
52 53
53 54
54 55
55 56
56 57
57 58
58 59
59 0
9 28
27 45
32 54
7 57
38 48
13 27
5 16
26 55
3 23
4 58
17 22
30 36
28 38
33 53
4 19
23 26
36 52
9 56
38 42
28 32
9 32
22 26
10 15
36 53
14 17
27 53
14 22
5 9
41 45
41 43
38 51
27 39
27 46
11 28
53 55
27 50
13 26
4 17
9 16
5 58
8 57
18 22
38 41
37 52
12 28
9 57
13 15
20 23
1 25
39 45
10 16
25 55
38 40
1 55
48 50
9 55
41 44
19 22
42 48
27 47
32 35
46 48
30 38
4 18
38 49
4 59
6 8
55 58
1 24
14 26
36 38
2 59
13 28
42 44
2 24
27 38
47 50
38 50
4 20
29 31
30 35
42 46
23 25
3 24
27 55
28 31
6 57
32 53
3 20
0 55
27 51
10 28
33 35
40 45
1 59
37 51
32 55
34 53
5 17
6 9
55 59
27 52
55 57
42 45
31 35
35 53
10 13
20 22
5 57
28 30
3 59
10 12
