0 1
1 2
2 3
3 4
4 5
5 6
6 7
7 8
8 9
9 10
10 11
11 12
12 13
13 14
14 15
15 16
16 17
17 18
18 19
19 20
20 21
21 22
22 23
23 24
24 25
25 26
26 27
27 28
28 29
29 30
30 31
31 32
32 33
33 34
34 35
35 36
36 37
37 38
38 39
39 40
40 41
41 42
42 43
43 44
44 45
45 46
46 47
47 48
48 49
49 50
50 51
51 52
52 53
53 54
54 55
55 56
56 57
57 58
58 59
59 0
18 37
5 46
17 57
22 49
27 35
19 53
46 55
2 57
15 45
16 45
0 13
39 49
47 51
6 46
1 7
18 40
3 5
17 40
7 12
21 28
11 46
6 8
18 30
39 46
39 44
20 29
49 53
1 57
40 42
17 56
27 37
27 49
13 59
30 36
14 59
8 46
39 41
24 26
22 28
16 59
2 7
39 42
21 29
17 42
10 12
27 31
42 44
17 54
46 48
46 51
11 15
49 51
8 10
19 54
18 36
2 56
3 46
2 5
26 49
27 29
46 56
0 57
34 36
37 39
21 49
19 49
30 34
3 56
46 52
31 34
46 53
8 12
24 27
12 14
43 45
46 49
33 35
27 30
0 58
24 49
54 56
19 29
20 49
15 59
32 35
49 52
16 57
17 43
48 50
18 29
16 43
38 49
32 34
18 39
31 35
11 14
0 12
44 46
9 12
27 38
1 12
48 51
5 7
16 58
15 46
27 36
23 28
2 4
23 49
10 46
24 28
18 54
53 55
25 27

0 1
1 2
2 3
3 4
4 5
5 6
6 7
7 8
8 9
9 10
10 11
11 12
12 13
13 14
14 15
15 16
16 17
17 18
18 19
19 20
20 21
21 22
22 23
23 24
24 25
25 26
26 27
27 28
28 29
29 30
30 31
31 32
32 33
33 34
34 35
35 36
36 37
37 38
38 39
39 40
40 41
41 42
42 43
43 44
44 45
45 46
46 47
47 48
48 49
49 50
50 51
51 52
52 53
53 54
54 55
55 56
56 57
57 58
58 59
59 0
8 52
11 48
22 32
33 48
21 42
32 51
11 53
15 27
22 29
33 44
35 38
4 54
15 47
20 42
18 26
8 49
7 56
20 23
33 51
7 58
42 46
37 40
27 32
10 56
16 46
36 41
44 48
38 43
43 46
3 55
8 51
11 52
11 56
32 36
22 24
20 46
6 52
21 32
24 29
3 57
25 28
32 41
11 49
37 41
15 48
39 43
20 24
14 51
9 49
16 27
8 56
33 43
14 48
17 20
20 22
9 56
3 59
18 25
16 20
33 36
1 5
13 48
18 20
13 51
4 53
18 27
13 52
12 52
15 51
6 59
12 48
8 50
11 55
6 58
21 41
2 59
5 52
1 4
22 31
1 3
55 57
27 51
5 59
38 40
10 49
29 31
18 24
57 59
17 19
44 47
30 32
0 5
28 32
4 52
3 54
7 52
16 18
41 43
26 28
11 54
40 43
35 37
1 59
29 32
33 50
45 47
34 38
25 29
56 58
33 49
16 47
34 43
