0 1
1 2
2 3
3 4
4 5
5 6
6 7
7 8
8 9
9 10
10 11
11 12
12 13
13 14
14 15
15 16
16 17
17 18
18 19
19 20
20 21
21 22
22 23
23 24
24 25
25 26
26 27
27 28
28 29
29 30
30 31
31 32
32 33
33 34
34 35
35 36
36 37
37 38
38 39
39 40
40 41
41 42
42 43
43 44
44 45
45 46
46 47
47 48
48 49
49 50
50 51
51 52
52 53
53 54
54 55
55 56
56 57
57 58
58 59
59 0
3 19
18 21
13 19
18 44
37 53
0 15
20 56
45 48
37 55
4 7
37 43
27 37
2 9
9 14
41 47
48 50
4 10
19 56
43 47
22 37
25 28
18 53
36 44
3 8
14 17
47 53
36 43
23 32
18 22
22 34
15 17
35 37
34 44
33 35
3 7
43 46
22 27
32 37
53 59
5 7
37 54
14 16
18 50
42 47
24 27
0 9
50 52
0 17
24 31
20 22
10 13
6 8
0 19
18 45
38 42
24 32
37 42
38 40
19 57
44 46
55 59
37 39
3 11
29 31
33 37
27 32
47 50
37 40
10 12
22 44
50 53
41 53
18 20
12 19
1 19
18 48
22 24
25 30
2 19
6 10
32 34
13 18
20 55
18 59
54 59
38 41
9 15
27 31
35 44
2 8
47 51
26 28
22 55
45 47
17 59
5 10
24 30
9 13
19 58
51 53
55 58
28 30
23 34
1 9
24 26
13 17
6 9
4 11
11 19
37 41
28 31
18 49
19 59
56 58
0 1
1 2
2 3
3 4
4 5
5 6
6 7
7 8
8 9
9 10
10 11
11 12
12 13
13 14
14 15
15 16
16 17
17 18
18 19
19 20
20 21
21 22
22 23
23 24
24 25
25 26
26 27
27 28
28 29
29 30
30 31
31 32
32 33
33 34
34 35
35 36
36 37
37 38
38 39
39 40
40 41
41 42
42 43
43 44
44 45
45 46
46 47
47 48
48 49
49 50
50 51
51 52
52 53
53 54
54 55
55 56
56 57
57 58
58 59
59 0
7 11
3 56
31 38
31 54
36 54
21 24
35 58
5 26
31 46
13 16
5 18
40 48
9 12
39 48
3 58
33 38
4 14
31 35
17 55
39 44
1 59
4 27
25 27
27 55
39 42
17 19
19 25
8 14
47 49
4 29
48 52
39 53
7 14
43 48
1 58
49 51
4 15
5 21
21 25
0 2
36 53
15 55
29 59
8 11
46 49
36 58
23 25
42 44
46 52
38 53
2 4
46 50
35 38
4 28
6 13
5 22
36 38
16 18
41 48
12 14
6 11
4 6
19 55
4 26
8 12
3 15
49 52
44 48
23 26
6 14
13 15
52 54
41 43
9 11
15 56
36 57
29 54
28 55
31 58
39 52
28 54
8 10
46 51
31 44
44 47
31 45
54 56
34 38
25 55
11 13
2 58
6 18
4 59
19 21
46 54
32 35
30 58
32 38
30 54
36 56
5 19
5 20
0 4
30 59
39 41
22 26
21 23
31 39
3 57
16 55
6 16
