0 1
1 2
2 3
3 4
4 5
5 6
6 7
7 8
8 9
9 10
10 11
11 12
12 13
13 14
14 15
15 16
16 17
17 18
18 19
19 20
20 21
21 22
22 23
23 24
24 25
25 26
26 27
27 28
28 29
29 30
30 31
31 32
32 33
33 34
34 35
35 36
36 37
37 38
38 39
39 40
40 41
41 42
42 43
43 44
44 45
45 46
46 47
47 48
48 49
49 50
50 51
51 52
52 53
53 54
54 55
55 56
56 57
57 58
58 59
59 0
1 56
15 56
30 41
19 25
31 46
30 57
41 55
29 46
26 49
26 52
5 59
16 27
11 59
35 37
57 59
3 7
21 53
35 42
16 59
28 49
7 11
37 39
42 49
15 53
53 56
41 49
3 5
11 15
16 20
33 37
42 46
7 13
27 59
29 31
24 52
7 12
43 47
3 59
13 56
42 48
18 25
30 56
41 54
38 40
22 24
31 34
39 42
16 21
30 40
50 52
18 27
16 53
22 25
36 42
28 48
1 59
10 59
56 58
29 59
34 42
50 53
36 39
29 48
30 59
8 11
0 56
17 20
23 53
39 41
13 15
33 38
8 59
32 38
45 47
2 59
42 45
12 15
50 54
5 8
54 56
22 53
27 49
44 47
7 56
4 59
24 53
5 7
30 32
27 29
26 50
41 50
41 56
31 33
3 6
17 19
17 27
51 53
9 11
2 7
42 47
11 16
25 27
24 26
8 10
43 45
33 35
56 59
20 22
2 56
19 22
29 47
34 46
12 14
32 40

0 1
1 2
2 3
3 4
4 5
5 6
6 7
7 8
8 9
9 10
10 11
11 12
12 13
13 14
14 15
15 16
16 17
17 18
18 19
19 20
20 21
21 22
22 23
23 24
24 25
25 26
26 27
27 28
28 29
29 30
30 31
31 32
32 33
33 34
34 35
35 36
36 37
37 38
38 39
39 40
40 41
41 42
42 43
43 44
44 45
45 46
46 47
47 48
48 49
49 50
50 51
51 52
52 53
53 54
54 55
55 56
56 57
57 58
58 59
59 0
31 53
33 43
15 40
25 36
22 56
2 46
14 57
15 44
9 15
9 58
17 56
44 46
46 57
39 43
23 29
28 30
13 58
46 50
25 32
25 29
35 38
19 39
33 49
18 22
43 48
15 41
7 45
25 39
33 52
25 28
25 30
8 15
7 44
1 58
0 3
0 4
6 8
46 49
46 52
22 30
19 23
2 45
15 57
49 51
46 53
9 14
53 55
0 58
0 5
34 38
23 39
26 30
16 56
22 55
46 58
54 57
25 33
25 37
11 14
33 39
18 39
16 40
2 6
11 58
7 15
22 29
13 57
24 29
46 51
17 39
32 52
32 53
17 22
25 35
41 43
10 14
5 58
23 25
31 55
10 58
18 21
33 48
46 54
16 57
6 58
18 20
19 21
4 6
34 39
2 4
0 2
6 45
27 30
33 51
21 23
47 49
22 31
15 43
40 43
25 31
6 9
2 58
44 48
25 34
25 38
36 38
12 58
46 48
17 40
26 28
15 42
11 13
55 57
