0 1
1 2
2 3
3 4
4 5
5 6
6 7
7 8
8 9
9 10
10 11
11 12
12 13
13 14
14 15
15 16
16 17
17 18
18 19
19 20
20 21
21 22
22 23
23 24
24 25
25 26
26 27
27 28
28 29
29 30
30 31
31 32
32 33
33 34
34 35
35 36
36 37
37 38
38 39
39 40
40 41
41 42
42 43
43 44
44 45
45 46
46 47
47 48
48 49
49 50
50 51
51 52
52 53
53 54
54 55
55 56
56 57
57 58
58 59
59 0
34 43
31 33
13 59
28 51
22 35
45 53
3 54
13 38
7 54
16 56
0 2
17 55
36 38
22 54
10 13
41 43
14 57
44 50
8 38
23 35
27 31
46 52
14 38
34 51
31 34
27 51
54 56
39 45
2 4
25 33
57 59
17 56
24 54
16 57
6 11
19 36
48 51
39 41
0 57
47 52
52 54
45 52
2 56
43 45
38 41
38 53
16 36
1 5
18 55
24 51
1 13
45 50
48 50
37 42
25 35
23 25
1 4
3 7
6 12
15 38
35 43
47 49
38 42
24 27
13 58
28 31
2 57
22 55
51 54
16 38
19 55
37 43
46 50
18 36
25 34
27 30
0 13
27 32
8 11
48 52
43 51
10 38
26 32
2 54
6 8
8 10
11 13
19 35
20 22
13 57
22 24
43 50
40 45
40 43
5 13
16 18
21 55
28 34
38 45
19 22
15 57
7 38
9 38
38 54
25 32
25 27
6 13
19 21
5 7
47 50
29 31
3 5
27 29
36 43

0 1
1 2
2 3
3 4
4 5
5 6
6 7
7 8
8 9
9 10
10 11
11 12
12 13
13 14
14 15
15 16
16 17
17 18
18 19
19 20
20 21
21 22
22 23
23 24
24 25
25 26
26 27
27 28
28 29
29 30
30 31
31 32
32 33
33 34
34 35
35 36
36 37
37 38
38 39
39 40
40 41
41 42
42 43
43 44
44 45
45 46
46 47
47 48
48 49
49 50
50 51
51 52
52 53
53 54
54 55
55 56
56 57
57 58
58 59
59 0
27 56
32 53
15 59
2 33
33 38
5 30
4 30
7 20
8 18
17 58
15 58
7 12
0 54
1 39
56 58
0 4
21 23
32 42
32 56
37 39
21 58
32 49
29 56
7 19
0 50
8 12
41 49
23 27
21 56
7 24
41 46
2 35
14 17
42 49
7 18
7 27
0 49
40 49
11 17
0 55
40 42
32 52
4 13
14 59
3 30
42 45
34 37
5 27
7 22
43 46
55 59
2 39
17 21
44 46
9 12
6 27
41 47
36 39
50 54
2 34
41 48
0 3
42 47
4 59
4 14
30 32
5 29
34 38
29 32
17 19
49 51
2 31
12 17
13 17
2 32
23 56
9 11
9 17
0 40
14 16
42 46
17 20
7 25
4 12
32 54
33 42
41 45
5 28
35 37
2 36
8 17
33 40
23 26
38 40
0 39
32 51
55 58
51 53
15 17
2 30
42 44
21 57
24 26
4 7
4 6
10 12
42 48
28 56
7 23
1 3
7 21
7 26
32 55
50 53
