0 1
1 2
2 3
3 4
4 5
5 6
6 7
7 8
8 9
9 10
10 11
11 12
12 13
13 14
14 15
15 16
16 17
17 18
18 19
19 20
20 21
21 22
22 23
23 24
24 25
25 26
26 27
27 28
28 29
29 30
30 31
31 32
32 33
33 34
34 35
35 36
36 37
37 38
38 39
39 40
40 41
41 42
42 43
43 44
44 45
45 46
46 47
47 48
48 49
49 50
50 51
51 52
52 53
53 54
54 55
55 56
56 57
57 58
58 59
59 0
38 52
9 32
18 46
23 34
41 44
44 48
41 49
48 52
1 3
3 57
35 39
8 13
8 34
4 34
17 23
12 15
40 43
17 22
9 27
1 6
6 34
4 57
24 30
17 53
1 8
1 17
15 26
1 57
28 31
18 40
28 30
2 58
37 56
54 57
17 25
17 54
18 22
8 33
21 39
38 54
34 56
34 39
1 4
8 14
36 39
8 10
16 26
21 40
38 53
46 53
44 49
1 5
43 45
41 50
16 25
18 45
1 7
18 21
17 46
57 59
39 52
14 17
44 46
22 34
11 15
11 13
21 34
29 31
9 33
48 51
7 34
38 55
44 47
36 38
35 37
32 34
48 53
4 56
40 52
26 28
37 55
28 32
23 25
11 26
9 26
1 58
48 50
46 48
23 32
4 6
1 59
9 11
42 44
40 45
15 17
20 22
25 28
9 28
10 13
13 15
40 51
54 56
17 57
24 32
40 50
40 42
35 56
0 57
24 28
18 20
2 57
19 21
30 32
1 14
0 1
1 2
2 3
3 4
4 5
5 6
6 7
7 8
8 9
9 10
10 11
11 12
12 13
13 14
14 15
15 16
16 17
17 18
18 19
19 20
20 21
21 22
22 23
23 24
24 25
25 26
26 27
27 28
28 29
29 30
30 31
31 32
32 33
33 34
34 35
35 36
36 37
37 38
38 39
39 40
40 41
41 42
42 43
43 44
44 45
45 46
46 47
47 48
48 49
49 50
50 51
51 52
52 53
53 54
54 55
55 56
56 57
57 58
58 59
59 0
6 9
39 42
25 54
15 27
45 55
32 46
21 25
51 55
14 57
31 44
2 30
32 51
5 27
22 27
16 27
56 59
15 54
35 45
30 55
2 29
31 38
0 7
6 15
0 58
0 8
5 28
24 26
45 49
25 29
31 43
38 43
37 44
7 9
2 56
6 10
2 6
2 55
30 51
33 38
12 58
10 14
17 27
21 54
31 55
41 43
0 2
32 50
55 57
17 19
12 14
33 37
2 5
9 12
39 41
20 54
31 40
38 42
14 54
18 54
34 36
22 25
33 35
8 12
49 55
33 45
8 58
31 41
2 4
23 27
0 56
44 55
32 45
15 18
46 50
37 45
19 22
45 48
52 55
4 28
13 57
4 29
19 54
16 18
38 44
52 54
31 51
47 50
29 51
45 47
22 24
53 55
24 27
38 40
25 51
25 52
12 57
6 14
26 29
1 56
10 12
19 27
33 36
27 29
56 58
3 5
49 51
0 6
47 49
6 27
32 38
14 55
36 45
11 14
