0 1
1 2
2 3
3 4
4 5
5 6
6 7
7 8
8 9
9 10
10 11
11 12
12 13
13 14
14 15
15 16
16 17
17 18
18 19
19 20
20 21
21 22
22 23
23 24
24 25
25 26
26 27
27 28
28 29
29 30
30 31
31 32
32 33
33 34
34 35
35 36
36 37
37 38
38 39
39 40
40 41
41 42
42 43
43 44
44 45
45 46
46 47
47 48
48 49
49 50
50 51
51 52
52 53
53 54
54 55
55 56
56 57
57 58
58 59
59 0
43 54
42 51
10 37
9 32
9 51
21 37
36 39
1 35
15 24
14 25
25 37
9 38
9 28
15 22
25 35
9 11
0 2
53 55
8 57
25 30
44 54
49 54
46 49
13 15
1 42
15 23
27 30
49 53
3 32
10 12
9 25
15 19
16 19
15 17
1 56
7 32
49 52
2 5
29 32
3 6
10 15
21 23
25 28
25 36
0 56
7 9
42 45
44 47
26 28
10 13
2 32
1 34
39 42
44 48
42 49
9 40
26 30
2 57
19 21
9 13
2 4
10 21
16 21
40 51
42 50
8 51
31 35
9 12
1 39
1 55
46 48
2 58
7 57
51 57
9 39
56 58
43 45
52 55
9 14
52 56
37 39
1 36
14 24
10 19
42 46
44 46
16 20
2 59
5 57
39 41
48 54
52 57
21 25
17 19
3 7
23 25
16 18
50 52
40 42
1 54
1 32
9 29
6 57
10 38
0 58
1 43
32 35
29 31
33 35
15 21
25 31
4 6
1 33
27 29
0 1
1 2
2 3
3 4
4 5
5 6
6 7
7 8
8 9
9 10
10 11
11 12
12 13
13 14
14 15
15 16
16 17
17 18
18 19
19 20
20 21
21 22
22 23
23 24
24 25
25 26
26 27
27 28
28 29
29 30
30 31
31 32
32 33
33 34
34 35
35 36
36 37
37 38
38 39
39 40
40 41
41 42
42 43
43 44
44 45
45 46
46 47
47 48
48 49
49 50
50 51
51 52
52 53
53 54
54 55
55 56
56 57
57 58
58 59
59 0
20 30
37 53
22 57
2 36
28 52
16 34
32 51
5 17
12 16
18 59
34 49
6 11
42 44
54 59
39 46
46 51
33 51
42 52
39 53
40 43
3 15
0 3
4 10
24 30
24 52
0 18
4 14
11 16
34 48
18 30
34 50
16 35
28 51
6 16
39 47
34 38
35 37
22 53
0 54
3 5
2 37
40 53
25 29
6 10
38 48
19 57
2 16
54 58
16 32
19 58
24 26
35 38
29 51
4 7
3 17
23 53
22 55
1 37
4 12
24 29
30 32
41 53
55 58
37 54
3 18
18 20
6 8
0 37
2 35
30 51
13 16
20 57
12 14
4 9
4 11
17 32
39 45
3 16
5 16
6 9
34 51
1 3
27 52
26 29
46 52
47 49
31 51
22 56
47 51
40 45
22 24
17 30
23 52
16 33
21 30
41 43
42 53
18 58
49 51
38 53
45 52
20 22
22 54
4 8
38 47
22 30
5 7
40 44
4 15
26 52
14 16
44 52
55 57
