0 1
1 2
2 3
3 4
4 5
5 6
6 7
7 8
8 9
9 10
10 11
11 12
12 13
13 14
14 15
15 16
16 17
17 18
18 19
19 20
20 21
21 22
22 23
23 24
24 25
25 26
26 27
27 28
28 29
29 30
30 31
31 32
32 33
33 34
34 35
35 36
36 37
37 38
38 39
39 40
40 41
41 42
42 43
43 44
44 45
45 46
46 47
47 48
48 49
49 50
50 51
51 52
52 53
53 54
54 55
55 56
56 57
57 58
58 59
59 0
34 45
39 58
35 41
27 29
5 15
12 56
0 20
12 19
8 56
23 56
40 46
6 13
40 51
26 53
2 8
26 50
25 53
23 38
40 47
0 57
0 58
29 48
15 17
33 38
32 48
29 49
52 57
36 39
3 19
8 10
34 44
53 56
43 46
20 58
5 19
31 38
14 17
33 36
24 38
22 39
27 49
10 13
32 45
6 8
26 30
2 57
15 19
24 55
12 14
28 49
46 48
32 46
21 39
19 56
25 31
22 56
40 52
29 32
40 42
47 51
3 5
5 7
53 55
10 56
3 7
3 8
33 35
19 21
6 9
0 3
11 13
40 43
0 19
6 10
0 2
16 18
10 12
24 54
27 30
48 50
44 46
51 53
26 49
35 39
35 44
39 57
26 31
35 42
29 31
12 17
36 38
17 19
8 57
52 56
21 56
4 7
57 59
32 38
22 38
1 57
35 40
40 57
23 55
15 18
37 39
26 51
35 43
6 14
24 53
32 34
21 58
48 51
25 38
5 14
0 1
1 2
2 3
3 4
4 5
5 6
6 7
7 8
8 9
9 10
10 11
11 12
12 13
13 14
14 15
15 16
16 17
17 18
18 19
19 20
20 21
21 22
22 23
23 24
24 25
25 26
26 27
27 28
28 29
29 30
30 31
31 32
32 33
33 34
34 35
35 36
36 37
37 38
38 39
39 40
40 41
41 42
42 43
43 44
44 45
45 46
46 47
47 48
48 49
49 50
50 51
51 52
52 53
53 54
54 55
55 56
56 57
57 58
58 59
59 0
5 58
14 55
9 34
10 59
18 43
6 55
17 55
42 52
41 53
38 55
24 34
20 33
26 29
35 37
11 21
14 18
34 36
20 36
49 53
28 34
9 35
9 11
23 26
37 40
0 5
20 34
36 41
14 19
4 58
41 54
45 53
26 33
19 41
45 48
9 38
46 52
5 9
11 34
43 55
11 59
44 54
13 19
47 50
16 55
30 33
46 51
13 56
1 4
12 21
21 24
6 58
55 58
9 37
24 26
13 58
36 40
13 55
13 21
44 55
49 52
26 34
2 4
38 54
45 54
44 52
56 58
28 32
12 58
21 33
13 20
17 43
5 10
8 55
22 26
43 52
7 55
0 4
38 40
27 34
38 41
2 5
9 55
28 31
19 42
14 16
46 50
42 53
11 58
28 30
0 10
19 36
18 42
29 33
45 52
1 3
47 49
26 28
23 25
30 32
15 55
1 5
21 26
4 59
45 49
21 23
55 57
45 47
49 51
28 33
7 9
21 34
39 41
