0 1
1 2
2 3
3 4
4 5
5 6
6 7
7 8
8 9
9 10
10 11
11 12
12 13
13 14
14 15
15 16
16 17
17 18
18 19
19 20
20 21
21 22
22 23
23 24
24 25
25 26
26 27
27 28
28 29
29 30
30 31
31 32
32 33
33 34
34 35
35 36
36 37
37 38
38 39
39 40
40 41
41 42
42 43
43 44
44 45
45 46
46 47
47 48
48 49
49 50
50 51
51 52
52 53
53 54
54 55
55 56
56 57
57 58
58 59
59 0
31 56
14 59
23 31
20 36
16 40
13 42
13 55
41 52
11 59
17 37
19 25
31 39
0 14
4 12
43 53
8 11
25 58
23 36
31 40
52 55
32 39
26 57
56 59
0 2
9 12
42 51
2 11
25 31
13 53
1 59
19 58
11 56
41 56
18 20
8 10
14 41
33 39
35 37
16 18
16 37
2 5
4 14
31 33
48 52
5 9
15 40
43 52
34 39
6 8
17 20
15 18
28 56
42 53
18 58
15 58
6 11
16 39
12 14
29 31
50 52
48 51
27 56
40 56
26 29
2 4
57 59
6 9
3 5
31 34
21 23
27 57
41 55
23 35
7 9
20 24
12 56
43 45
26 58
43 47
26 28
20 25
25 30
45 51
21 36
23 34
13 56
37 39
15 41
47 52
44 47
35 39
0 4
14 58
21 24
53 55
24 31
45 47
43 51
16 38
46 51
1 11
10 12
49 52
5 12
14 42
41 51
2 6
46 48
20 37
49 51
28 31
25 29
22 24
52 54
0 1
1 2
2 3
3 4
4 5
5 6
6 7
7 8
8 9
9 10
10 11
11 12
12 13
13 14
14 15
15 16
16 17
17 18
18 19
19 20
20 21
21 22
22 23
23 24
24 25
25 26
26 27
27 28
28 29
29 30
30 31
31 32
32 33
33 34
34 35
35 36
36 37
37 38
38 39
39 40
40 41
41 42
42 43
43 44
44 45
45 46
46 47
47 48
48 49
49 50
50 51
51 52
52 53
53 54
54 55
55 56
56 57
57 58
58 59
59 0
13 30
23 56
4 13
44 50
48 55
28 34
6 32
36 41
15 21
17 23
7 12
24 28
27 30
23 54
15 23
14 17
6 48
28 30
13 57
44 48
33 36
36 44
6 31
47 50
17 30
13 23
23 42
24 42
48 53
2 57
6 13
4 56
23 53
4 8
13 31
11 13
32 36
42 52
40 44
30 32
19 22
45 50
8 13
23 52
10 13
36 39
38 40
3 57
8 12
32 48
17 19
3 13
24 35
29 34
36 38
23 57
42 44
29 33
42 50
6 12
1 13
33 35
2 59
37 44
23 26
47 49
26 30
24 41
23 25
15 17
44 46
39 41
29 32
23 55
1 57
15 22
5 7
13 15
4 57
19 21
16 20
18 22
5 56
32 44
18 23
2 13
43 50
49 53
23 30
0 58
16 21
14 30
16 19
38 44
51 53
28 35
9 13
0 57
46 50
35 41
50 53
4 7
48 56
6 56
2 58
25 28
9 11
40 42
48 54
25 27
