0 1
1 2
2 3
3 4
4 5
5 6
6 7
7 8
8 9
9 10
10 11
11 12
12 13
13 14
14 15
15 16
16 17
17 18
18 19
19 20
20 21
21 22
22 23
23 24
24 25
25 26
26 27
27 28
28 29
29 30
30 31
31 32
32 33
33 34
34 35
35 36
36 37
37 38
38 39
39 40
40 41
41 42
42 43
43 44
44 45
45 46
46 47
47 48
48 49
49 50
50 51
51 52
52 53
53 54
54 55
55 56
56 57
57 58
58 59
59 0
20 59
22 31
48 56
27 51
16 18
12 17
8 21
8 20
34 45
39 59
47 56
7 10
34 44
3 18
39 43
22 34
27 53
47 58
26 55
8 59
22 27
45 51
6 59
28 34
7 18
39 58
8 11
34 36
39 47
12 18
8 16
22 56
24 26
36 43
5 18
45 47
1 3
40 42
57 59
6 18
51 54
40 44
21 35
46 49
20 56
11 14
27 52
36 39
49 51
23 26
28 51
28 30
48 55
2 6
27 55
46 51
0 3
3 5
51 55
6 8
11 13
16 19
56 59
40 45
21 56
22 35
36 38
8 15
48 51
7 12
29 31
47 57
24 55
21 59
8 14
27 31
23 25
31 33
10 12
21 39
14 16
35 39
35 37
41 44
29 34
27 30
19 59
3 59
34 51
0 6
29 32
4 6
22 33
9 11
3 6
37 39
40 43
7 9
39 45
41 43
0 2
22 26
24 56
47 49
46 50
29 33
13 16
36 44
53 55
12 16
18 59
51 53
22 24
8 19

0 1
1 2
2 3
3 4
4 5
5 6
6 7
7 8
8 9
9 10
10 11
11 12
12 13
13 14
14 15
15 16
16 17
17 18
18 19
19 20
20 21
21 22
22 23
23 24
24 25
25 26
26 27
27 28
28 29
29 30
30 31
31 32
32 33
33 34
34 35
35 36
36 37
37 38
38 39
39 40
40 41
41 42
42 43
43 44
44 45
45 46
46 47
47 48
48 49
49 50
50 51
51 52
52 53
53 54
54 55
55 56
56 57
57 58
58 59
59 0
15 54
17 39
23 40
23 31
47 55
26 33
20 47
24 30
26 32
41 53
19 22
0 9
28 32
6 58
42 46
22 45
3 9
46 52
55 59
11 15
18 58
22 47
19 58
44 46
24 31
32 34
31 39
48 50
46 48
22 41
25 29
26 34
9 12
20 57
8 18
40 53
4 58
13 55
36 40
17 23
25 28
31 38
27 32
1 9
10 17
23 36
22 46
39 53
1 58
19 23
50 54
42 52
23 34
3 58
52 54
5 7
34 38
26 28
5 58
25 30
16 54
49 52
43 46
10 16
56 58
15 55
8 17
42 44
17 31
0 12
42 53
12 55
20 58
8 10
0 58
55 58
12 14
22 40
22 44
31 34
30 32
5 8
20 22
47 54
18 23
11 16
48 52
12 59
48 54
4 8
39 54
12 15
50 52
34 37
55 57
2 9
2 58
25 34
17 54
23 35
19 21
20 55
13 15
8 58
24 34
3 8
7 58
22 42
37 40
38 40
