0 1
1 2
2 3
3 4
4 5
5 6
6 7
7 8
8 9
9 10
10 11
11 12
12 13
13 14
14 15
15 16
16 17
17 18
18 19
19 20
20 21
21 22
22 23
23 24
24 25
25 26
26 27
27 28
28 29
29 30
30 31
31 32
32 33
33 34
34 35
35 36
36 37
37 38
38 39
39 40
40 41
41 42
42 43
43 44
44 45
45 46
46 47
47 48
48 49
49 50
50 51
51 52
52 53
53 54
54 55
55 56
56 57
57 58
58 59
59 0
37 42
5 50
27 38
20 36
39 46
37 49
31 35
11 57
38 48
11 20
27 57
49 51
38 46
19 27
37 40
39 43
24 29
27 56
12 20
36 50
52 54
26 28
16 19
4 55
42 48
3 5
11 59
23 27
12 14
8 20
38 56
27 37
55 57
42 46
24 27
9 11
54 56
7 59
19 22
30 36
3 59
4 57
29 35
1 4
17 27
39 42
53 55
7 36
23 36
37 39
51 54
12 19
0 3
44 46
29 36
38 54
52 55
50 52
0 57
42 49
5 59
12 17
0 4
27 36
17 19
38 51
27 35
25 29
26 29
33 35
20 23
11 27
33 36
24 36
36 49
46 48
8 59
9 59
30 35
40 42
12 16
13 15
8 11
32 35
12 27
30 33
4 52
0 58
14 16
21 23
42 45
10 59
5 36
6 36
15 19
31 33
32 34
42 47
2 4
39 44
12 15
43 45
48 51
37 41
24 26
19 21
1 3
27 29
19 23
4 50
8 36
18 27
6 59
11 58

0 1
1 2
2 3
3 4
4 5
5 6
6 7
7 8
8 9
9 10
10 11
11 12
12 13
13 14
14 15
15 16
16 17
17 18
18 19
19 20
20 21
21 22
22 23
23 24
24 25
25 26
26 27
27 28
28 29
29 30
30 31
31 32
32 33
33 34
34 35
35 36
36 37
37 38
38 39
39 40
40 41
41 42
42 43
43 44
44 45
45 46
46 47
47 48
48 49
49 50
50 51
51 52
52 53
53 54
54 55
55 56
56 57
57 58
58 59
59 0
5 17
5 25
28 50
38 41
43 47
40 50
46 59
47 50
36 44
3 19
47 57
3 14
0 34
47 59
41 43
4 8
4 9
4 27
19 59
4 25
51 57
0 31
43 50
6 8
9 12
22 25
0 28
41 50
16 18
50 57
34 39
50 59
29 34
25 27
48 54
5 12
36 59
5 23
13 17
34 37
5 19
28 39
36 43
52 56
45 59
21 59
31 34
36 42
4 6
29 39
25 59
50 58
6 9
4 11
28 31
3 27
13 16
28 30
48 55
38 40
0 36
3 28
44 59
0 2
14 18
1 19
5 13
34 38
7 9
50 54
3 18
49 54
35 37
4 12
1 59
47 58
52 57
28 40
22 59
3 12
29 32
23 25
20 22
43 46
2 28
29 31
28 59
5 20
5 18
5 9
4 10
22 24
47 49
36 41
47 55
5 22
50 53
29 33
36 38
3 13
53 56
47 56
4 26
27 59
2 19
51 53
20 59
34 36
15 18
10 12
