0 1
1 2
2 3
3 4
4 5
5 6
6 7
7 8
8 9
9 10
10 11
11 12
12 13
13 14
14 15
15 16
16 17
17 18
18 19
19 20
20 21
21 22
22 23
23 24
24 25
25 26
26 27
27 28
28 29
29 30
30 31
31 32
32 33
33 34
34 35
35 36
36 37
37 38
38 39
39 40
40 41
41 42
42 43
43 44
44 45
45 46
46 47
47 48
48 49
49 50
50 51
51 52
52 53
53 54
54 55
55 56
56 57
57 58
58 59
59 0
9 17
38 54
4 13
8 51
49 52
48 54
37 40
8 18
19 34
38 42
15 31
2 35
36 43
34 45
17 28
1 59
18 22
28 32
0 37
2 53
0 35
2 7
1 55
21 27
3 13
7 9
19 48
37 43
0 57
6 12
21 34
15 34
3 5
5 13
56 59
18 27
2 55
24 27
40 42
38 40
48 50
11 17
3 6
21 32
31 34
21 26
12 15
52 54
22 25
43 47
2 13
17 30
2 34
20 22
6 10
43 48
34 44
29 32
23 25
54 56
8 19
13 34
34 46
0 38
48 52
32 34
1 56
10 17
23 27
14 34
5 12
8 48
12 17
7 52
9 18
50 52
44 47
21 25
48 51
54 57
34 36
38 41
8 52
7 10
10 12
18 23
43 54
56 58
12 16
16 31
7 53
45 47
0 2
0 58
20 34
35 37
37 39
21 28
12 14
16 30
31 33
38 57
2 54
28 30
37 42
19 47
34 47
2 6
17 27
30 32
36 44
42 54
24 26
18 20

0 1
1 2
2 3
3 4
4 5
5 6
6 7
7 8
8 9
9 10
10 11
11 12
12 13
13 14
14 15
15 16
16 17
17 18
18 19
19 20
20 21
21 22
22 23
23 24
24 25
25 26
26 27
27 28
28 29
29 30
30 31
31 32
32 33
33 34
34 35
35 36
36 37
37 38
38 39
39 40
40 41
41 42
42 43
43 44
44 45
45 46
46 47
47 48
48 49
49 50
50 51
51 52
52 53
53 54
54 55
55 56
56 57
57 58
58 59
59 0
19 54
17 20
7 46
4 10
38 53
4 54
22 29
37 46
38 50
28 53
3 48
2 51
7 35
34 53
53 58
20 53
29 35
44 46
14 16
22 35
13 21
11 21
51 58
3 55
3 58
22 28
2 59
7 11
9 11
45 48
1 3
43 46
46 48
25 27
41 46
22 53
40 46
5 8
51 53
31 53
11 18
33 35
4 7
16 21
38 45
11 35
23 28
41 44
29 53
22 26
7 47
37 53
16 18
5 10
3 51
20 54
15 21
18 54
31 35
12 21
3 50
4 6
3 57
8 10
23 26
17 21
38 49
10 18
2 58
5 7
10 54
40 45
26 28
36 53
52 58
33 53
3 59
53 57
21 53
30 53
17 19
35 46
26 53
42 46
29 31
3 49
41 43
32 35
39 46
13 18
14 18
53 56
38 51
32 53
4 55
11 13
14 21
24 28
40 44
3 7
0 3
7 48
45 49
36 46
35 53
3 56
39 45
53 55
11 22
8 11
38 46
25 28
