0 1
1 2
2 3
3 4
4 5
5 6
6 7
7 8
8 9
9 10
10 11
11 12
12 13
13 14
14 15
15 16
16 17
17 18
18 19
19 20
20 21
21 22
22 23
23 24
24 25
25 26
26 27
27 28
28 29
29 30
30 31
31 32
32 33
33 34
34 35
35 36
36 37
37 38
38 39
39 40
40 41
41 42
42 43
43 44
44 45
45 46
46 47
47 48
48 49
49 50
50 51
51 52
52 53
53 54
54 55
55 56
56 57
57 58
58 59
59 0
3 31
24 38
6 49
14 39
26 29
39 48
14 26
13 48
31 55
29 33
6 12
51 57
50 58
11 48
54 57
18 38
16 19
13 40
27 33
36 54
2 6
22 38
51 53
36 51
3 57
0 58
14 20
1 57
31 36
42 48
23 26
40 43
2 49
13 43
6 29
27 35
24 27
16 39
44 47
39 42
0 2
17 39
43 46
27 29
5 29
53 57
3 6
21 23
6 11
35 38
51 54
14 29
8 10
17 38
37 51
24 26
52 54
8 49
12 14
2 59
51 58
29 31
13 44
7 49
45 47
32 36
36 38
42 46
30 33
19 38
21 38
8 11
4 31
4 29
9 11
42 47
31 54
13 47
17 19
7 9
32 35
23 38
31 33
37 39
44 46
15 20
41 43
39 51
4 6
39 50
50 59
15 39
0 57
31 57
2 57
54 56
6 9
25 27
13 39
39 41
39 49
21 26
6 14
19 21
11 13
32 34
20 26
8 48
31 56
16 20
28 33
33 35
27 38
2 50

0 1
1 2
2 3
3 4
4 5
5 6
6 7
7 8
8 9
9 10
10 11
11 12
12 13
13 14
14 15
15 16
16 17
17 18
18 19
19 20
20 21
21 22
22 23
23 24
24 25
25 26
26 27
27 28
28 29
29 30
30 31
31 32
32 33
33 34
34 35
35 36
36 37
37 38
38 39
39 40
40 41
41 42
42 43
43 44
44 45
45 46
46 47
47 48
48 49
49 50
50 51
51 52
52 53
53 54
54 55
55 56
56 57
57 58
58 59
59 0
27 39
6 15
35 59
16 24
29 35
39 59
8 53
8 26
34 38
50 55
51 55
12 22
29 32
44 53
1 58
5 59
28 30
44 49
8 41
25 29
25 28
8 58
39 45
24 35
27 34
30 34
19 22
11 24
50 52
8 39
8 42
16 22
10 13
41 44
10 25
2 4
8 15
10 12
57 59
16 23
3 58
47 50
8 54
10 24
41 45
2 5
10 26
35 37
6 8
15 21
6 24
39 47
37 59
43 53
10 15
27 30
12 24
2 58
6 59
1 59
4 58
49 52
52 55
18 20
44 52
12 23
47 59
0 5
8 56
31 34
44 48
8 40
48 50
9 26
8 55
5 58
5 7
10 14
15 22
14 22
6 35
5 8
45 48
15 24
25 35
47 57
18 22
50 57
56 58
17 21
34 39
16 18
16 21
34 37
38 59
42 44
20 22
55 57
17 20
36 59
9 15
8 43
46 48
30 32
26 28
26 39
13 22
29 34
1 5
53 55
39 46
40 45
