0 1
1 2
2 3
3 4
4 5
5 6
6 7
7 8
8 9
9 10
10 11
11 12
12 13
13 14
14 15
15 16
16 17
17 18
18 19
19 20
20 21
21 22
22 23
23 24
24 25
25 26
26 27
27 28
28 29
29 30
30 31
31 32
32 33
33 34
34 35
35 36
36 37
37 38
38 39
39 40
40 41
41 42
42 43
43 44
44 45
45 46
46 47
47 48
48 49
49 50
50 51
51 52
52 53
53 54
54 55
55 56
56 57
57 58
58 59
59 0
13 29
0 18
49 55
48 59
31 59
28 48
45 55
43 45
48 58
7 29
18 25
38 48
8 13
23 29
11 15
32 35
47 55
40 59
32 38
13 22
31 37
31 35
4 31
6 15
6 18
43 46
55 57
6 31
50 52
7 31
13 21
26 29
14 19
14 20
33 37
12 15
43 57
46 48
51 53
48 53
18 21
45 57
28 59
14 16
4 6
24 29
8 29
0 28
9 11
6 16
53 56
0 25
43 59
16 19
8 12
1 59
33 35
40 42
2 5
30 37
6 17
31 38
9 15
8 10
40 48
52 54
0 5
34 37
21 25
49 52
54 56
0 2
0 26
42 48
12 14
39 59
32 37
43 58
48 56
0 6
30 38
44 57
28 38
1 3
42 59
22 25
3 59
3 31
49 51
8 11
48 55
24 26
34 36
42 46
38 40
46 55
52 55
22 29
7 15
26 28
35 37
18 20
38 59
28 30
16 18
27 29
48 51
8 15
56 58
23 25
2 4
41 59
13 20
29 31
0 1
1 2
2 3
3 4
4 5
5 6
6 7
7 8
8 9
9 10
10 11
11 12
12 13
13 14
14 15
15 16
16 17
17 18
18 19
19 20
20 21
21 22
22 23
23 24
24 25
25 26
26 27
27 28
28 29
29 30
30 31
31 32
32 33
33 34
34 35
35 36
36 37
37 38
38 39
39 40
40 41
41 42
42 43
43 44
44 45
45 46
46 47
47 48
48 49
49 50
50 51
51 52
52 53
53 54
54 55
55 56
56 57
57 58
58 59
59 0
8 33
6 26
8 50
11 20
42 58
48 57
16 21
15 28
0 50
13 18
44 46
2 27
30 42
1 42
54 57
23 28
33 43
0 4
11 29
8 25
50 53
52 57
1 29
9 24
34 41
33 36
33 48
2 28
33 49
46 57
0 56
10 24
24 28
12 29
37 41
37 42
34 39
13 16
24 27
7 25
9 25
11 18
1 58
4 50
15 23
9 32
10 22
50 56
17 20
38 41
33 42
10 32
10 31
56 59
8 32
49 57
11 13
7 26
32 41
8 49
34 38
51 57
12 28
10 29
5 7
10 30
50 55
5 50
33 44
16 20
10 20
0 58
4 26
15 21
29 42
17 19
30 41
32 34
39 41
44 48
10 23
5 26
44 47
42 57
15 22
34 40
3 26
13 28
45 47
50 57
3 27
7 50
13 15
53 55
11 19
36 42
31 41
20 22
47 57
57 59
0 3
25 27
2 29
36 38
53 57
35 38
14 28
42 44
13 17
