0 1
1 2
2 3
3 4
4 5
5 6
6 7
7 8
8 9
9 10
10 11
11 12
12 13
13 14
14 15
15 16
16 17
17 18
18 19
19 20
20 21
21 22
22 23
23 24
24 25
25 26
26 27
27 28
28 29
29 30
30 31
31 32
32 33
33 34
34 35
35 36
36 37
37 38
38 39
39 40
40 41
41 42
42 43
43 44
44 45
45 46
46 47
47 48
48 49
49 50
50 51
51 52
52 53
53 54
54 55
55 56
56 57
57 58
58 59
59 0
28 49
13 26
15 57
22 55
47 56
9 38
30 38
11 14
31 33
30 34
17 22
28 52
1 47
14 24
1 6
10 26
5 8
44 46
4 15
1 3
53 55
32 47
10 15
37 40
18 20
28 53
47 52
9 15
7 43
1 4
34 45
16 23
25 27
36 44
52 54
1 5
23 55
22 57
33 46
0 4
34 44
7 41
5 15
47 59
37 42
28 50
7 39
20 22
6 47
5 9
29 32
16 18
44 47
24 53
47 54
19 57
34 37
33 45
0 15
12 26
40 42
30 33
17 21
9 29
9 39
17 23
32 48
26 28
0 2
0 58
48 51
50 52
1 59
37 43
34 36
41 43
47 58
30 32
15 58
30 37
36 43
12 14
11 15
18 57
32 46
24 28
18 21
25 28
7 44
14 26
49 51
56 58
16 24
10 28
8 39
7 40
10 29
28 48
48 52
15 18
19 22
23 53
15 24
35 44
22 56
9 30
6 44
5 7
14 25
38 40
11 26
47 55
2 4
29 48

0 1
1 2
2 3
3 4
4 5
5 6
6 7
7 8
8 9
9 10
10 11
11 12
12 13
13 14
14 15
15 16
16 17
17 18
18 19
19 20
20 21
21 22
22 23
23 24
24 25
25 26
26 27
27 28
28 29
29 30
30 31
31 32
32 33
33 34
34 35
35 36
36 37
37 38
38 39
39 40
40 41
41 42
42 43
43 44
44 45
45 46
46 47
47 48
48 49
49 50
50 51
51 52
52 53
53 54
54 55
55 56
56 57
57 58
58 59
59 0
40 47
44 56
27 58
23 49
1 49
8 59
15 49
49 54
32 41
41 47
16 58
16 25
44 51
49 55
4 10
42 44
30 57
53 56
4 11
24 49
39 49
14 49
2 5
49 58
11 49
18 22
49 53
6 10
27 34
26 38
28 30
44 50
36 39
25 38
25 58
29 33
30 41
19 49
44 53
40 49
34 41
47 50
12 58
18 23
27 35
34 40
14 58
27 38
27 57
30 43
5 10
35 39
16 19
28 57
5 59
10 58
18 25
42 47
46 50
2 49
24 39
0 5
28 33
6 59
42 45
48 50
45 50
35 40
0 49
55 57
44 57
19 21
54 56
12 49
9 58
23 25
27 37
44 52
42 46
13 49
27 36
3 11
3 49
28 34
11 58
16 49
24 38
37 39
17 19
49 52
47 49
49 57
26 58
9 59
30 42
17 25
29 31
20 49
14 16
49 59
8 10
33 41
6 8
21 49
31 41
3 5
22 49
7 10
13 58
30 44
