0 1
1 2
2 3
3 4
4 5
5 6
6 7
7 8
8 9
9 10
10 11
11 12
12 13
13 14
14 15
15 16
16 17
17 18
18 19
19 20
20 21
21 22
22 23
23 24
24 25
25 26
26 27
27 28
28 29
29 30
30 31
31 32
32 33
33 34
34 35
35 36
36 37
37 38
38 39
39 40
40 41
41 42
42 43
43 44
44 45
45 46
46 47
47 48
48 49
49 50
50 51
51 52
52 53
53 54
54 55
55 56
56 57
57 58
58 59
59 0
38 49
22 26
0 29
19 46
18 50
36 40
22 41
3 20
38 50
4 17
22 28
10 20
0 23
45 48
50 57
3 59
3 52
1 21
0 32
6 8
43 45
54 59
42 44
43 46
50 59
39 49
11 15
56 58
16 19
18 47
34 59
1 20
20 41
50 58
24 29
10 19
29 32
51 55
34 38
11 16
29 35
10 13
0 2
19 42
19 43
31 33
33 35
44 49
51 53
36 39
6 10
8 17
4 18
10 12
22 25
22 29
44 48
11 17
39 41
56 59
18 46
27 29
26 29
24 26
33 59
23 25
5 7
4 10
3 50
22 27
45 47
4 7
50 56
20 22
7 17
3 53
2 59
31 35
48 50
29 40
11 13
6 9
1 22
39 44
4 6
39 42
51 54
8 10
51 56
1 23
13 19
13 16
34 36
32 59
3 54
14 16
2 20
35 40
10 17
13 15
20 42
3 51
34 37
4 20
30 35
29 31
23 29
38 59
55 59
16 18
29 41
3 18
18 48
36 38

0 1
1 2
2 3
3 4
4 5
5 6
6 7
7 8
8 9
9 10
10 11
11 12
12 13
13 14
14 15
15 16
16 17
17 18
18 19
19 20
20 21
21 22
22 23
23 24
24 25
25 26
26 27
27 28
28 29
29 30
30 31
31 32
32 33
33 34
34 35
35 36
36 37
37 38
38 39
39 40
40 41
41 42
42 43
43 44
44 45
45 46
46 47
47 48
48 49
49 50
50 51
51 52
52 53
53 54
54 55
55 56
56 57
57 58
58 59
59 0
40 44
29 33
14 26
23 26
28 58
18 26
1 13
26 57
54 56
1 6
2 17
30 36
30 39
42 48
1 7
37 50
41 44
3 12
26 58
13 59
2 28
36 57
30 48
0 28
31 34
21 24
23 28
36 58
3 6
21 23
28 59
18 20
35 58
44 46
1 59
50 52
36 56
17 22
18 21
27 51
3 13
16 26
30 32
39 50
2 5
52 54
29 49
2 15
41 50
14 59
3 15
19 22
27 50
2 22
27 55
6 11
8 12
36 52
31 36
43 48
9 11
15 17
3 11
46 48
7 9
14 58
15 26
36 53
39 46
39 48
27 57
7 13
2 6
2 4
8 13
41 43
33 58
40 50
3 5
26 28
18 25
7 10
40 45
17 26
29 48
3 14
39 47
42 49
2 23
21 25
19 21
28 33
41 49
30 37
34 58
28 49
8 11
17 19
28 50
27 54
32 34
55 57
7 11
36 54
39 45
37 39
30 33
1 28
36 50
30 38
27 52
