0 1
1 2
2 3
3 4
4 5
5 6
6 7
7 8
8 9
9 10
10 11
11 12
12 13
13 14
14 15
15 16
16 17
17 18
18 19
19 20
20 21
21 22
22 23
23 24
24 25
25 26
26 27
27 28
28 29
29 30
30 31
31 32
32 33
33 34
34 35
35 36
36 37
37 38
38 39
39 40
40 41
41 42
42 43
43 44
44 45
45 46
46 47
47 48
48 49
49 50
50 51
51 52
52 53
53 54
54 55
55 56
56 57
57 58
58 59
59 0
30 41
21 52
7 19
33 40
9 13
8 36
41 59
24 32
26 31
37 59
23 29
12 23
35 38
32 35
7 58
7 20
43 52
8 11
14 17
2 59
10 12
7 37
23 44
35 40
21 54
49 52
49 51
20 56
32 40
9 15
46 51
54 58
30 44
4 58
7 59
21 55
1 6
54 57
24 28
7 56
22 46
29 44
41 53
24 36
27 30
3 5
15 18
19 21
13 21
47 49
0 2
26 28
32 36
38 41
47 52
7 15
25 32
1 7
42 44
31 40
47 50
23 28
37 41
54 59
18 21
9 12
35 39
48 50
39 41
26 32
13 17
7 57
52 54
27 29
44 46
4 59
5 58
7 18
13 22
22 51
1 59
8 23
17 21
8 12
9 14
8 15
44 47
22 44
21 56
41 44
22 52
7 36
25 28
8 24
35 37
16 18
15 17
34 40
1 3
54 56
43 47
30 40
12 22
27 31
53 59
8 10
32 34
6 58
1 5
42 53
43 53
47 51
22 45
2 4

0 1
1 2
2 3
3 4
4 5
5 6
6 7
7 8
8 9
9 10
10 11
11 12
12 13
13 14
14 15
15 16
16 17
17 18
18 19
19 20
20 21
21 22
22 23
23 24
24 25
25 26
26 27
27 28
28 29
29 30
30 31
31 32
32 33
33 34
34 35
35 36
36 37
37 38
38 39
39 40
40 41
41 42
42 43
43 44
44 45
45 46
46 47
47 48
48 49
49 50
50 51
51 52
52 53
53 54
54 55
55 56
56 57
57 58
58 59
59 0
39 53
14 18
3 54
16 28
18 52
40 45
56 58
1 13
34 39
21 44
27 40
7 53
31 36
57 59
5 9
45 52
20 44
27 39
40 50
53 58
1 30
4 13
30 59
50 53
30 53
21 42
16 25
5 12
30 36
11 13
18 24
29 37
10 18
32 53
5 54
18 23
46 50
2 55
40 48
50 52
34 38
25 40
33 36
18 25
8 52
40 46
45 51
2 13
33 39
55 59
25 41
5 11
40 43
43 45
15 29
29 36
19 22
19 52
10 14
21 41
32 39
20 22
40 42
4 12
13 15
0 30
20 52
1 29
39 50
4 54
19 23
23 41
55 58
16 27
2 54
16 29
40 49
6 9
29 39
34 37
8 18
46 49
55 57
1 15
7 9
46 48
29 38
31 33
34 36
0 55
9 11
7 54
31 53
26 40
21 23
45 50
3 13
33 35
6 54
28 39
9 18
8 53
23 25
16 26
20 45
21 43
11 14
14 16
30 58
17 25
1 55
53 55
40 47
