0 1
1 2
2 3
3 4
4 5
5 6
6 7
7 8
8 9
9 10
10 11
11 12
12 13
13 14
14 15
15 16
16 17
17 18
18 19
19 20
20 21
21 22
22 23
23 24
24 25
25 26
26 27
27 28
28 29
29 30
30 31
31 32
32 33
33 34
34 35
35 36
36 37
37 38
38 39
39 40
40 41
41 42
42 43
43 44
44 45
45 46
46 47
47 48
48 49
49 50
50 51
51 52
52 53
53 54
54 55
55 56
56 57
57 58
58 59
59 0
37 48
33 56
17 30
12 33
13 42
6 8
44 52
16 34
2 7
7 9
8 33
16 27
3 33
12 58
42 54
54 57
10 58
1 7
54 56
42 46
21 30
33 58
42 57
9 12
23 25
18 24
34 42
50 54
31 33
13 29
34 38
38 47
4 8
46 51
42 52
30 33
3 59
21 23
24 26
13 30
22 29
27 29
16 29
2 5
38 40
42 47
33 59
13 16
16 33
15 34
35 54
43 46
23 26
7 58
33 35
35 55
35 50
36 48
30 32
26 29
19 23
0 2
18 23
35 56
12 32
33 57
13 32
47 50
39 42
17 26
40 42
18 20
1 58
36 49
18 26
22 30
9 58
20 23
17 21
11 58
5 8
48 50
34 36
3 8
50 52
41 47
17 27
50 53
2 4
23 29
44 51
13 58
13 34
10 12
40 47
47 51
44 46
14 34
35 49
26 28
0 3
42 53
37 47
45 51
43 52
14 16
34 39
1 59
13 57
5 7
8 12
17 33
36 38
18 21

0 1
1 2
2 3
3 4
4 5
5 6
6 7
7 8
8 9
9 10
10 11
11 12
12 13
13 14
14 15
15 16
16 17
17 18
18 19
19 20
20 21
21 22
22 23
23 24
24 25
25 26
26 27
27 28
28 29
29 30
30 31
31 32
32 33
33 34
34 35
35 36
36 37
37 38
38 39
39 40
40 41
41 42
42 43
43 44
44 45
45 46
46 47
47 48
48 49
49 50
50 51
51 52
52 53
53 54
54 55
55 56
56 57
57 58
58 59
59 0
23 50
22 45
25 48
26 37
12 50
22 53
27 38
0 13
3 12
29 35
30 37
24 45
2 11
39 43
51 55
13 53
29 37
21 49
40 44
3 11
27 45
12 15
25 27
24 49
2 57
2 59
7 11
38 43
26 46
30 35
45 48
38 45
12 57
32 34
53 59
14 18
17 20
42 44
35 37
12 56
45 47
26 39
39 44
30 38
55 59
31 34
46 48
14 17
22 48
11 13
53 55
52 55
40 43
22 50
13 59
29 32
37 39
4 10
12 14
17 49
23 49
7 10
29 34
24 27
16 49
41 43
31 35
20 22
0 11
16 50
5 10
29 38
20 49
7 12
14 22
54 59
3 5
3 10
13 22
22 52
14 20
3 7
3 6
55 57
28 37
43 45
2 58
29 36
51 56
55 58
41 44
29 31
28 38
26 44
27 37
25 46
26 45
12 51
22 51
25 49
17 19
3 57
8 11
8 10
12 16
6 10
22 49
14 19
9 11
23 45
29 33
15 17
1 11
