0 1
1 2
2 3
3 4
4 5
5 6
6 7
7 8
8 9
9 10
10 11
11 12
12 13
13 14
14 15
15 16
16 17
17 18
18 19
19 20
20 21
21 22
22 23
23 24
24 25
25 26
26 27
27 28
28 29
29 30
30 31
31 32
32 33
33 34
34 35
35 36
36 37
37 38
38 39
39 40
40 41
41 42
42 43
43 44
44 45
45 46
46 47
47 48
48 49
49 50
50 51
51 52
52 53
53 54
54 55
55 56
56 57
57 58
58 59
59 0
14 29
20 33
0 7
4 19
12 58
12 34
19 37
22 25
17 24
39 59
41 45
23 25
50 53
12 50
3 37
22 24
5 11
42 49
36 38
41 59
14 34
34 38
16 29
45 56
50 57
4 15
20 29
10 12
3 38
30 34
11 13
46 53
22 28
14 30
17 20
55 57
38 41
13 15
47 53
0 9
43 45
24 28
45 55
12 38
33 36
1 38
20 28
33 37
5 7
0 4
45 48
3 19
9 59
1 59
49 53
20 32
42 44
25 28
50 58
57 59
29 32
41 44
17 19
46 48
12 59
6 10
9 12
5 10
18 20
38 59
45 57
26 28
7 10
0 8
43 48
49 52
31 34
42 48
50 54
21 28
20 22
0 2
1 3
53 55
35 38
17 29
49 51
24 26
33 35
24 29
15 29
41 57
2 4
51 53
20 24
41 49
31 33
38 49
25 27
11 15
4 16
38 50
54 57
7 9
45 53
5 15
19 33
38 40
47 49
13 34
16 19
40 59
0 5
29 31
0 1
1 2
2 3
3 4
4 5
5 6
6 7
7 8
8 9
9 10
10 11
11 12
12 13
13 14
14 15
15 16
16 17
17 18
18 19
19 20
20 21
21 22
22 23
23 24
24 25
25 26
26 27
27 28
28 29
29 30
30 31
31 32
32 33
33 34
34 35
35 36
36 37
37 38
38 39
39 40
40 41
41 42
42 43
43 44
44 45
45 46
46 47
47 48
48 49
49 50
50 51
51 52
52 53
53 54
54 55
55 56
56 57
57 58
58 59
59 0
26 55
32 56
21 26
3 59
42 53
9 20
13 59
16 22
11 20
47 55
29 58
30 36
38 55
4 13
2 58
30 57
4 55
8 12
33 38
15 18
43 46
23 26
26 30
15 59
46 51
42 47
6 55
22 26
50 52
22 27
42 45
32 42
6 13
32 53
2 56
28 30
8 21
6 8
27 59
45 51
33 41
16 18
12 19
32 55
47 50
12 14
8 20
15 22
30 35
14 59
29 59
0 58
22 59
52 54
18 22
34 37
32 41
14 18
4 56
2 59
28 59
31 35
27 30
7 12
40 42
52 55
33 40
50 55
31 56
29 57
30 38
46 50
6 26
10 20
21 23
3 56
42 52
12 20
45 52
32 35
2 57
8 11
3 13
40 47
30 55
42 46
38 47
49 55
35 37
12 18
32 34
5 13
6 12
5 55
30 37
33 39
6 21
32 54
8 10
15 17
39 47
19 21
30 56
48 55
21 25
21 24
48 50
19 22
44 46
1 58
