0 1
1 2
2 3
3 4
4 5
5 6
6 7
7 8
8 9
9 10
10 11
11 12
12 13
13 14
14 15
15 16
16 17
17 18
18 19
19 20
20 21
21 22
22 23
23 24
24 25
25 26
26 27
27 28
28 29
29 30
30 31
31 32
32 33
33 34
34 35
35 36
36 37
37 38
38 39
39 40
40 41
41 42
42 43
43 44
44 45
45 46
46 47
47 48
48 49
49 50
50 51
51 52
52 53
53 54
54 55
55 56
56 57
57 58
58 59
59 0
17 34
6 38
4 35
21 37
1 51
38 59
18 30
47 56
26 35
29 33
27 30
10 12
1 41
47 50
18 37
18 38
50 52
13 17
46 48
1 49
31 33
35 59
15 17
41 47
10 16
1 45
30 34
6 17
10 35
38 47
47 49
1 43
3 41
7 12
37 59
24 35
54 56
4 59
5 38
47 52
19 37
42 47
8 10
39 41
19 27
22 26
0 54
31 34
11 13
47 57
43 46
11 14
24 37
0 55
4 6
5 39
28 35
45 49
1 54
44 46
18 27
2 59
52 54
1 50
8 35
6 18
16 35
3 39
23 25
14 16
38 41
47 54
29 32
51 54
28 30
55 59
22 37
23 37
47 59
24 36
19 21
7 10
33 35
20 22
24 26
27 35
22 27
17 30
14 17
6 8
19 22
9 35
36 59
6 35
4 39
10 14
51 53
23 26
56 59
46 49
1 44
12 17
17 35
3 40
29 35
1 59
56 58
30 32
47 58
1 3
41 43
6 12
43 47
3 59

0 1
1 2
2 3
3 4
4 5
5 6
6 7
7 8
8 9
9 10
10 11
11 12
12 13
13 14
14 15
15 16
16 17
17 18
18 19
19 20
20 21
21 22
22 23
23 24
24 25
25 26
26 27
27 28
28 29
29 30
30 31
31 32
32 33
33 34
34 35
35 36
36 37
37 38
38 39
39 40
40 41
41 42
42 43
43 44
44 45
45 46
46 47
47 48
48 49
49 50
50 51
51 52
52 53
53 54
54 55
55 56
56 57
57 58
58 59
59 0
3 26
16 36
1 8
19 24
26 46
29 40
21 27
45 54
31 39
39 44
31 36
16 57
8 12
28 45
41 45
22 25
7 19
3 57
1 15
17 19
34 37
21 24
27 46
0 16
12 14
40 44
11 15
48 53
3 55
7 9
26 53
2 8
16 58
19 36
31 38
11 17
20 31
10 17
4 19
3 58
21 23
3 7
29 45
7 17
42 44
1 13
16 44
29 31
9 17
46 52
30 40
20 36
2 7
25 27
55 57
31 40
28 46
21 29
41 44
36 38
45 55
9 12
40 43
19 26
21 28
17 36
1 14
26 55
45 48
32 36
21 31
46 51
49 52
32 38
34 38
3 5
16 38
6 19
46 53
29 41
44 57
21 25
1 16
5 7
53 55
22 24
40 42
16 59
0 3
5 19
46 50
34 36
48 54
33 36
49 53
32 34
45 57
18 36
0 58
4 26
3 56
45 47
0 2
12 15
1 12
20 24
16 39
49 51
48 50
11 16
35 37
9 11
19 25
