0 1
1 2
2 3
3 4
4 5
5 6
6 7
7 8
8 9
9 10
10 11
11 12
12 13
13 14
14 15
15 16
16 17
17 18
18 19
19 20
20 21
21 22
22 23
23 24
24 25
25 26
26 27
27 28
28 29
29 30
30 31
31 32
32 33
33 34
34 35
35 36
36 37
37 38
38 39
39 40
40 41
41 42
42 43
43 44
44 45
45 46
46 47
47 48
48 49
49 50
50 51
51 52
52 53
53 54
54 55
55 56
56 57
57 58
58 59
59 0
12 16
3 59
16 28
12 54
36 58
14 23
16 20
40 47
7 33
3 34
16 24
46 50
28 54
10 58
17 19
30 37
37 56
40 56
8 25
25 33
28 39
39 46
0 10
9 14
11 58
27 31
49 52
15 19
6 10
29 37
28 53
11 54
5 34
27 33
47 56
16 25
9 25
10 12
42 44
4 10
28 30
10 13
49 54
10 59
16 27
7 10
28 37
40 44
16 22
30 33
55 58
40 45
39 41
8 10
19 22
12 14
39 43
46 53
46 48
19 21
47 54
26 33
1 59
3 5
30 36
3 35
5 33
15 22
25 27
54 58
2 59
14 25
3 10
22 24
39 45
52 54
37 57
15 18
1 3
41 44
56 58
31 33
50 52
6 33
15 23
46 52
0 3
33 35
37 39
46 49
5 10
14 16
45 47
38 40
14 24
38 56
46 51
37 58
36 59
43 45
16 21
35 59
12 28
47 55
47 49
10 14
41 43
27 30
27 32
17 20
33 36
28 46
8 33
15 17

0 1
1 2
2 3
3 4
4 5
5 6
6 7
7 8
8 9
9 10
10 11
11 12
12 13
13 14
14 15
15 16
16 17
17 18
18 19
19 20
20 21
21 22
22 23
23 24
24 25
25 26
26 27
27 28
28 29
29 30
30 31
31 32
32 33
33 34
34 35
35 36
36 37
37 38
38 39
39 40
40 41
41 42
42 43
43 44
44 45
45 46
46 47
47 48
48 49
49 50
50 51
51 52
52 53
53 54
54 55
55 56
56 57
57 58
58 59
59 0
4 25
3 47
15 39
44 48
4 16
1 37
20 36
51 55
2 29
18 20
40 58
32 34
29 34
55 57
17 38
21 36
53 59
49 58
19 23
16 19
3 44
23 35
31 36
20 37
49 57
25 28
52 55
4 28
47 51
3 41
7 39
42 49
4 11
20 22
54 59
16 18
49 55
6 8
39 59
41 58
24 29
47 59
7 41
11 39
24 28
3 7
1 29
5 7
4 12
2 28
56 59
6 11
31 37
11 15
3 28
4 27
37 59
4 13
22 36
0 2
29 31
3 45
34 36
24 35
17 39
12 15
10 39
47 52
43 49
4 24
13 16
48 50
20 23
8 39
42 58
44 47
29 32
3 46
39 58
5 11
6 9
16 39
44 49
38 59
50 55
53 55
18 38
47 50
1 30
4 19
7 40
54 56
2 47
57 59
24 34
23 36
3 43
3 42
20 38
29 33
26 28
0 47
31 34
0 37
13 15
9 39
1 31
4 23
4 26
44 46
4 7
47 53
9 11
