0 1
1 2
2 3
3 4
4 5
5 6
6 7
7 8
8 9
9 10
10 11
11 12
12 13
13 14
14 15
15 16
16 17
17 18
18 19
19 20
20 21
21 22
22 23
23 24
24 25
25 26
26 27
27 28
28 29
29 30
30 31
31 32
32 33
33 34
34 35
35 36
36 37
37 38
38 39
39 40
40 41
41 42
42 43
43 44
44 45
45 46
46 47
47 48
48 49
49 50
50 51
51 52
52 53
53 54
54 55
55 56
56 57
57 58
58 59
59 0
10 23
21 39
24 26
38 56
15 56
15 39
42 56
22 29
9 58
12 16
16 39
6 57
15 48
8 14
38 42
9 23
12 14
30 38
42 52
28 30
35 38
22 27
22 30
3 9
15 57
2 57
21 30
23 38
17 19
23 35
42 55
22 28
13 16
57 59
28 35
51 54
50 56
45 47
44 50
38 57
9 57
42 50
33 37
28 31
12 23
39 42
2 58
39 48
17 23
23 25
11 14
50 52
6 9
34 37
52 54
49 56
41 48
7 15
41 43
7 14
44 48
30 39
43 48
32 38
33 38
50 54
2 9
26 28
8 11
23 26
5 57
46 48
53 55
11 23
42 44
22 26
16 19
33 35
14 16
42 53
23 57
17 20
22 25
31 33
9 11
19 39
12 17
20 23
44 49
2 4
4 6
31 35
43 45
15 49
4 57
3 6
20 39
30 32
7 57
18 20
43 46
7 9
0 57
40 48
34 36
44 47
26 35
40 42
54 56
1 57
21 23
1 59
2 59
35 37
0 1
1 2
2 3
3 4
4 5
5 6
6 7
7 8
8 9
9 10
10 11
11 12
12 13
13 14
14 15
15 16
16 17
17 18
18 19
19 20
20 21
21 22
22 23
23 24
24 25
25 26
26 27
27 28
28 29
29 30
30 31
31 32
32 33
33 34
34 35
35 36
36 37
37 38
38 39
39 40
40 41
41 42
42 43
43 44
44 45
45 46
46 47
47 48
48 49
49 50
50 51
51 52
52 53
53 54
54 55
55 56
56 57
57 58
58 59
59 0
30 57
3 5
21 32
41 54
46 50
5 39
0 17
47 59
55 58
40 59
13 18
26 31
38 54
1 12
22 59
35 54
3 8
21 33
44 52
32 35
23 31
11 38
11 21
11 19
23 32
1 10
5 59
33 36
27 57
12 19
56 58
43 54
32 57
49 52
0 5
42 45
5 38
0 16
2 10
48 52
21 59
27 59
1 4
26 59
40 47
19 59
32 56
31 57
6 11
21 38
1 3
14 18
27 29
47 58
54 58
48 54
41 47
1 5
42 47
3 10
5 7
27 30
0 13
43 53
5 11
6 8
26 29
44 51
13 19
17 59
47 54
13 15
45 50
48 53
23 59
38 40
25 59
22 32
24 31
39 59
0 12
15 17
20 59
8 10
3 7
42 46
38 41
0 15
45 51
35 55
25 31
1 11
19 21
37 54
32 34
47 50
36 54
24 59
42 54
36 38
49 51
48 50
35 56
15 18
26 30
44 53
6 10
18 59
27 58
21 36
