0 1
1 2
2 3
3 4
4 5
5 6
6 7
7 8
8 9
9 10
10 11
11 12
12 13
13 14
14 15
15 16
16 17
17 18
18 19
19 20
20 21
21 22
22 23
23 24
24 25
25 26
26 27
27 28
28 29
29 30
30 31
31 32
32 33
33 34
34 35
35 36
36 37
37 38
38 39
39 40
40 41
41 42
42 43
43 44
44 45
45 46
46 47
47 48
48 49
49 50
50 51
51 52
52 53
53 54
54 55
55 56
56 57
57 58
58 59
59 0
45 52
20 26
45 47
14 27
30 46
17 46
36 58
19 46
7 55
25 46
12 52
30 39
8 52
30 45
14 32
54 57
14 36
7 58
3 59
19 26
12 51
21 25
0 5
46 50
15 27
19 27
32 38
5 55
39 57
33 36
16 18
9 11
3 7
56 58
2 4
47 52
41 45
8 14
25 29
43 53
20 22
8 11
5 58
19 25
36 38
52 55
41 44
13 15
16 46
23 26
27 29
49 51
40 45
23 25
14 31
48 51
47 49
20 23
44 53
30 38
39 42
9 52
8 10
53 57
42 53
29 31
11 14
47 50
32 37
0 4
46 51
45 53
16 19
24 26
3 6
14 34
15 51
36 39
55 58
11 52
25 27
53 55
3 58
7 36
0 58
36 57
13 51
14 29
17 19
8 55
25 28
1 59
39 53
39 41
14 35
5 7
29 46
21 23
0 2
19 21
12 14
47 51
8 36
3 5
33 35
2 59
32 34
42 44
31 38
15 46
16 27
39 45
54 56
33 37

0 1
1 2
2 3
3 4
4 5
5 6
6 7
7 8
8 9
9 10
10 11
11 12
12 13
13 14
14 15
15 16
16 17
17 18
18 19
19 20
20 21
21 22
22 23
23 24
24 25
25 26
26 27
27 28
28 29
29 30
30 31
31 32
32 33
33 34
34 35
35 36
36 37
37 38
38 39
39 40
40 41
41 42
42 43
43 44
44 45
45 46
46 47
47 48
48 49
49 50
50 51
51 52
52 53
53 54
54 55
55 56
56 57
57 58
58 59
59 0
28 40
12 34
22 59
24 30
26 54
5 38
39 59
13 22
13 17
9 12
19 23
41 51
15 31
27 40
28 32
32 39
18 30
4 10
44 57
26 28
39 43
5 59
9 37
44 54
16 30
34 39
12 36
23 56
19 24
27 41
0 11
52 54
4 59
56 59
12 33
1 3
12 15
7 38
43 46
13 20
12 35
13 16
42 51
33 39
1 11
6 8
25 54
45 48
41 43
34 36
22 56
38 59
17 20
40 43
43 45
15 33
19 30
25 56
44 56
6 10
42 50
27 53
17 30
39 58
16 31
27 54
3 10
9 38
0 3
15 32
25 55
19 22
9 36
46 48
49 54
46 49
13 21
4 6
45 49
30 32
41 53
12 59
50 54
6 38
18 20
39 44
51 53
24 28
6 9
43 49
24 56
34 38
11 59
28 39
57 59
7 9
3 11
24 29
44 58
44 55
28 30
2 11
10 12
51 54
14 16
42 49
13 59
34 37
45 54
