0 1
1 2
2 3
3 4
4 5
5 6
6 7
7 8
8 9
9 10
10 11
11 12
12 13
13 14
14 15
15 16
16 17
17 18
18 19
19 20
20 21
21 22
22 23
23 24
24 25
25 26
26 27
27 28
28 29
29 30
30 31
31 32
32 33
33 34
34 35
35 36
36 37
37 38
38 39
39 40
40 41
41 42
42 43
43 44
44 45
45 46
46 47
47 48
48 49
49 50
50 51
51 52
52 53
53 54
54 55
55 56
56 57
57 58
58 59
59 0
10 33
26 44
26 31
44 49
9 52
36 44
14 54
37 43
14 16
35 50
12 33
4 8
3 57
15 54
26 28
49 54
42 47
20 28
17 24
41 47
40 49
3 5
20 25
53 56
12 56
19 21
35 39
2 10
16 31
8 56
18 24
40 42
4 6
19 23
16 28
10 56
26 29
7 9
34 44
42 46
2 7
3 6
25 28
12 54
15 17
17 19
12 32
6 8
9 56
39 42
24 49
10 57
44 48
24 54
35 52
0 10
26 33
41 49
14 32
24 26
12 55
7 10
0 3
19 24
17 54
28 31
10 58
41 48
3 59
19 28
4 57
10 52
34 36
10 12
27 29
49 53
26 30
3 58
35 38
10 35
10 34
26 49
26 32
37 39
42 45
22 25
11 33
0 58
39 49
12 14
8 57
28 30
45 48
21 23
51 53
37 44
26 34
46 48
14 31
17 28
22 24
1 3
3 7
35 37
52 56
42 44
39 43
21 25
54 56
13 32
35 51
0 2
49 51
35 49

0 1
1 2
2 3
3 4
4 5
5 6
6 7
7 8
8 9
9 10
10 11
11 12
12 13
13 14
14 15
15 16
16 17
17 18
18 19
19 20
20 21
21 22
22 23
23 24
24 25
25 26
26 27
27 28
28 29
29 30
30 31
31 32
32 33
33 34
34 35
35 36
36 37
37 38
38 39
39 40
40 41
41 42
42 43
43 44
44 45
45 46
46 47
47 48
48 49
49 50
50 51
51 52
52 53
53 54
54 55
55 56
56 57
57 58
58 59
59 0
33 41
5 53
50 54
29 37
28 39
12 47
50 56
23 26
19 53
56 59
29 32
9 12
21 41
7 49
46 51
5 10
22 52
26 46
5 59
0 7
29 35
51 54
21 43
12 18
7 56
33 43
56 58
2 59
1 5
15 44
15 47
25 52
21 53
7 48
49 56
21 39
29 39
30 32
23 28
30 35
5 55
20 43
11 53
12 19
7 47
34 41
15 45
18 43
33 35
37 41
17 43
24 52
17 44
29 36
28 44
0 56
48 51
5 56
28 46
12 53
28 43
5 7
35 41
5 9
33 42
1 4
1 6
12 15
21 52
16 18
46 52
47 51
13 16
44 46
21 42
0 6
18 20
28 33
21 28
26 52
5 11
31 35
48 50
36 41
15 46
29 38
29 33
21 40
2 5
37 40
57 59
31 33
12 16
50 55
16 44
7 12
22 28
38 40
5 54
5 58
23 25
13 15
52 54
23 52
8 12
27 46
9 11
23 27
2 4
5 8
20 53
1 59
