0 1
1 2
2 3
3 4
4 5
5 6
6 7
7 8
8 9
9 10
10 11
11 12
12 13
13 14
14 15
15 16
16 17
17 18
18 19
19 20
20 21
21 22
22 23
23 24
24 25
25 26
26 27
27 28
28 29
29 30
30 31
31 32
32 33
33 34
34 35
35 36
36 37
37 38
38 39
39 40
40 41
41 42
42 43
43 44
44 45
45 46
46 47
47 48
48 49
49 50
50 51
51 52
52 53
53 54
54 55
55 56
56 57
57 58
58 59
59 0
8 58
23 39
25 38
5 32
35 56
42 54
40 58
21 39
7 59
17 30
53 56
22 30
2 6
52 58
39 56
28 33
16 32
40 42
25 34
28 30
48 54
33 58
56 58
43 48
12 17
41 47
39 58
25 28
29 33
3 5
39 55
7 10
34 58
43 46
23 28
14 32
24 28
43 47
23 25
17 22
25 27
2 58
12 15
34 57
12 19
41 46
27 33
25 36
8 19
11 13
8 21
7 9
49 52
37 56
21 23
31 33
54 56
17 20
8 59
18 20
48 53
41 49
50 58
51 58
5 58
26 34
9 19
25 35
38 56
12 14
5 11
35 37
42 48
10 12
48 52
50 52
42 46
44 46
41 48
11 14
49 58
52 56
5 7
42 55
9 12
45 47
4 58
40 55
29 31
16 31
5 33
34 56
1 58
5 10
1 59
25 37
3 6
2 4
1 6
25 39
43 45
19 21
5 14
23 30
17 19
15 17
17 21
6 59
16 30
26 33
41 58
14 16
8 39
0 6

0 1
1 2
2 3
3 4
4 5
5 6
6 7
7 8
8 9
9 10
10 11
11 12
12 13
13 14
14 15
15 16
16 17
17 18
18 19
19 20
20 21
21 22
22 23
23 24
24 25
25 26
26 27
27 28
28 29
29 30
30 31
31 32
32 33
33 34
34 35
35 36
36 37
37 38
38 39
39 40
40 41
41 42
42 43
43 44
44 45
45 46
46 47
47 48
48 49
49 50
50 51
51 52
52 53
53 54
54 55
55 56
56 57
57 58
58 59
59 0
22 40
11 19
6 53
26 30
18 58
38 53
44 50
6 21
30 37
42 50
31 53
0 13
44 49
23 57
30 39
47 50
6 44
21 42
16 18
6 9
4 9
45 50
0 16
33 35
24 30
31 54
31 34
0 17
6 43
24 27
4 7
2 54
28 39
27 39
35 53
1 4
44 47
30 57
31 57
32 34
38 42
38 40
21 57
4 8
30 34
3 53
9 21
2 56
37 39
6 52
42 44
6 49
6 51
42 52
1 9
4 6
49 51
0 56
1 3
11 20
20 58
22 39
21 40
18 59
24 26
35 38
10 21
42 53
10 13
20 57
11 15
33 53
3 54
13 16
26 28
30 35
15 18
0 2
47 49
30 36
54 57
17 59
57 59
11 21
4 53
36 38
6 42
1 10
2 55
11 18
13 15
32 53
46 50
22 24
19 58
0 10
26 29
48 50
56 59
6 8
22 27
29 39
22 57
38 41
42 51
21 41
25 30
5 53
55 57
24 57
