0 1
1 2
2 3
3 4
4 5
5 6
6 7
7 8
8 9
9 10
10 11
11 12
12 13
13 14
14 15
15 16
16 17
17 18
18 19
19 20
20 21
21 22
22 23
23 24
24 25
25 26
26 27
27 28
28 29
29 30
30 31
31 32
32 33
33 34
34 35
35 36
36 37
37 38
38 39
39 40
40 41
41 42
42 43
43 44
44 45
45 46
46 47
47 48
48 49
49 50
50 51
51 52
52 53
53 54
54 55
55 56
56 57
57 58
58 59
59 0
21 29
38 52
13 36
38 57
37 53
10 59
15 57
26 55
19 32
37 55
30 55
39 42
53 56
4 38
15 36
17 32
21 32
8 37
39 50
41 43
44 49
18 55
33 55
20 25
6 10
12 37
20 55
46 56
47 53
45 48
39 41
31 55
32 34
51 53
34 36
13 37
25 55
42 57
16 55
7 38
48 53
24 29
44 57
17 35
1 38
11 14
50 53
1 10
38 50
50 52
15 55
43 50
38 58
20 24
10 37
2 6
57 59
44 46
30 32
3 38
6 38
45 49
28 30
18 32
7 10
14 57
33 37
49 53
21 24
23 29
8 10
15 35
1 3
1 59
13 15
18 20
42 44
38 59
8 38
15 56
37 52
11 57
19 21
38 42
3 6
28 55
47 56
46 48
27 55
44 50
10 57
27 29
29 32
53 55
40 42
12 14
44 56
54 56
22 29
10 12
2 10
0 10
39 43
4 6
16 18
3 5
7 9
21 23
17 34
15 17
25 27
25 29
34 37
32 55
0 1
1 2
2 3
3 4
4 5
5 6
6 7
7 8
8 9
9 10
10 11
11 12
12 13
13 14
14 15
15 16
16 17
17 18
18 19
19 20
20 21
21 22
22 23
23 24
24 25
25 26
26 27
27 28
28 29
29 30
30 31
31 32
32 33
33 34
34 35
35 36
36 37
37 38
38 39
39 40
40 41
41 42
42 43
43 44
44 45
45 46
46 47
47 48
48 49
49 50
50 51
51 52
52 53
53 54
54 55
55 56
56 57
57 58
58 59
59 0
24 26
3 15
5 7
6 51
0 36
4 15
36 55
3 31
42 49
30 38
36 59
26 42
10 25
26 40
26 48
51 56
8 12
15 21
36 58
4 58
43 49
43 45
51 58
29 38
13 19
41 55
11 23
24 27
10 48
1 33
13 20
32 37
5 58
28 39
8 14
0 33
22 27
56 58
30 37
31 37
3 30
4 14
7 49
42 55
13 17
5 14
11 24
6 58
7 51
20 22
10 49
15 19
2 31
11 13
45 47
0 34
49 55
36 38
0 35
11 25
52 54
49 51
0 3
22 30
26 46
13 18
15 22
2 32
32 36
29 39
51 57
38 55
49 54
9 49
9 11
26 47
2 33
52 55
39 55
40 55
51 54
47 49
42 46
0 4
7 50
27 39
43 47
11 22
15 20
15 30
0 2
17 19
26 39
14 17
44 47
26 41
52 56
43 46
8 11
8 49
7 14
33 36
33 35
55 58
16 19
27 30
4 59
13 22
14 16
10 26
22 24
8 13
