0 1
1 2
2 3
3 4
4 5
5 6
6 7
7 8
8 9
9 10
10 11
11 12
12 13
13 14
14 15
15 16
16 17
17 18
18 19
19 20
20 21
21 22
22 23
23 24
24 25
25 26
26 27
27 28
28 29
29 30
30 31
31 32
32 33
33 34
34 35
35 36
36 37
37 38
38 39
39 40
40 41
41 42
42 43
43 44
44 45
45 46
46 47
47 48
48 49
49 50
50 51
51 52
52 53
53 54
54 55
55 56
56 57
57 58
58 59
59 0
12 56
16 52
19 40
29 53
32 43
22 32
5 29
53 56
14 28
16 53
15 53
19 35
26 29
46 53
0 57
5 14
18 21
23 28
23 29
1 54
40 44
4 29
8 13
9 12
32 36
19 47
44 47
30 46
31 46
22 28
3 10
16 48
29 32
11 56
9 13
21 28
31 43
19 37
48 50
1 29
2 10
37 43
1 4
21 34
18 48
4 10
57 59
2 4
36 43
42 44
6 8
14 29
31 44
24 28
11 58
6 14
7 10
0 11
22 33
19 44
8 10
13 15
16 50
30 32
15 18
18 47
54 57
1 57
34 36
38 41
11 57
19 39
33 36
46 49
38 43
19 38
46 52
6 13
25 28
24 29
22 34
0 58
47 49
46 51
5 7
0 10
24 26
23 32
0 2
46 50
29 54
19 34
55 57
12 15
15 21
12 53
27 29
45 47
14 21
16 18
19 36
44 46
30 53
17 48
41 44
41 43
19 21
16 51
10 12
18 20
25 27
5 10
38 40
54 56
0 1
1 2
2 3
3 4
4 5
5 6
6 7
7 8
8 9
9 10
10 11
11 12
12 13
13 14
14 15
15 16
16 17
17 18
18 19
19 20
20 21
21 22
22 23
23 24
24 25
25 26
26 27
27 28
28 29
29 30
30 31
31 32
32 33
33 34
34 35
35 36
36 37
37 38
38 39
39 40
40 41
41 42
42 43
43 44
44 45
45 46
46 47
47 48
48 49
49 50
50 51
51 52
52 53
53 54
54 55
55 56
56 57
57 58
58 59
59 0
18 59
16 57
0 3
18 38
34 57
31 57
31 38
10 14
48 53
43 49
7 57
23 38
16 45
39 57
3 59
30 38
35 37
42 51
9 18
48 54
21 30
23 25
36 38
49 51
1 59
35 57
21 27
6 58
42 57
27 38
21 57
42 55
17 41
7 58
21 26
0 4
10 17
43 47
7 12
14 57
17 44
33 37
32 57
17 43
32 34
28 38
48 56
23 27
46 56
53 55
4 59
34 37
6 59
48 51
21 31
10 15
17 40
3 58
21 24
42 56
3 5
43 48
51 55
21 25
29 38
38 57
21 23
18 39
2 59
7 9
21 59
21 58
43 46
21 38
6 9
46 57
7 11
39 41
28 30
10 16
48 52
20 38
5 59
33 38
16 44
15 57
16 46
6 18
43 50
20 59
7 13
7 14
22 38
27 30
52 55
1 3
11 13
36 57
42 50
32 38
9 11
39 42
23 26
8 11
5 58
10 18
19 59
11 14
47 56
17 42
48 55
17 39
43 45
