0 1
1 2
2 3
3 4
4 5
5 6
6 7
7 8
8 9
9 10
10 11
11 12
12 13
13 14
14 15
15 16
16 17
17 18
18 19
19 20
20 21
21 22
22 23
23 24
24 25
25 26
26 27
27 28
28 29
29 30
30 31
31 32
32 33
33 34
34 35
35 36
36 37
37 38
38 39
39 40
40 41
41 42
42 43
43 44
44 45
45 46
46 47
47 48
48 49
49 50
50 51
51 52
52 53
53 54
54 55
55 56
56 57
57 58
58 59
59 0
2 57
41 48
3 37
0 15
29 52
37 57
8 31
24 57
45 47
20 25
41 51
11 27
27 52
10 15
52 57
6 15
40 54
52 54
30 40
30 34
36 40
9 31
49 54
6 37
52 56
28 52
40 42
46 48
44 54
32 34
30 41
41 43
18 23
49 53
10 30
9 30
8 37
46 49
17 20
15 57
20 22
17 57
2 4
43 54
13 15
15 26
37 55
48 50
1 15
44 47
38 54
7 15
50 53
25 57
16 26
19 22
44 46
22 25
15 59
0 2
4 6
37 40
2 58
18 22
32 37
28 30
7 10
41 44
12 14
39 54
30 33
5 15
30 52
16 57
18 57
14 27
10 12
25 27
52 55
23 25
30 32
42 54
11 30
7 9
41 47
38 40
57 59
18 24
0 58
17 19
8 32
3 6
34 37
6 8
51 53
35 40
44 49
20 26
27 57
34 40
48 51
16 20
1 4
15 27
3 57
4 15
11 14
37 56
21 25
11 28
34 36
30 51
12 15
37 54
0 1
1 2
2 3
3 4
4 5
5 6
6 7
7 8
8 9
9 10
10 11
11 12
12 13
13 14
14 15
15 16
16 17
17 18
18 19
19 20
20 21
21 22
22 23
23 24
24 25
25 26
26 27
27 28
28 29
29 30
30 31
31 32
32 33
33 34
34 35
35 36
36 37
37 38
38 39
39 40
40 41
41 42
42 43
43 44
44 45
45 46
46 47
47 48
48 49
49 50
50 51
51 52
52 53
53 54
54 55
55 56
56 57
57 58
58 59
59 0
19 40
7 28
41 56
32 41
0 18
14 28
40 47
47 56
20 38
37 39
5 41
8 14
48 57
9 18
16 25
0 7
15 28
27 37
16 19
22 24
27 31
20 39
21 26
53 55
33 35
15 18
16 24
19 57
16 18
41 58
40 57
4 41
31 36
16 28
15 17
2 41
21 37
2 5
39 41
5 30
48 54
47 57
41 57
31 41
5 31
6 28
31 37
48 53
45 56
28 31
21 27
1 41
23 26
8 12
25 28
0 9
11 18
54 56
40 44
50 57
42 56
19 24
48 56
11 13
32 39
1 5
10 18
0 41
43 56
50 56
9 11
46 56
40 45
35 39
40 46
51 55
5 7
0 57
44 56
3 5
42 44
22 26
0 5
0 19
48 52
41 59
6 30
21 24
13 18
7 14
20 40
32 35
3 41
29 31
33 36
31 33
51 56
24 26
49 51
6 29
14 18
35 37
49 57
20 37
8 13
0 8
20 24
26 28
8 11
49 52
