0 1
1 2
2 3
3 4
4 5
5 6
6 7
7 8
8 9
9 10
10 11
11 12
12 13
13 14
14 15
15 16
16 17
17 18
18 19
19 20
20 21
21 22
22 23
23 24
24 25
25 26
26 27
27 28
28 29
29 30
30 31
31 32
32 33
33 34
34 35
35 36
36 37
37 38
38 39
39 40
40 41
41 42
42 43
43 44
44 45
45 46
46 47
47 48
48 49
49 50
50 51
51 52
52 53
53 54
54 55
55 56
56 57
57 58
58 59
59 0
13 42
14 24
10 58
20 56
8 51
23 48
10 44
28 40
39 43
31 39
2 7
31 33
21 23
54 59
3 9
21 48
4 7
21 55
30 39
30 46
8 53
14 41
5 7
3 7
32 44
14 21
30 47
26 48
8 54
22 48
2 4
26 41
13 56
36 44
21 56
18 21
9 58
0 58
13 17
40 42
27 29
12 43
29 48
44 48
12 44
21 53
26 29
9 48
0 8
9 44
0 2
14 42
21 51
36 38
29 39
3 5
33 44
8 48
31 45
51 53
44 46
21 50
19 56
26 40
21 52
48 50
36 43
31 46
35 37
13 43
11 58
24 26
3 8
33 39
34 44
1 58
12 56
10 12
18 56
24 48
14 26
19 21
27 40
11 56
36 39
29 40
2 58
33 35
17 56
0 7
14 18
56 58
54 56
11 57
34 36
16 18
30 48
53 55
46 48
56 59
8 59
39 42
35 39
8 50
4 6
14 16
2 9
32 45
35 38
14 17
25 48
14 23
8 49
15 18
0 1
1 2
2 3
3 4
4 5
5 6
6 7
7 8
8 9
9 10
10 11
11 12
12 13
13 14
14 15
15 16
16 17
17 18
18 19
19 20
20 21
21 22
22 23
23 24
24 25
25 26
26 27
27 28
28 29
29 30
30 31
31 32
32 33
33 34
34 35
35 36
36 37
37 38
38 39
39 40
40 41
41 42
42 43
43 44
44 45
45 46
46 47
47 48
48 49
49 50
50 51
51 52
52 53
53 54
54 55
55 56
56 57
57 58
58 59
59 0
6 38
12 36
32 51
28 54
11 20
4 43
23 58
50 55
45 50
11 59
21 58
43 48
20 59
45 57
37 51
4 11
13 23
25 27
3 11
25 33
2 44
12 19
29 52
10 37
26 58
37 50
28 57
5 41
38 49
51 54
42 48
23 34
51 55
26 28
23 36
1 57
28 55
6 40
4 44
6 8
8 37
12 37
30 51
28 33
8 11
34 51
38 42
39 41
29 32
33 51
28 58
7 11
25 28
0 11
13 20
5 43
25 58
16 20
13 15
24 33
15 17
13 18
50 56
24 34
47 50
28 56
45 47
6 41
12 20
28 52
24 58
30 32
8 10
12 23
8 38
0 57
13 16
13 22
23 35
43 47
13 21
12 18
29 33
0 3
43 45
34 37
41 43
43 46
18 20
22 58
11 37
28 53
2 57
5 11
50 57
17 20
29 51
2 45
31 51
37 49
3 44
57 59
38 48
6 39
9 11
21 59
38 41
1 3
47 49
52 54
6 11
