0 1
1 2
2 3
3 4
4 5
5 6
6 7
7 8
8 9
9 10
10 11
11 12
12 13
13 14
14 15
15 16
16 17
17 18
18 19
19 20
20 21
21 22
22 23
23 24
24 25
25 26
26 27
27 28
28 29
29 30
30 31
31 32
32 33
33 34
34 35
35 36
36 37
37 38
38 39
39 40
40 41
41 42
42 43
43 44
44 45
45 46
46 47
47 48
48 49
49 50
50 51
51 52
52 53
53 54
54 55
55 56
56 57
57 58
58 59
59 0
23 36
27 55
7 51
14 25
51 59
23 26
5 56
12 41
15 37
45 47
26 35
7 56
46 50
21 23
31 52
34 51
19 25
29 54
3 5
10 12
2 5
52 55
44 47
38 43
37 39
48 51
11 51
35 37
42 51
0 5
1 58
46 49
14 19
18 22
40 42
12 26
38 51
26 55
10 51
10 55
41 51
12 39
19 24
15 39
2 56
21 24
15 19
38 47
33 35
14 26
23 35
26 31
17 19
16 23
18 20
0 58
17 22
34 52
17 23
16 19
40 43
42 46
51 56
13 15
43 46
9 56
27 54
35 51
44 46
20 24
7 59
31 53
4 56
39 41
8 56
13 26
49 51
20 22
10 56
51 55
52 54
0 7
1 5
46 48
32 35
8 51
23 25
28 31
12 55
16 36
2 4
15 36
47 51
2 57
9 51
56 59
12 51
42 50
26 28
6 56
26 32
29 31
29 53
33 52
1 57
0 6
57 59
35 38
28 30
38 44
27 29
39 43
12 15
31 33

0 1
1 2
2 3
3 4
4 5
5 6
6 7
7 8
8 9
9 10
10 11
11 12
12 13
13 14
14 15
15 16
16 17
17 18
18 19
19 20
20 21
21 22
22 23
23 24
24 25
25 26
26 27
27 28
28 29
29 30
30 31
31 32
32 33
33 34
34 35
35 36
36 37
37 38
38 39
39 40
40 41
41 42
42 43
43 44
44 45
45 46
46 47
47 48
48 49
49 50
50 51
51 52
52 53
53 54
54 55
55 56
56 57
57 58
58 59
59 0
11 58
27 34
20 34
17 51
19 56
25 33
33 36
21 54
8 10
6 57
16 55
22 48
11 57
22 54
17 34
35 46
33 47
8 16
6 18
22 52
13 16
24 48
1 8
5 59
4 8
9 12
37 47
16 57
9 14
19 57
1 11
17 48
22 27
17 54
34 47
34 46
43 47
42 44
8 14
35 44
29 32
14 16
54 56
32 34
6 59
26 29
40 47
37 41
25 29
16 18
19 21
31 34
30 32
21 27
16 54
3 59
11 13
30 34
25 48
36 44
19 34
24 27
21 34
37 44
16 56
22 49
24 26
37 40
0 11
12 14
11 59
6 58
9 11
41 44
2 8
6 19
42 47
7 16
38 40
43 45
34 48
51 54
22 50
11 16
29 33
17 50
38 41
4 59
41 47
33 48
1 10
0 2
22 53
6 16
6 8
8 15
50 52
22 24
17 49
27 30
2 59
18 34
34 36
33 37
51 53
21 56
23 48
3 8
5 8
35 45
