0 1
1 2
2 3
3 4
4 5
5 6
6 7
7 8
8 9
9 10
10 11
11 12
12 13
13 14
14 15
15 16
16 17
17 18
18 19
19 20
20 21
21 22
22 23
23 24
24 25
25 26
26 27
27 28
28 29
29 30
30 31
31 32
32 33
33 34
34 35
35 36
36 37
37 38
38 39
39 40
40 41
41 42
42 43
43 44
44 45
45 46
46 47
47 48
48 49
49 50
50 51
51 52
52 53
53 54
54 55
55 56
56 57
57 58
58 59
59 0
28 45
20 56
12 15
45 54
12 52
6 15
21 29
38 49
18 51
29 34
54 57
11 57
18 35
4 9
37 41
6 19
32 43
1 56
6 9
19 35
13 52
6 10
38 45
51 53
37 50
1 57
56 58
24 45
34 43
16 18
39 41
21 56
2 20
42 44
2 57
18 50
25 27
29 32
35 41
21 23
0 56
43 45
15 51
19 29
31 45
23 55
38 46
3 19
1 59
13 15
21 27
3 6
4 11
4 7
10 12
17 51
45 49
36 50
57 59
2 4
33 43
18 36
15 19
39 44
29 35
6 12
50 53
23 54
24 54
30 32
2 56
45 53
52 54
37 49
15 52
24 28
41 43
35 43
46 49
29 31
12 14
11 52
31 43
39 42
11 54
38 47
19 21
28 31
35 37
37 40
21 26
7 9
4 6
55 57
29 33
38 40
2 19
21 24
27 29
56 59
38 48
22 55
9 11
5 7
39 45
46 48
16 51
4 8
49 53
24 26
22 56
2 11
16 19
25 28

0 1
1 2
2 3
3 4
4 5
5 6
6 7
7 8
8 9
9 10
10 11
11 12
12 13
13 14
14 15
15 16
16 17
17 18
18 19
19 20
20 21
21 22
22 23
23 24
24 25
25 26
26 27
27 28
28 29
29 30
30 31
31 32
32 33
33 34
34 35
35 36
36 37
37 38
38 39
39 40
40 41
41 42
42 43
43 44
44 45
45 46
46 47
47 48
48 49
49 50
50 51
51 52
52 53
53 54
54 55
55 56
56 57
57 58
58 59
59 0
34 57
1 27
4 59
8 57
16 26
9 40
46 54
52 57
11 36
27 59
5 23
14 27
16 21
8 58
14 29
35 52
45 47
12 18
10 36
13 16
36 40
2 25
46 52
8 41
47 51
39 50
43 48
5 12
5 9
34 52
13 29
9 41
16 20
41 49
4 24
19 22
8 55
30 33
12 17
35 39
7 58
43 54
46 51
16 24
35 51
43 47
34 59
48 50
5 18
33 35
30 59
39 49
53 55
5 19
13 33
35 50
36 39
2 26
13 35
8 42
4 58
43 49
5 22
29 59
35 38
42 54
32 59
15 27
2 24
4 23
11 35
53 56
47 50
13 17
42 55
13 30
17 19
16 22
20 22
3 59
14 28
0 27
28 59
10 40
8 56
31 59
11 13
42 49
15 26
9 12
0 2
31 33
2 59
14 16
16 23
2 27
3 24
5 58
40 49
5 8
33 59
6 58
16 25
43 46
53 57
44 46
34 58
44 47
6 8
17 20
46 53
36 38
37 39
