0 1
1 2
2 3
3 4
4 5
5 6
6 7
7 8
8 9
9 10
10 11
11 12
12 13
13 14
14 15
15 16
16 17
17 18
18 19
19 20
20 21
21 22
22 23
23 24
24 25
25 26
26 27
27 28
28 29
29 30
30 31
31 32
32 33
33 34
34 35
35 36
36 37
37 38
38 39
39 40
40 41
41 42
42 43
43 44
44 45
45 46
46 47
47 48
48 49
49 50
50 51
51 52
52 53
53 54
54 55
55 56
56 57
57 58
58 59
59 0
41 49
15 54
12 37
3 54
21 36
7 9
9 59
35 54
8 14
15 25
14 20
18 24
41 50
39 54
11 45
33 35
3 5
11 50
5 7
21 30
2 56
21 24
3 9
35 37
11 54
22 25
11 40
11 43
25 34
3 8
9 56
28 30
22 24
1 9
17 19
30 33
14 36
41 43
40 43
2 9
18 21
5 8
8 13
8 11
12 39
11 52
16 18
42 47
8 10
42 44
26 31
10 55
39 51
22 26
25 33
38 54
40 50
25 54
12 14
8 15
15 17
37 54
22 29
30 32
16 24
57 59
9 57
18 20
46 49
46 48
10 54
4 7
8 54
39 53
42 46
4 6
56 59
46 50
11 39
50 52
39 50
3 56
11 13
17 20
41 48
4 9
51 53
28 31
26 33
56 58
34 54
21 23
27 29
54 56
10 56
45 50
15 20
1 56
11 44
21 35
30 35
14 21
26 29
0 56
26 32
16 25
14 37
12 38
11 53
44 46
26 28
41 47
21 29
0 9

0 1
1 2
2 3
3 4
4 5
5 6
6 7
7 8
8 9
9 10
10 11
11 12
12 13
13 14
14 15
15 16
16 17
17 18
18 19
19 20
20 21
21 22
22 23
23 24
24 25
25 26
26 27
27 28
28 29
29 30
30 31
31 32
32 33
33 34
34 35
35 36
36 37
37 38
38 39
39 40
40 41
41 42
42 43
43 44
44 45
45 46
46 47
47 48
48 49
49 50
50 51
51 52
52 53
53 54
54 55
55 56
56 57
57 58
58 59
59 0
32 49
10 41
55 57
14 53
47 57
33 42
18 53
2 47
40 42
14 34
1 12
2 11
38 40
22 53
28 33
18 25
13 39
32 53
13 57
15 18
2 44
19 23
5 11
49 55
48 56
15 34
4 42
17 25
0 12
30 53
4 43
14 54
4 10
4 8
19 21
29 33
32 43
33 37
28 53
28 34
13 34
12 41
33 40
0 13
6 11
2 57
17 28
52 55
1 57
10 12
37 39
25 53
14 18
7 10
44 47
43 48
21 53
25 28
32 51
13 36
27 53
16 28
0 58
33 36
44 48
29 53
13 37
13 54
29 32
25 27
49 56
6 10
49 51
50 55
20 22
53 55
2 45
2 43
31 53
43 49
4 11
1 11
26 53
15 28
19 22
33 38
32 42
1 58
10 42
2 4
23 53
47 56
13 59
3 43
45 47
13 35
32 52
6 8
18 23
12 40
13 55
24 53
29 31
13 58
23 25
51 55
19 53
2 46
13 40
34 36
