0 1
1 2
2 3
3 4
4 5
5 6
6 7
7 8
8 9
9 10
10 11
11 12
12 13
13 14
14 15
15 16
16 17
17 18
18 19
19 20
20 21
21 22
22 23
23 24
24 25
25 26
26 27
27 28
28 29
29 30
30 31
31 32
32 33
33 34
34 35
35 36
36 37
37 38
38 39
39 40
40 41
41 42
42 43
43 44
44 45
45 46
46 47
47 48
48 49
49 50
50 51
51 52
52 53
53 54
54 55
55 56
56 57
57 58
58 59
59 0
29 45
21 26
26 55
14 19
2 27
23 58
29 55
4 18
10 21
2 36
23 26
23 25
24 56
4 26
45 53
44 59
18 21
51 56
45 59
27 32
3 23
1 41
4 7
2 41
41 45
24 57
42 45
35 45
26 56
30 34
1 59
45 52
29 35
49 56
46 58
4 27
12 19
9 21
10 15
8 15
8 10
8 22
10 14
47 58
43 59
45 48
17 19
11 20
23 59
18 20
42 44
6 18
53 56
5 18
11 13
48 52
29 34
25 56
49 58
10 20
16 19
16 18
49 57
3 22
36 39
39 45
50 52
45 55
54 56
32 34
21 23
2 39
27 31
18 26
2 34
45 47
35 38
12 20
40 45
49 51
27 34
27 30
6 15
45 54
11 14
0 43
3 8
5 7
36 38
26 28
28 30
35 39
2 23
1 23
1 43
6 16
7 15
52 56
31 33
14 16
39 41
2 35
26 29
8 21
49 52
46 59
2 4
12 14
48 58
3 7
31 34
37 39
1 42
23 57
0 1
1 2
2 3
3 4
4 5
5 6
6 7
7 8
8 9
9 10
10 11
11 12
12 13
13 14
14 15
15 16
16 17
17 18
18 19
19 20
20 21
21 22
22 23
23 24
24 25
25 26
26 27
27 28
28 29
29 30
30 31
31 32
32 33
33 34
34 35
35 36
36 37
37 38
38 39
39 40
40 41
41 42
42 43
43 44
44 45
45 46
46 47
47 48
48 49
49 50
50 51
51 52
52 53
53 54
54 55
55 56
56 57
57 58
58 59
59 0
15 39
43 54
1 3
5 50
21 24
5 45
17 35
25 40
11 40
20 27
47 54
11 22
6 41
0 13
13 21
50 56
6 44
9 41
6 10
11 24
41 56
16 37
1 57
20 33
5 11
13 17
14 57
38 40
25 29
51 54
50 55
33 40
47 51
34 36
6 42
29 31
17 34
39 57
6 9
28 33
47 53
11 21
48 51
19 34
40 57
20 24
36 40
3 57
5 49
51 53
41 54
10 41
52 54
42 54
13 57
3 11
5 10
24 27
27 33
41 57
16 38
25 33
5 46
46 54
3 50
12 21
43 46
43 45
46 49
33 36
13 18
4 50
24 40
25 27
50 54
13 16
20 34
1 13
28 32
11 23
2 57
0 57
16 36
1 12
3 56
28 31
16 35
0 58
1 11
1 58
22 24
48 50
11 41
6 45
4 11
8 41
25 28
29 32
7 41
6 8
13 15
37 40
41 55
30 32
15 38
15 57
6 43
13 19
46 48
13 20
57 59
25 32
18 34
24 26
