0 1
1 2
2 3
3 4
4 5
5 6
6 7
7 8
8 9
9 10
10 11
11 12
12 13
13 14
14 15
15 16
16 17
17 18
18 19
19 20
20 21
21 22
22 23
23 24
24 25
25 26
26 27
27 28
28 29
29 30
30 31
31 32
32 33
33 34
34 35
35 36
36 37
37 38
38 39
39 40
40 41
41 42
42 43
43 44
44 45
45 46
46 47
47 48
48 49
49 50
50 51
51 52
52 53
53 54
54 55
55 56
56 57
57 58
58 59
59 0
10 16
50 57
39 59
10 12
43 48
30 57
4 34
30 41
3 18
19 31
48 53
51 54
1 22
41 49
14 17
12 16
7 10
0 34
3 17
18 32
8 12
43 57
6 16
45 54
23 59
0 22
22 26
22 31
27 57
39 41
45 53
16 32
39 49
33 41
51 53
5 32
43 47
15 17
26 58
48 52
6 13
5 13
19 22
22 25
43 56
38 59
16 18
34 37
41 48
46 48
27 31
35 40
1 21
26 57
37 40
50 56
25 59
30 32
34 40
24 59
3 20
30 42
13 15
43 54
44 46
36 40
39 50
28 30
37 39
54 56
28 31
22 27
39 57
43 46
23 25
20 22
5 16
9 12
7 12
41 43
7 9
57 59
46 53
2 20
4 14
51 55
18 31
2 4
4 32
50 52
27 29
0 4
25 58
13 16
42 57
50 55
29 57
4 33
0 37
22 59
5 14
3 14
0 2
37 59
48 50
11 16
1 20
18 20
7 13
44 54
34 41
34 36
6 10
30 33

0 1
1 2
2 3
3 4
4 5
5 6
6 7
7 8
8 9
9 10
10 11
11 12
12 13
13 14
14 15
15 16
16 17
17 18
18 19
19 20
20 21
21 22
22 23
23 24
24 25
25 26
26 27
27 28
28 29
29 30
30 31
31 32
32 33
33 34
34 35
35 36
36 37
37 38
38 39
39 40
40 41
41 42
42 43
43 44
44 45
45 46
46 47
47 48
48 49
49 50
50 51
51 52
52 53
53 54
54 55
55 56
56 57
57 58
58 59
59 0
2 24
3 39
1 44
7 35
38 40
33 37
42 52
8 28
14 24
6 37
2 39
22 28
17 21
46 59
24 42
44 49
29 35
50 54
9 20
4 10
47 59
24 37
16 24
30 34
4 11
9 19
16 19
53 58
47 50
9 28
4 37
2 59
23 27
14 16
41 59
18 21
53 55
10 13
19 21
49 51
1 43
41 52
37 42
23 26
42 51
5 9
1 45
21 24
41 53
4 9
43 49
17 24
24 31
50 59
45 59
55 58
25 31
2 12
54 59
24 43
15 24
47 49
35 37
54 57
28 35
3 12
26 29
26 28
17 19
1 59
32 37
43 51
30 35
3 38
2 40
21 23
38 41
25 29
25 30
13 24
31 37
1 24
9 16
7 28
21 28
5 8
50 53
31 33
10 14
3 37
31 34
20 28
7 37
2 13
44 47
7 36
44 48
11 13
3 11
37 41
0 45
53 59
54 58
40 59
24 26
45 47
4 6
33 35
55 57
5 7
23 28
9 14
56 58
