0 1
1 2
2 3
3 4
4 5
5 6
6 7
7 8
8 9
9 10
10 11
11 12
12 13
13 14
14 15
15 16
16 17
17 18
18 19
19 20
20 21
21 22
22 23
23 24
24 25
25 26
26 27
27 28
28 29
29 30
30 31
31 32
32 33
33 34
34 35
35 36
36 37
37 38
38 39
39 40
40 41
41 42
42 43
43 44
44 45
45 46
46 47
47 48
48 49
49 50
50 51
51 52
52 53
53 54
54 55
55 56
56 57
57 58
58 59
59 0
4 16
20 58
48 50
38 51
13 58
4 6
3 37
22 52
52 59
14 17
37 39
44 50
27 41
37 41
29 32
23 25
20 54
2 5
6 12
21 37
12 14
34 41
42 45
22 28
24 46
27 31
1 37
21 36
38 50
2 7
24 45
24 48
44 47
18 20
6 10
46 48
4 18
29 35
14 18
49 52
1 11
43 45
24 27
55 59
4 17
38 44
22 26
56 59
4 20
45 47
21 28
54 56
13 19
15 17
0 58
41 45
36 41
27 34
1 10
11 58
53 55
34 36
8 10
7 10
40 42
27 30
29 34
22 48
23 48
3 20
2 8
52 54
48 52
2 37
38 43
26 28
24 41
23 26
51 59
2 6
22 54
31 34
4 12
1 59
1 8
39 42
14 19
21 54
29 33
1 9
57 59
50 52
10 12
12 16
56 58
24 26
29 31
38 59
12 58
3 21
37 59
52 55
0 11
39 43
28 35
21 35
19 58
20 56
47 50
14 16
3 5
39 41
32 34
27 29

0 1
1 2
2 3
3 4
4 5
5 6
6 7
7 8
8 9
9 10
10 11
11 12
12 13
13 14
14 15
15 16
16 17
17 18
18 19
19 20
20 21
21 22
22 23
23 24
24 25
25 26
26 27
27 28
28 29
29 30
30 31
31 32
32 33
33 34
34 35
35 36
36 37
37 38
38 39
39 40
40 41
41 42
42 43
43 44
44 45
45 46
46 47
47 48
48 49
49 50
50 51
51 52
52 53
53 54
54 55
55 56
56 57
57 58
58 59
59 0
2 40
50 56
24 57
36 48
19 21
13 31
39 48
32 38
1 40
7 18
4 7
19 26
43 47
34 53
32 40
9 13
34 57
48 57
50 54
6 11
8 17
5 32
33 35
1 58
35 38
24 58
26 30
40 47
1 21
21 23
4 19
27 33
20 25
13 15
13 17
43 48
4 40
2 4
36 38
16 18
41 48
13 32
19 30
9 17
40 59
34 55
42 44
2 19
38 48
7 9
34 54
7 19
6 9
48 53
26 57
48 59
1 19
40 45
18 31
20 23
51 54
9 12
33 38
22 24
18 30
50 53
38 40
1 24
37 48
6 13
41 59
14 31
3 19
48 56
28 33
30 32
21 24
39 47
27 57
50 55
28 32
16 31
51 53
20 26
36 53
15 31
8 18
11 13
20 24
40 46
42 48
43 46
0 40
35 53
33 57
44 46
41 44
25 57
49 56
9 11
5 7
55 57
49 53
4 32
28 30
48 58
5 13
13 16
26 29
40 44
