0 1
1 2
2 3
3 4
4 5
5 6
6 7
7 8
8 9
9 10
10 11
11 12
12 13
13 14
14 15
15 16
16 17
17 18
18 19
19 20
20 21
21 22
22 23
23 24
24 25
25 26
26 27
27 28
28 29
29 30
30 31
31 32
32 33
33 34
34 35
35 36
36 37
37 38
38 39
39 40
40 41
41 42
42 43
43 44
44 45
45 46
46 47
47 48
48 49
49 50
50 51
51 52
52 53
53 54
54 55
55 56
56 57
57 58
58 59
59 0
20 31
0 7
3 32
17 52
2 56
18 51
3 6
23 47
20 32
41 47
50 55
57 59
18 47
30 37
20 28
17 54
5 9
40 47
25 37
39 44
16 55
33 35
31 35
39 47
22 47
12 55
14 17
14 18
23 40
25 38
26 37
14 20
13 15
35 48
56 59
43 45
9 56
10 12
4 6
41 45
31 33
12 14
20 24
24 38
3 14
8 56
34 55
42 44
48 51
0 56
3 12
34 50
32 55
4 9
51 54
0 6
34 49
20 27
26 30
17 55
29 31
2 58
0 2
25 27
35 39
35 47
39 45
26 29
39 41
13 55
31 36
20 25
3 20
15 17
10 56
39 42
5 7
18 48
35 49
38 40
0 3
11 55
51 53
7 9
22 24
27 29
7 56
18 22
50 54
35 38
36 38
3 9
15 55
2 59
56 58
18 21
3 56
19 21
39 46
33 55
52 54
1 3
3 10
45 47
20 29
14 19
41 43
21 24
3 55
24 40
48 50
11 56
18 52
30 36
0 1
1 2
2 3
3 4
4 5
5 6
6 7
7 8
8 9
9 10
10 11
11 12
12 13
13 14
14 15
15 16
16 17
17 18
18 19
19 20
20 21
21 22
22 23
23 24
24 25
25 26
26 27
27 28
28 29
29 30
30 31
31 32
32 33
33 34
34 35
35 36
36 37
37 38
38 39
39 40
40 41
41 42
42 43
43 44
44 45
45 46
46 47
47 48
48 49
49 50
50 51
51 52
52 53
53 54
54 55
55 56
56 57
57 58
58 59
59 0
16 53
18 58
5 54
42 51
5 56
24 29
7 54
23 28
40 45
21 29
35 57
3 58
5 11
40 57
11 15
20 51
35 41
10 54
20 22
32 35
32 58
0 11
52 56
23 25
21 58
7 11
22 35
17 19
50 57
28 30
21 30
10 15
6 54
4 58
16 59
37 57
22 29
11 14
40 48
14 59
33 58
43 49
40 43
50 56
20 53
11 13
40 50
44 47
15 59
17 59
4 11
30 35
35 37
21 31
20 35
13 59
15 53
2 11
11 59
1 59
5 57
47 49
12 59
10 53
23 35
37 41
25 28
53 56
37 40
23 26
4 57
5 55
7 10
36 57
3 11
44 49
35 58
34 58
23 29
9 11
17 20
24 28
20 58
54 56
38 57
20 41
40 42
23 27
21 32
20 42
16 20
6 11
40 49
8 11
45 48
18 20
43 51
40 44
32 34
50 52
1 58
28 35
37 39
44 46
30 32
43 50
8 10
20 52
18 59
1 11
46 48
39 57
26 28
