0 1
1 2
2 3
3 4
4 5
5 6
6 7
7 8
8 9
9 10
10 11
11 12
12 13
13 14
14 15
15 16
16 17
17 18
18 19
19 20
20 21
21 22
22 23
23 24
24 25
25 26
26 27
27 28
28 29
29 30
30 31
31 32
32 33
33 34
34 35
35 36
36 37
37 38
38 39
39 40
40 41
41 42
42 43
43 44
44 45
45 46
46 47
47 48
48 49
49 50
50 51
51 52
52 53
53 54
54 55
55 56
56 57
57 58
58 59
59 0
3 17
8 54
15 42
6 9
33 56
46 49
10 50
20 57
19 30
19 31
44 50
14 45
34 55
2 7
20 30
18 38
14 47
40 43
0 19
9 11
13 17
27 56
14 43
32 38
24 29
20 56
18 39
9 51
54 57
11 49
6 17
14 16
1 54
36 54
2 5
3 5
40 52
1 3
37 52
29 31
12 17
24 27
28 33
52 54
44 46
15 39
25 56
35 37
9 54
35 55
39 42
13 47
43 45
1 57
47 49
13 16
36 53
12 48
1 18
31 38
33 55
11 50
36 55
1 58
24 26
43 52
35 38
28 32
20 23
1 17
21 23
4 6
1 19
21 24
24 56
20 22
15 43
24 28
57 59
26 56
7 54
32 35
37 40
44 52
17 39
29 32
1 7
21 56
37 53
10 51
37 39
19 59
33 35
19 38
6 11
3 6
54 56
39 41
12 49
20 24
27 33
41 43
11 17
44 49
45 47
5 7
1 59
50 52
16 39
9 52
20 29
12 47
6 8
19 57
0 1
1 2
2 3
3 4
4 5
5 6
6 7
7 8
8 9
9 10
10 11
11 12
12 13
13 14
14 15
15 16
16 17
17 18
18 19
19 20
20 21
21 22
22 23
23 24
24 25
25 26
26 27
27 28
28 29
29 30
30 31
31 32
32 33
33 34
34 35
35 36
36 37
37 38
38 39
39 40
40 41
41 42
42 43
43 44
44 45
45 46
46 47
47 48
48 49
49 50
50 51
51 52
52 53
53 54
54 55
55 56
56 57
57 58
58 59
59 0
8 34
4 19
36 41
2 53
5 47
18 23
32 51
8 18
49 52
12 25
29 52
33 38
23 57
3 22
18 21
11 25
34 42
16 23
33 48
9 26
32 50
8 32
43 47
31 52
3 53
22 59
4 49
23 54
5 43
16 18
23 25
24 52
2 58
5 45
5 18
12 14
39 43
27 52
19 22
32 49
5 34
13 23
12 23
34 36
30 52
43 46
4 53
33 36
38 47
8 17
33 49
55 57
27 31
53 56
13 15
24 53
10 16
4 18
11 26
33 47
2 22
38 40
4 22
7 18
9 17
10 12
0 2
34 43
23 55
5 8
53 57
8 26
49 51
18 20
53 58
27 32
10 17
25 52
28 31
27 29
40 42
10 26
28 30
36 38
22 58
2 59
39 47
32 52
38 41
35 41
4 48
12 15
19 21
33 37
5 44
0 58
15 23
26 52
35 42
4 52
12 16
24 54
53 55
5 48
8 33
26 32
5 46
22 57
6 18
18 22
