0 1
1 2
2 3
3 4
4 5
5 6
6 7
7 8
8 9
9 10
10 11
11 12
12 13
13 14
14 15
15 16
16 17
17 18
18 19
19 20
20 21
21 22
22 23
23 24
24 25
25 26
26 27
27 28
28 29
29 30
30 31
31 32
32 33
33 34
34 35
35 36
36 37
37 38
38 39
39 40
40 41
41 42
42 43
43 44
44 45
45 46
46 47
47 48
48 49
49 50
50 51
51 52
52 53
53 54
54 55
55 56
56 57
57 58
58 59
59 0
17 48
35 51
9 56
23 46
22 52
4 57
37 39
31 40
4 54
32 35
2 57
27 32
50 52
25 40
54 56
20 55
35 52
5 16
4 50
1 3
7 58
22 34
21 53
30 40
53 55
32 40
6 59
37 44
5 48
52 54
37 41
17 23
23 27
40 45
40 44
26 28
13 15
7 11
2 4
35 50
4 48
23 45
0 3
32 34
11 20
5 13
36 49
7 56
44 49
23 25
22 33
28 30
46 49
5 15
12 20
15 20
39 41
8 10
7 13
6 13
17 46
29 32
23 32
12 14
35 49
5 59
37 40
25 30
11 56
14 20
17 19
21 52
38 41
3 59
22 32
5 17
46 48
1 58
16 19
18 21
2 58
37 43
17 21
44 46
15 19
0 58
11 13
32 36
23 40
27 29
7 57
3 5
7 59
20 56
25 27
36 44
40 43
47 49
21 55
50 54
19 21
29 31
32 37
8 11
34 52
26 30
8 56
40 42
24 27
10 56
17 22
41 43
4 56
48 50

0 1
1 2
2 3
3 4
4 5
5 6
6 7
7 8
8 9
9 10
10 11
11 12
12 13
13 14
14 15
15 16
16 17
17 18
18 19
19 20
20 21
21 22
22 23
23 24
24 25
25 26
26 27
27 28
28 29
29 30
30 31
31 32
32 33
33 34
34 35
35 36
36 37
37 38
38 39
39 40
40 41
41 42
42 43
43 44
44 45
45 46
46 47
47 48
48 49
49 50
50 51
51 52
52 53
53 54
54 55
55 56
56 57
57 58
58 59
59 0
33 38
31 55
15 26
8 21
4 12
0 42
3 42
18 26
28 36
32 48
25 55
32 49
26 55
13 19
52 57
56 59
32 55
36 39
23 26
23 56
0 7
5 12
43 52
47 52
10 20
40 47
8 22
14 40
35 37
6 12
0 52
21 23
3 12
33 39
32 50
41 45
33 35
1 7
15 17
18 23
14 26
43 45
8 20
3 7
14 36
31 33
6 9
6 8
22 56
57 59
13 20
14 19
2 7
31 36
40 46
33 37
1 42
14 27
0 8
43 46
9 12
13 41
15 18
24 55
13 42
10 12
20 23
32 51
51 54
5 7
9 20
55 57
23 55
14 39
14 28
9 11
33 48
33 36
43 47
42 52
39 48
27 30
0 56
14 41
14 17
0 57
42 44
51 53
19 23
47 51
32 54
53 57
41 44
14 18
36 38
3 13
30 55
14 16
30 36
10 13
41 46
34 37
2 42
29 36
48 51
54 57
40 48
56 58
24 26
4 7
27 55
0 22
49 51
