0 1
1 2
2 3
3 4
4 5
5 6
6 7
7 8
8 9
9 10
10 11
11 12
12 13
13 14
14 15
15 16
16 17
17 18
18 19
19 20
20 21
21 22
22 23
23 24
24 25
25 26
26 27
27 28
28 29
29 30
30 31
31 32
32 33
33 34
34 35
35 36
36 37
37 38
38 39
39 40
40 41
41 42
42 43
43 44
44 45
45 46
46 47
47 48
48 49
49 50
50 51
51 52
52 53
53 54
54 55
55 56
56 57
57 58
58 59
59 0
57 59
10 23
35 50
31 51
31 56
40 56
2 59
16 59
25 29
4 51
0 13
9 12
43 45
28 51
40 42
40 55
23 57
34 38
42 48
38 40
5 7
3 9
8 51
45 49
20 59
10 24
29 56
32 34
43 53
12 16
40 48
37 39
8 27
43 54
20 22
56 58
52 55
15 59
12 17
32 40
4 6
2 51
33 51
44 53
35 40
31 40
14 16
11 17
10 18
24 26
45 50
25 28
6 51
18 23
51 56
12 14
14 59
1 3
45 53
22 57
8 10
40 54
35 39
36 38
32 38
43 47
2 56
10 17
1 59
34 51
13 59
16 19
19 22
3 13
53 55
3 12
50 53
48 50
24 56
35 48
46 48
3 51
9 11
52 56
40 43
45 47
36 39
41 48
26 28
16 18
29 31
28 30
50 52
46 49
56 59
28 31
8 26
24 57
32 51
27 51
35 51
21 57
0 3
4 9
24 29
7 51
10 26
35 38
4 7
7 9
20 57
42 47
18 22
19 59

0 1
1 2
2 3
3 4
4 5
5 6
6 7
7 8
8 9
9 10
10 11
11 12
12 13
13 14
14 15
15 16
16 17
17 18
18 19
19 20
20 21
21 22
22 23
23 24
24 25
25 26
26 27
27 28
28 29
29 30
30 31
31 32
32 33
33 34
34 35
35 36
36 37
37 38
38 39
39 40
40 41
41 42
42 43
43 44
44 45
45 46
46 47
47 48
48 49
49 50
50 51
51 52
52 53
53 54
54 55
55 56
56 57
57 58
58 59
59 0
2 43
3 29
31 58
16 31
33 40
8 28
2 33
10 27
38 45
50 59
55 57
9 15
32 50
10 28
1 4
20 24
3 6
33 48
4 59
0 2
41 44
27 31
12 21
31 53
44 47
53 58
31 33
4 31
26 31
30 33
32 49
17 20
15 21
32 52
18 31
38 48
43 48
4 8
4 15
21 24
38 46
16 21
7 28
18 25
41 45
10 21
20 23
50 56
11 14
44 48
9 14
18 24
33 41
21 23
33 36
3 33
24 27
38 47
10 12
33 37
33 35
51 55
27 29
54 57
32 53
53 57
7 29
50 57
6 29
48 59
3 30
5 8
9 28
6 8
33 38
13 21
32 48
18 26
2 42
34 39
51 54
34 37
21 27
2 41
4 58
16 20
11 13
38 41
35 37
8 15
0 43
3 5
14 21
51 53
0 4
0 48
33 39
25 27
2 4
19 24
39 41
18 20
27 30
17 31
15 31
10 14
49 59
50 58
44 46
41 43
50 55
22 24
