0 1
1 2
2 3
3 4
4 5
5 6
6 7
7 8
8 9
9 10
10 11
11 12
12 13
13 14
14 15
15 16
16 17
17 18
18 19
19 20
20 21
21 22
22 23
23 24
24 25
25 26
26 27
27 28
28 29
29 30
30 31
31 32
32 33
33 34
34 35
35 36
36 37
37 38
38 39
39 40
40 41
41 42
42 43
43 44
44 45
45 46
46 47
47 48
48 49
49 50
50 51
51 52
52 53
53 54
54 55
55 56
56 57
57 58
58 59
59 0
15 23
8 26
15 42
3 48
41 46
28 51
22 24
13 25
7 54
5 57
19 41
50 59
43 47
21 37
37 50
6 9
7 27
14 24
39 48
11 48
21 41
50 58
8 11
45 47
0 48
25 34
29 50
28 32
15 41
15 21
37 39
14 25
38 40
22 37
18 20
1 5
12 14
11 43
8 27
40 47
42 45
53 58
5 58
25 35
7 53
29 32
29 31
26 28
53 55
15 18
21 40
17 21
8 13
35 50
37 49
4 11
28 30
2 48
26 33
6 57
50 53
21 23
25 36
2 5
18 41
17 20
30 32
4 10
39 47
6 54
0 50
29 35
0 5
11 42
54 56
15 24
55 58
42 46
27 51
16 21
11 14
37 48
24 37
32 35
3 5
26 32
5 59
56 58
8 10
11 47
27 52
26 34
8 12
33 35
5 9
21 38
5 10
27 53
8 25
41 47
51 53
15 17
43 45
0 2
6 56
36 50
14 42
20 41
48 50
28 50
44 47
3 11
7 9
25 37

0 1
1 2
2 3
3 4
4 5
5 6
6 7
7 8
8 9
9 10
10 11
11 12
12 13
13 14
14 15
15 16
16 17
17 18
18 19
19 20
20 21
21 22
22 23
23 24
24 25
25 26
26 27
27 28
28 29
29 30
30 31
31 32
32 33
33 34
34 35
35 36
36 37
37 38
38 39
39 40
40 41
41 42
42 43
43 44
44 45
45 46
46 47
47 48
48 49
49 50
50 51
51 52
52 53
53 54
54 55
55 56
56 57
57 58
58 59
59 0
28 36
3 31
11 21
9 22
20 37
2 57
24 31
4 53
41 58
41 48
4 9
5 37
15 19
49 56
13 20
6 13
20 26
40 50
40 44
37 58
17 37
43 46
39 51
21 24
46 48
4 51
2 31
0 31
41 49
26 29
44 49
24 29
12 20
30 36
9 31
10 21
49 53
9 11
34 58
36 58
16 19
5 15
4 55
29 36
41 57
55 57
38 58
5 8
6 14
7 12
18 37
40 42
32 58
5 16
34 36
39 41
38 51
42 44
49 51
49 52
20 28
12 21
0 32
2 59
32 36
33 58
49 55
23 31
32 59
16 18
7 13
15 20
21 25
40 49
41 56
5 7
7 11
43 48
39 58
41 43
25 29
33 36
44 46
5 38
2 55
19 37
5 14
21 26
10 22
49 54
45 49
57 59
1 59
13 15
4 54
1 31
3 55
40 51
4 31
4 8
4 38
5 17
20 27
24 30
45 48
28 37
35 58
27 29
4 52
31 36
9 23
