0 1
1 2
2 3
3 4
4 5
5 6
6 7
7 8
8 9
9 10
10 11
11 12
12 13
13 14
14 15
15 16
16 17
17 18
18 19
19 20
20 21
21 22
22 23
23 24
24 25
25 26
26 27
27 28
28 29
29 30
30 31
31 32
32 33
33 34
34 35
35 36
36 37
37 38
38 39
39 40
40 41
41 42
42 43
43 44
44 45
45 46
46 47
47 48
48 49
49 50
50 51
51 52
52 53
53 54
54 55
55 56
56 57
57 58
58 59
59 0
3 57
35 58
17 53
5 34
6 20
44 58
44 52
49 53
27 44
30 32
5 26
0 5
2 59
32 34
11 18
1 5
38 43
30 34
28 35
27 34
27 35
10 14
39 43
20 24
35 39
46 53
13 16
15 17
29 32
16 18
46 56
5 20
30 33
39 41
45 57
9 14
24 26
1 59
6 8
37 58
35 37
12 18
8 20
5 24
40 42
28 30
12 16
17 27
5 22
8 10
9 56
2 5
17 56
46 52
6 57
41 44
18 25
20 25
10 12
5 21
17 26
34 58
46 57
46 50
34 59
9 17
36 39
46 49
10 19
6 56
35 44
27 29
14 17
38 58
49 51
51 53
2 4
2 58
11 19
10 20
7 9
5 57
29 34
27 53
17 55
20 23
43 58
4 57
44 53
44 57
45 52
46 48
47 53
20 22
18 26
13 15
31 33
50 52
0 34
10 13
36 38
30 35
42 44
26 34
48 53
19 25
39 42
2 57
22 24
35 41
54 56
53 55
7 56
46 54

0 1
1 2
2 3
3 4
4 5
5 6
6 7
7 8
8 9
9 10
10 11
11 12
12 13
13 14
14 15
15 16
16 17
17 18
18 19
19 20
20 21
21 22
22 23
23 24
24 25
25 26
26 27
27 28
28 29
29 30
30 31
31 32
32 33
33 34
34 35
35 36
36 37
37 38
38 39
39 40
40 41
41 42
42 43
43 44
44 45
45 46
46 47
47 48
48 49
49 50
50 51
51 52
52 53
53 54
54 55
55 56
56 57
57 58
58 59
59 0
33 54
30 39
24 45
14 23
46 55
22 32
31 35
2 8
38 50
14 20
12 58
32 56
7 16
34 50
6 17
24 55
21 32
0 8
38 48
9 13
13 56
6 32
2 7
39 47
42 47
14 22
33 55
32 58
25 28
3 7
25 27
31 36
5 58
22 31
24 42
50 53
15 19
3 6
50 55
7 15
52 55
33 35
14 24
38 47
9 11
24 28
33 53
31 38
38 49
25 40
56 58
10 58
3 58
24 40
6 21
14 19
22 29
26 28
0 10
49 55
7 14
0 2
5 32
25 30
42 46
22 30
43 46
51 55
33 50
4 58
40 47
24 27
34 38
6 18
24 41
12 57
11 58
42 45
13 57
14 55
35 38
3 59
25 39
18 20
41 47
8 13
7 13
11 13
6 16
45 55
47 55
0 3
1 3
30 38
44 46
23 28
14 56
18 21
33 56
43 45
23 29
25 29
3 5
48 55
52 54
0 9
15 18
32 35
31 37
0 58
14 21
