0 1
1 2
2 3
3 4
4 5
5 6
6 7
7 8
8 9
9 10
10 11
11 12
12 13
13 14
14 15
15 16
16 17
17 18
18 19
19 20
20 21
21 22
22 23
23 24
24 25
25 26
26 27
27 28
28 29
29 30
30 31
31 32
32 33
33 34
34 35
35 36
36 37
37 38
38 39
39 40
40 41
41 42
42 43
43 44
44 45
45 46
46 47
47 48
48 49
49 50
50 51
51 52
52 53
53 54
54 55
55 56
56 57
57 58
58 59
59 0
28 49
3 10
27 32
16 42
14 51
38 41
14 22
43 47
9 51
15 48
0 50
4 57
9 57
21 25
18 36
43 48
32 48
14 25
34 37
19 34
0 49
19 35
2 48
34 48
5 9
34 47
50 56
28 48
50 58
37 39
50 55
52 55
3 7
27 50
16 19
22 25
54 56
3 59
44 48
37 40
8 10
9 54
43 45
20 26
10 48
43 46
38 43
36 40
21 26
21 24
10 51
0 48
3 57
26 51
11 48
3 5
16 43
27 51
0 2
18 41
18 40
19 22
3 58
21 23
5 7
51 53
37 47
15 43
11 51
27 29
51 54
50 57
53 55
45 47
13 15
45 48
50 52
28 50
29 32
30 48
26 32
7 10
11 15
14 16
17 19
6 9
22 24
16 18
6 8
1 59
39 41
2 59
19 33
35 37
16 41
30 32
29 48
2 10
37 43
19 26
38 42
11 13
19 36
50 59
26 33
25 51
32 34
9 56
19 21
5 57
12 51
12 14
14 19
29 31

0 1
1 2
2 3
3 4
4 5
5 6
6 7
7 8
8 9
9 10
10 11
11 12
12 13
13 14
14 15
15 16
16 17
17 18
18 19
19 20
20 21
21 22
22 23
23 24
24 25
25 26
26 27
27 28
28 29
29 30
30 31
31 32
32 33
33 34
34 35
35 36
36 37
37 38
38 39
39 40
40 41
41 42
42 43
43 44
44 45
45 46
46 47
47 48
48 49
49 50
50 51
51 52
52 53
53 54
54 55
55 56
56 57
57 58
58 59
59 0
18 27
34 41
22 27
7 32
35 41
40 51
10 58
14 48
3 32
9 58
32 51
20 22
14 17
21 34
32 35
10 15
8 27
19 27
48 56
24 30
0 32
40 44
56 58
41 45
24 26
0 58
2 58
45 51
26 28
28 31
12 58
21 45
49 51
17 47
10 12
2 9
8 17
32 37
0 57
12 48
17 48
11 14
0 51
20 27
46 48
23 30
3 8
53 56
35 39
31 33
25 29
22 30
0 52
4 6
28 32
48 50
48 58
26 29
53 57
8 15
3 6
36 39
21 31
19 46
15 17
57 59
21 33
8 28
23 27
6 32
46 50
5 8
52 54
2 32
22 31
19 45
42 44
48 51
28 30
17 27
40 42
52 56
1 58
32 39
32 36
40 43
33 35
3 9
18 47
32 38
21 41
23 26
7 28
45 50
1 32
0 53
36 38
48 52
8 16
10 14
18 46
39 51
35 40
42 45
25 30
9 15
40 45
20 45
4 8
13 48
