0 1
1 2
2 3
3 4
4 5
5 6
6 7
7 8
8 9
9 10
10 11
11 12
12 13
13 14
14 15
15 16
16 17
17 18
18 19
19 20
20 21
21 22
22 23
23 24
24 25
25 26
26 27
27 28
28 29
29 30
30 31
31 32
32 33
33 34
34 35
35 36
36 37
37 38
38 39
39 40
40 41
41 42
42 43
43 44
44 45
45 46
46 47
47 48
48 49
49 50
50 51
51 52
52 53
53 54
54 55
55 56
56 57
57 58
58 59
59 0
37 54
43 58
19 40
39 43
5 22
13 15
2 37
26 37
14 58
52 55
10 18
23 33
21 24
46 48
26 29
1 3
1 8
6 19
19 22
54 59
39 44
19 26
17 19
8 19
46 54
55 57
25 30
43 45
55 59
14 42
49 53
5 19
12 16
51 55
28 37
31 36
55 58
12 18
1 7
32 35
14 41
22 36
26 39
26 28
30 37
15 19
49 56
24 30
49 57
0 9
37 46
37 39
49 54
10 58
1 9
3 5
38 46
50 55
5 7
14 43
14 40
23 36
3 37
23 31
0 54
4 37
6 8
8 10
50 53
49 55
44 46
32 34
30 36
43 48
52 54
23 32
13 58
23 30
28 30
43 49
23 34
20 25
4 36
3 7
14 19
40 43
9 59
49 58
10 13
40 42
47 49
10 59
27 29
19 21
25 29
12 17
10 19
0 2
51 53
11 18
20 24
46 49
21 23
20 26
10 12
26 40
4 22
39 46
12 15
45 48
23 35
32 36
16 19
0 37

0 1
1 2
2 3
3 4
4 5
5 6
6 7
7 8
8 9
9 10
10 11
11 12
12 13
13 14
14 15
15 16
16 17
17 18
18 19
19 20
20 21
21 22
22 23
23 24
24 25
25 26
26 27
27 28
28 29
29 30
30 31
31 32
32 33
33 34
34 35
35 36
36 37
37 38
38 39
39 40
40 41
41 42
42 43
43 44
44 45
45 46
46 47
47 48
48 49
49 50
50 51
51 52
52 53
53 54
54 55
55 56
56 57
57 58
58 59
59 0
3 13
3 18
10 45
6 56
13 35
7 50
22 58
0 4
13 32
48 51
18 32
37 57
0 20
40 46
50 52
37 43
33 57
16 32
33 35
10 47
30 57
39 53
5 57
37 44
10 48
18 27
6 11
20 22
34 57
38 43
6 54
23 57
3 6
40 47
29 57
49 51
9 11
14 18
14 32
20 59
20 58
23 29
5 59
38 54
23 26
23 25
8 11
37 56
38 56
24 29
35 45
3 20
7 9
29 31
6 55
10 50
36 57
31 33
16 18
42 45
25 28
0 3
25 27
35 57
54 56
18 23
40 45
47 53
10 35
13 33
28 31
9 50
11 35
35 37
3 11
57 59
21 58
38 41
27 32
39 54
50 54
15 32
2 4
41 43
3 14
3 12
37 45
12 35
47 51
6 57
27 31
10 46
19 23
15 17
10 49
7 11
40 53
38 40
23 27
24 28
1 4
4 6
20 23
30 33
41 45
4 59
15 18
47 52
3 19
7 54
42 44
22 57
