0 1
1 2
2 3
3 4
4 5
5 6
6 7
7 8
8 9
9 10
10 11
11 12
12 13
13 14
14 15
15 16
16 17
17 18
18 19
19 20
20 21
21 22
22 23
23 24
24 25
25 26
26 27
27 28
28 29
29 30
30 31
31 32
32 33
33 34
34 35
35 36
36 37
37 38
38 39
39 40
40 41
41 42
42 43
43 44
44 45
45 46
46 47
47 48
48 49
49 50
50 51
51 52
52 53
53 54
54 55
55 56
56 57
57 58
58 59
59 0
38 40
8 31
32 58
6 50
15 36
10 41
53 57
22 31
16 25
20 25
9 31
38 54
27 30
20 31
43 51
6 58
53 58
18 32
28 30
23 28
33 57
39 42
54 57
33 54
13 30
38 43
13 25
3 58
17 34
35 54
23 31
25 30
12 40
17 35
8 46
4 6
0 3
53 55
5 32
42 44
20 23
39 41
1 6
43 47
38 53
28 31
18 33
8 45
16 36
32 57
45 47
47 51
46 50
20 22
6 52
50 52
46 49
9 41
14 37
41 45
11 31
17 25
13 31
8 50
10 40
1 3
48 50
34 54
52 58
17 36
4 32
5 31
39 43
17 20
36 54
17 19
24 27
0 2
47 50
6 59
47 49
55 57
13 37
9 11
42 45
7 31
3 59
1 59
23 25
20 32
37 54
19 32
12 38
21 23
14 16
9 45
3 32
44 47
25 27
27 29
14 25
51 53
10 12
6 8
14 36
6 31
13 38
53 56
26 30
1 4
11 13
23 27
18 34
38 51

0 1
1 2
2 3
3 4
4 5
5 6
6 7
7 8
8 9
9 10
10 11
11 12
12 13
13 14
14 15
15 16
16 17
17 18
18 19
19 20
20 21
21 22
22 23
23 24
24 25
25 26
26 27
27 28
28 29
29 30
30 31
31 32
32 33
33 34
34 35
35 36
36 37
37 38
38 39
39 40
40 41
41 42
42 43
43 44
44 45
45 46
46 47
47 48
48 49
49 50
50 51
51 52
52 53
53 54
54 55
55 56
56 57
57 58
58 59
59 0
35 52
25 45
2 15
10 57
13 20
23 58
30 57
33 56
24 54
40 51
23 26
18 59
25 53
32 42
1 57
12 22
3 57
2 4
2 18
31 33
18 23
23 59
32 44
52 54
40 47
26 44
32 37
12 56
8 13
4 9
35 56
31 56
2 7
4 10
45 50
27 44
13 21
32 35
36 52
18 21
27 57
41 47
32 41
32 38
16 18
27 31
23 56
15 20
24 53
6 9
52 55
25 50
46 48
10 13
29 57
12 57
37 39
36 51
2 6
38 41
31 57
41 43
35 55
32 36
41 44
2 57
32 43
11 57
31 44
50 53
23 57
14 20
8 10
40 48
48 51
41 46
49 51
2 16
3 10
2 5
1 58
0 18
7 9
23 54
26 57
2 13
28 57
15 19
1 18
22 56
54 56
29 31
2 17
37 40
24 26
13 22
15 18
25 44
5 9
18 22
0 58
2 14
2 8
44 46
34 56
37 51
18 20
45 49
33 35
45 48
