0 1
1 2
2 3
3 4
4 5
5 6
6 7
7 8
8 9
9 10
10 11
11 12
12 13
13 14
14 15
15 16
16 17
17 18
18 19
19 20
20 21
21 22
22 23
23 24
24 25
25 26
26 27
27 28
28 29
29 30
30 31
31 32
32 33
33 34
34 35
35 36
36 37
37 38
38 39
39 40
40 41
41 42
42 43
43 44
44 45
45 46
46 47
47 48
48 49
49 50
50 51
51 52
52 53
53 54
54 55
55 56
56 57
57 58
58 59
59 0
5 41
41 49
22 24
28 31
55 58
29 37
22 44
18 40
44 58
7 9
35 40
22 59
27 39
14 40
11 15
2 56
11 22
25 27
2 59
47 58
2 10
22 39
2 55
19 31
5 11
44 59
53 58
25 39
11 59
56 58
50 54
31 37
42 44
18 35
43 49
43 45
17 19
5 7
4 7
1 11
2 11
36 38
33 37
9 11
26 31
11 20
5 12
2 49
33 35
56 59
49 55
21 25
11 13
42 49
4 41
7 10
11 19
45 58
31 33
19 34
45 49
52 54
16 18
19 35
47 52
5 40
11 21
48 52
45 47
47 49
21 23
6 8
53 55
15 18
19 33
12 14
22 42
35 39
3 41
3 7
14 18
36 39
22 41
6 11
46 49
47 53
0 11
2 7
6 9
27 38
51 54
16 19
27 37
1 59
49 54
29 31
27 29
25 31
57 59
24 39
11 14
15 19
21 31
23 25
5 14
48 51
32 37
49 51
2 41
20 31
27 31
30 37
33 36
22 40
0 1
1 2
2 3
3 4
4 5
5 6
6 7
7 8
8 9
9 10
10 11
11 12
12 13
13 14
14 15
15 16
16 17
17 18
18 19
19 20
20 21
21 22
22 23
23 24
24 25
25 26
26 27
27 28
28 29
29 30
30 31
31 32
32 33
33 34
34 35
35 36
36 37
37 38
38 39
39 40
40 41
41 42
42 43
43 44
44 45
45 46
46 47
47 48
48 49
49 50
50 51
51 52
52 53
53 54
54 55
55 56
56 57
57 58
58 59
59 0
19 27
37 59
19 48
20 35
46 58
24 35
19 39
2 53
3 17
37 42
7 59
42 45
48 54
8 19
19 24
25 29
27 30
30 33
45 59
0 2
35 59
3 50
26 28
26 29
38 40
44 46
24 33
8 27
30 32
8 16
48 50
0 56
33 59
24 34
10 18
46 57
3 49
46 54
39 43
0 54
3 16
3 8
1 5
0 58
39 48
27 33
25 33
19 36
28 30
2 54
43 46
3 52
38 42
38 41
18 49
2 52
54 56
35 37
17 49
1 3
8 18
27 59
13 15
21 24
41 43
22 35
19 21
23 35
9 12
24 26
1 7
48 53
29 32
3 51
10 15
42 59
47 54
19 49
46 56
8 10
1 4
20 36
10 12
10 17
12 15
8 14
8 13
4 8
0 55
8 12
39 41
8 15
43 48
19 26
43 47
7 27
20 22
10 16
4 6
50 52
0 57
29 33
0 7
50 53
19 37
46 59
34 59
1 6
37 39
