0 1
1 2
2 3
3 4
4 5
5 6
6 7
7 8
8 9
9 10
10 11
11 12
12 13
13 14
14 15
15 16
16 17
17 18
18 19
19 20
20 21
21 22
22 23
23 24
24 25
25 26
26 27
27 28
28 29
29 30
30 31
31 32
32 33
33 34
34 35
35 36
36 37
37 38
38 39
39 40
40 41
41 42
42 43
43 44
44 45
45 46
46 47
47 48
48 49
49 50
50 51
51 52
52 53
53 54
54 55
55 56
56 57
57 58
58 59
59 0
38 53
0 38
3 39
4 11
8 13
39 48
8 39
17 25
40 57
16 36
39 47
38 54
46 52
34 39
1 12
24 27
18 23
54 56
15 36
44 57
9 12
18 21
8 18
8 14
4 6
29 32
1 58
45 53
19 22
35 37
5 11
21 39
38 58
13 37
41 47
23 39
17 23
46 49
26 34
23 29
8 10
3 57
31 33
50 53
0 13
1 57
1 4
27 32
6 8
43 46
23 33
29 31
23 30
53 57
38 56
23 31
4 12
14 17
38 48
9 11
49 53
4 7
41 44
26 32
38 57
34 38
26 36
39 41
18 20
38 59
25 36
32 34
45 52
24 29
1 3
15 17
8 17
38 55
34 36
42 46
14 37
8 21
50 52
47 49
17 36
51 53
48 53
54 57
8 12
5 10
0 12
42 47
27 29
34 37
7 39
18 22
14 36
24 26
44 53
33 39
0 37
1 59
22 39
46 50
28 32
23 25
4 39
3 40
41 43
43 45
19 21
41 57
2 4
5 8

0 1
1 2
2 3
3 4
4 5
5 6
6 7
7 8
8 9
9 10
10 11
11 12
12 13
13 14
14 15
15 16
16 17
17 18
18 19
19 20
20 21
21 22
22 23
23 24
24 25
25 26
26 27
27 28
28 29
29 30
30 31
31 32
32 33
33 34
34 35
35 36
36 37
37 38
38 39
39 40
40 41
41 42
42 43
43 44
44 45
45 46
46 47
47 48
48 49
49 50
50 51
51 52
52 53
53 54
54 55
55 56
56 57
57 58
58 59
59 0
24 52
52 56
7 33
24 46
19 24
4 19
34 57
30 42
33 58
41 54
22 30
17 32
40 56
25 42
31 37
14 19
39 57
31 35
41 56
6 12
50 54
1 7
0 4
17 21
9 13
6 14
20 23
49 51
3 7
45 54
15 33
49 52
14 33
9 33
10 13
19 23
22 29
3 6
4 56
26 28
23 28
12 14
9 14
17 33
33 57
32 35
37 39
48 50
30 37
7 59
19 52
15 18
17 19
24 44
30 39
41 45
33 35
7 9
25 43
47 50
6 9
23 26
22 32
6 10
7 58
4 14
11 13
37 57
57 59
42 45
26 29
52 54
30 41
19 56
22 28
23 27
21 23
47 52
36 57
26 30
30 32
30 40
0 3
4 57
17 20
10 12
16 18
0 57
0 2
35 57
3 5
0 7
52 55
51 54
53 55
46 54
8 33
14 18
24 47
2 7
24 45
41 55
25 44
47 54
16 33
30 38
42 44
5 14
48 52
26 42
31 36
21 32
39 56
