0 1
1 2
2 3
3 4
4 5
5 6
6 7
7 8
8 9
9 10
10 11
11 12
12 13
13 14
14 15
15 16
16 17
17 18
18 19
19 20
20 21
21 22
22 23
23 24
24 25
25 26
26 27
27 28
28 29
29 30
30 31
31 32
32 33
33 34
34 35
35 36
36 37
37 38
38 39
39 40
40 41
41 42
42 43
43 44
44 45
45 46
46 47
47 48
48 49
49 50
50 51
51 52
52 53
53 54
54 55
55 56
56 57
57 58
58 59
59 0
41 52
5 11
9 39
48 52
37 56
4 14
40 57
16 28
27 59
51 56
11 30
31 59
52 56
6 59
19 28
0 16
37 51
34 36
22 26
20 26
40 43
46 49
17 28
22 28
6 9
30 37
35 59
35 37
0 2
53 57
2 6
16 30
9 57
0 4
38 49
32 34
41 57
31 33
39 49
39 43
21 28
37 50
6 8
7 10
23 26
12 14
19 59
38 50
37 58
6 10
9 11
19 26
39 46
39 45
35 58
5 10
26 59
30 32
44 46
31 34
43 47
18 59
6 58
39 57
21 26
9 30
11 14
16 59
13 30
24 28
52 55
24 26
39 44
55 57
16 18
47 52
4 6
44 47
50 52
4 16
9 37
28 59
52 54
28 30
24 27
23 28
2 59
29 31
32 36
14 16
15 30
7 9
18 28
1 4
37 39
42 47
29 59
6 57
11 13
30 36
53 55
2 4
5 14
20 28
1 3
46 48
42 52
23 25
41 43
31 35
48 50
37 57
52 57
13 15

0 1
1 2
2 3
3 4
4 5
5 6
6 7
7 8
8 9
9 10
10 11
11 12
12 13
13 14
14 15
15 16
16 17
17 18
18 19
19 20
20 21
21 22
22 23
23 24
24 25
25 26
26 27
27 28
28 29
29 30
30 31
31 32
32 33
33 34
34 35
35 36
36 37
37 38
38 39
39 40
40 41
41 42
42 43
43 44
44 45
45 46
46 47
47 48
48 49
49 50
50 51
51 52
52 53
53 54
54 55
55 56
56 57
57 58
58 59
59 0
36 55
5 38
54 59
18 26
3 52
12 29
36 51
31 57
24 30
16 58
33 36
47 51
55 58
19 24
15 26
45 49
7 12
3 10
44 50
6 29
0 58
6 35
17 24
1 13
40 52
17 31
3 11
12 26
40 44
40 47
5 8
18 25
30 35
15 58
0 15
37 40
20 24
36 53
25 27
13 26
33 35
20 23
20 22
42 45
35 38
26 29
6 12
36 40
3 40
41 45
44 49
1 11
20 25
8 12
0 52
3 8
1 52
40 46
25 30
32 57
48 51
10 12
42 44
0 54
36 47
3 39
2 52
18 24
43 45
0 14
17 30
8 10
19 22
5 39
45 48
2 11
29 35
40 51
1 12
21 23
1 14
16 31
6 38
54 58
26 28
30 33
25 28
16 57
36 52
32 56
15 18
44 51
40 42
33 56
36 54
36 56
38 40
25 29
56 58
4 8
49 51
0 53
3 5
36 38
14 26
19 23
9 12
19 25
41 46
30 34
15 17
5 7
45 47
