0 1
1 2
2 3
3 4
4 5
5 6
6 7
7 8
8 9
9 10
10 11
11 12
12 13
13 14
14 15
15 16
16 17
17 18
18 19
19 20
20 21
21 22
22 23
23 24
24 25
25 26
26 27
27 28
28 29
29 30
30 31
31 32
32 33
33 34
34 35
35 36
36 37
37 38
38 39
39 40
40 41
41 42
42 43
43 44
44 45
45 46
46 47
47 48
48 49
49 50
50 51
51 52
52 53
53 54
54 55
55 56
56 57
57 58
58 59
59 0
20 57
17 35
30 56
7 56
10 20
15 56
10 17
36 56
32 40
30 32
41 51
2 56
30 35
9 12
2 8
30 53
40 46
27 57
5 8
11 17
18 27
47 56
32 51
9 59
29 56
49 53
10 12
30 34
13 17
51 53
28 35
30 33
21 27
50 52
41 49
12 56
17 27
25 27
34 37
17 36
34 38
2 4
18 26
4 8
22 25
1 59
37 40
43 48
1 9
41 45
13 15
7 9
29 35
12 17
33 40
44 46
41 50
27 56
6 56
0 57
34 36
18 20
2 6
0 58
18 23
41 44
10 57
7 12
46 56
20 27
27 29
14 56
41 48
18 21
37 39
34 39
2 9
41 46
30 51
13 56
53 55
21 23
18 24
9 58
37 56
0 2
17 20
31 33
3 5
47 55
49 55
30 54
46 48
47 49
54 56
15 36
0 56
41 43
50 53
22 24
44 48
22 27
32 41
3 6
34 40
37 46
24 26
19 21
17 28
42 48
6 8
16 36
13 16
9 57
0 1
1 2
2 3
3 4
4 5
5 6
6 7
7 8
8 9
9 10
10 11
11 12
12 13
13 14
14 15
15 16
16 17
17 18
18 19
19 20
20 21
21 22
22 23
23 24
24 25
25 26
26 27
27 28
28 29
29 30
30 31
31 32
32 33
33 34
34 35
35 36
36 37
37 38
38 39
39 40
40 41
41 42
42 43
43 44
44 45
45 46
46 47
47 48
48 49
49 50
50 51
51 52
52 53
53 54
54 55
55 56
56 57
57 58
58 59
59 0
18 37
11 36
16 32
18 28
6 37
3 8
14 46
4 6
2 58
20 22
11 14
9 55
3 51
9 54
11 34
48 50
18 43
15 43
2 57
14 48
20 24
19 33
9 37
3 7
3 45
46 50
10 52
22 26
43 46
18 30
27 30
10 13
5 41
18 36
4 45
2 54
10 48
8 56
56 59
18 22
3 59
1 3
19 36
11 37
24 32
56 58
3 46
14 33
33 35
39 43
51 54
18 32
8 37
10 49
5 42
26 28
42 44
24 27
2 55
23 26
24 33
12 14
13 48
52 54
47 50
40 42
14 47
38 43
24 30
10 53
20 33
17 32
55 57
10 50
3 50
5 40
42 45
43 45
19 35
37 43
0 3
2 51
23 25
5 37
5 38
15 32
40 43
8 59
20 23
9 56
15 17
28 30
9 11
4 42
9 53
38 40
14 43
22 28
4 7
14 34
10 51
15 18
11 35
2 59
14 32
24 31
19 22
7 37
18 31
11 13
18 29
