0 1
1 2
2 3
3 4
4 5
5 6
6 7
7 8
8 9
9 10
10 11
11 12
12 13
13 14
14 15
15 16
16 17
17 18
18 19
19 20
20 21
21 22
22 23
23 24
24 25
25 26
26 27
27 28
28 29
29 30
30 31
31 32
32 33
33 34
34 35
35 36
36 37
37 38
38 39
39 40
40 41
41 42
42 43
43 44
44 45
45 46
46 47
47 48
48 49
49 50
50 51
51 52
52 53
53 54
54 55
55 56
56 57
57 58
58 59
59 0
9 50
15 41
19 26
5 56
12 56
25 45
14 54
27 37
11 58
4 9
8 56
21 48
19 37
17 40
11 19
31 36
26 29
26 41
47 49
3 58
33 37
11 16
45 51
46 48
21 24
0 56
29 37
19 27
10 20
23 26
14 43
16 19
36 41
22 24
8 52
45 54
9 21
24 46
32 35
8 53
12 55
2 56
30 32
51 53
36 38
56 58
21 50
29 33
45 47
26 28
36 40
13 15
17 38
50 52
11 56
48 50
20 22
14 42
44 54
56 59
45 50
57 59
22 26
47 50
7 9
0 58
42 45
10 58
53 55
17 37
18 37
34 37
12 16
6 56
36 39
0 3
1 3
26 36
25 46
4 58
2 4
19 22
23 25
32 34
17 39
14 44
9 58
7 56
24 48
15 40
31 35
30 33
5 9
12 54
4 56
53 56
26 45
6 9
15 17
30 36
12 15
29 36
27 29
12 14
10 21
26 42
10 19
17 19
35 37
1 56
43 45
14 41
8 50
51 54
0 1
1 2
2 3
3 4
4 5
5 6
6 7
7 8
8 9
9 10
10 11
11 12
12 13
13 14
14 15
15 16
16 17
17 18
18 19
19 20
20 21
21 22
22 23
23 24
24 25
25 26
26 27
27 28
28 29
29 30
30 31
31 32
32 33
33 34
34 35
35 36
36 37
37 38
38 39
39 40
40 41
41 42
42 43
43 44
44 45
45 46
46 47
47 48
48 49
49 50
50 51
51 52
52 53
53 54
54 55
55 56
56 57
57 58
58 59
59 0
14 58
18 49
47 55
19 34
15 21
10 51
23 39
12 18
46 56
27 36
4 12
50 53
40 57
20 25
9 52
54 56
18 48
35 40
14 18
43 56
5 59
14 16
20 28
25 37
14 23
19 48
9 56
19 46
32 36
9 11
9 54
5 58
29 31
3 59
19 45
48 55
34 40
11 49
6 8
44 56
19 40
0 4
9 51
28 36
42 44
20 31
25 27
39 58
41 57
15 23
40 45
10 50
20 24
3 14
16 18
15 20
11 18
4 8
5 57
5 8
0 2
14 39
34 36
31 34
40 58
47 56
4 14
8 57
19 47
9 53
4 11
20 30
19 31
44 46
15 22
28 30
31 33
43 57
7 57
1 59
48 53
42 57
5 7
14 17
38 40
15 18
41 45
33 36
23 38
0 5
8 11
20 26
20 23
48 54
4 13
24 37
15 19
24 38
28 31
35 38
20 27
41 44
25 36
2 59
10 49
14 59
13 18
9 57
28 32
21 23
49 53
