0 1
1 2
2 3
3 4
4 5
5 6
6 7
7 8
8 9
9 10
10 11
11 12
12 13
13 14
14 15
15 16
16 17
17 18
18 19
19 20
20 21
21 22
22 23
23 24
24 25
25 26
26 27
27 28
28 29
29 30
30 31
31 32
32 33
33 34
34 35
35 36
36 37
37 38
38 39
39 40
40 41
41 42
42 43
43 44
44 45
45 46
46 47
47 48
48 49
49 50
50 51
51 52
52 53
53 54
54 55
55 56
56 57
57 58
58 59
59 0
4 27
20 35
17 57
17 59
7 27
49 58
17 52
17 21
12 24
3 29
53 58
43 48
3 49
46 50
3 37
43 47
37 41
17 38
25 27
29 34
7 12
8 13
0 4
7 10
17 58
6 8
44 52
40 43
21 23
7 9
26 35
13 24
17 53
25 35
16 24
20 38
50 52
35 38
19 38
49 51
14 17
17 56
37 40
26 33
20 25
37 39
3 42
29 35
43 49
0 58
14 24
48 50
39 52
38 52
40 52
22 24
32 34
17 19
51 58
4 13
9 12
3 35
3 58
0 13
40 42
3 36
53 55
51 53
29 32
26 29
6 13
17 55
26 31
7 11
40 44
31 33
10 12
16 21
4 29
19 21
1 3
26 28
6 27
3 41
55 57
46 48
12 27
14 16
46 52
44 47
27 29
53 57
16 23
45 47
26 34
35 37
0 2
29 31
4 6
22 25
12 25
0 14
26 30
18 38
2 58
15 17
8 12
0 17
3 43
17 54
1 4
20 22
44 46
5 13

0 1
1 2
2 3
3 4
4 5
5 6
6 7
7 8
8 9
9 10
10 11
11 12
12 13
13 14
14 15
15 16
16 17
17 18
18 19
19 20
20 21
21 22
22 23
23 24
24 25
25 26
26 27
27 28
28 29
29 30
30 31
31 32
32 33
33 34
34 35
35 36
36 37
37 38
38 39
39 40
40 41
41 42
42 43
43 44
44 45
45 46
46 47
47 48
48 49
49 50
50 51
51 52
52 53
53 54
54 55
55 56
56 57
57 58
58 59
59 0
53 59
32 45
40 49
14 23
28 55
46 53
15 52
24 59
39 41
28 52
11 13
13 53
16 20
12 59
47 52
10 53
4 59
16 18
32 39
15 27
26 55
14 22
57 59
21 25
4 7
38 51
47 50
29 54
28 30
1 59
29 55
39 50
2 10
4 8
56 58
30 45
41 43
14 53
42 47
27 55
34 37
2 11
33 38
30 52
1 12
53 56
24 26
37 51
30 54
7 59
3 59
14 20
32 52
33 35
5 59
15 26
15 28
33 52
56 59
2 59
40 50
23 59
35 52
41 48
14 52
12 23
55 59
38 50
43 46
42 46
18 26
3 8
55 58
26 59
54 56
18 25
30 32
45 53
11 53
21 24
8 53
41 45
2 12
17 26
6 59
30 53
18 21
37 52
8 59
36 52
2 9
5 7
14 21
16 26
41 49
31 52
8 10
34 38
13 23
47 49
18 20
2 8
47 53
39 45
47 51
42 48
15 20
41 44
34 36
0 12
33 39
43 45
16 19
