0 1
1 2
2 3
3 4
4 5
5 6
6 7
7 8
8 9
9 10
10 11
11 12
12 13
13 14
14 15
15 16
16 17
17 18
18 19
19 20
20 21
21 22
22 23
23 24
24 25
25 26
26 27
27 28
28 29
29 30
30 31
31 32
32 33
33 34
34 35
35 36
36 37
37 38
38 39
39 40
40 41
41 42
42 43
43 44
44 45
45 46
46 47
47 48
48 49
49 50
50 51
51 52
52 53
53 54
54 55
55 56
56 57
57 58
58 59
59 0
14 34
9 30
26 33
11 23
11 49
6 36
34 49
36 57
40 48
7 58
45 53
45 47
21 26
11 14
44 54
27 33
17 19
13 49
56 58
7 11
50 56
42 47
0 58
41 57
14 17
6 35
52 55
6 58
54 56
27 29
46 48
28 32
16 19
25 27
11 20
9 31
9 25
36 59
8 35
3 6
11 18
2 59
8 33
48 53
53 55
34 36
7 9
19 33
21 33
33 35
41 43
52 56
15 33
39 49
5 58
9 11
4 58
41 44
30 32
23 26
2 36
34 37
11 13
9 33
37 39
0 2
41 56
51 56
0 3
11 58
39 48
48 52
25 29
37 49
14 16
7 35
27 32
11 22
39 57
43 45
48 50
28 30
45 54
19 21
36 39
44 56
15 19
45 48
42 48
10 25
49 56
14 33
50 52
3 36
9 32
3 58
36 58
10 23
11 19
42 45
1 3
3 5
9 29
11 21
13 34
11 17
24 26
40 42
23 25
22 26
12 49
38 49
11 56
39 41
0 1
1 2
2 3
3 4
4 5
5 6
6 7
7 8
8 9
9 10
10 11
11 12
12 13
13 14
14 15
15 16
16 17
17 18
18 19
19 20
20 21
21 22
22 23
23 24
24 25
25 26
26 27
27 28
28 29
29 30
30 31
31 32
32 33
33 34
34 35
35 36
36 37
37 38
38 39
39 40
40 41
41 42
42 43
43 44
44 45
45 46
46 47
47 48
48 49
49 50
50 51
51 52
52 53
53 54
54 55
55 56
56 57
57 58
58 59
59 0
40 55
2 57
7 10
26 34
29 56
3 15
17 41
11 59
9 15
43 56
24 36
27 30
33 38
4 59
36 41
15 59
3 17
3 57
20 56
17 56
33 56
17 36
22 28
41 55
44 52
17 42
42 53
10 14
30 56
21 56
43 51
46 51
7 15
31 34
47 52
18 24
15 20
20 24
22 27
18 36
30 33
45 51
56 59
38 40
18 20
13 15
43 55
5 7
41 53
43 53
1 59
16 20
13 59
5 59
57 59
21 28
25 35
38 55
35 38
6 15
1 57
51 53
33 55
49 51
32 34
17 57
51 55
21 24
38 41
46 49
44 51
26 35
46 52
9 14
16 18
35 37
44 53
19 24
23 27
51 54
21 29
0 57
21 23
31 33
8 15
25 36
44 46
8 10
27 31
7 59
46 50
17 43
41 54
34 38
27 34
48 51
4 6
15 17
20 59
2 4
24 27
10 13
1 4
47 51
4 15
10 59
37 41
39 55
10 12
47 49
12 59
