0 1
1 2
2 3
3 4
4 5
5 6
6 7
7 8
8 9
9 10
10 11
11 12
12 13
13 14
14 15
15 16
16 17
17 18
18 19
19 20
20 21
21 22
22 23
23 24
24 25
25 26
26 27
27 28
28 29
29 30
30 31
31 32
32 33
33 34
34 35
35 36
36 37
37 38
38 39
39 40
40 41
41 42
42 43
43 44
44 45
45 46
46 47
47 48
48 49
49 50
50 51
51 52
52 53
53 54
54 55
55 56
56 57
57 58
58 59
59 0
20 39
23 54
26 53
39 55
7 16
15 57
40 52
2 18
13 16
33 35
20 30
7 57
34 37
2 20
32 53
39 53
44 53
9 57
42 52
26 28
10 13
0 23
50 52
23 55
3 57
46 51
0 55
39 44
20 25
35 40
8 11
30 34
30 38
20 56
46 52
2 22
28 53
33 53
31 33
21 24
8 10
6 18
44 49
2 19
37 40
43 49
56 59
4 6
1 58
46 53
39 42
20 24
1 57
27 53
46 49
16 19
7 12
25 29
14 16
44 47
7 17
5 57
46 50
34 38
56 58
30 32
44 46
2 21
21 23
0 22
44 48
2 57
4 57
23 53
16 56
10 15
10 57
24 53
36 40
29 53
39 43
3 18
13 15
37 39
49 52
19 56
39 56
45 47
4 18
24 26
30 39
8 12
5 7
31 34
25 28
1 59
7 9
11 13
41 52
20 29
53 55
43 52
16 57
47 49
39 41
6 17
17 19
55 59
30 53
7 13
35 52
33 52
35 37
0 2
0 1
1 2
2 3
3 4
4 5
5 6
6 7
7 8
8 9
9 10
10 11
11 12
12 13
13 14
14 15
15 16
16 17
17 18
18 19
19 20
20 21
21 22
22 23
23 24
24 25
25 26
26 27
27 28
28 29
29 30
30 31
31 32
32 33
33 34
34 35
35 36
36 37
37 38
38 39
39 40
40 41
41 42
42 43
43 44
44 45
45 46
46 47
47 48
48 49
49 50
50 51
51 52
52 53
53 54
54 55
55 56
56 57
57 58
58 59
59 0
0 35
35 56
18 56
31 44
37 51
47 52
37 50
14 19
27 45
21 35
39 49
1 3
10 16
22 46
12 21
24 31
31 37
1 16
0 17
7 21
23 46
1 9
0 16
1 10
37 55
21 47
14 18
11 16
18 59
40 45
6 9
23 45
57 59
6 35
12 19
6 8
11 14
31 39
11 15
1 5
23 35
26 30
18 21
1 35
32 36
29 44
18 55
39 45
25 45
48 52
11 21
3 9
47 55
9 21
5 35
6 21
15 18
0 58
13 19
32 34
17 59
37 56
41 45
46 48
39 48
33 36
27 30
28 44
37 53
51 53
26 45
5 9
39 46
26 31
31 41
23 31
31 36
27 44
42 45
18 57
12 14
34 36
16 18
28 30
35 58
31 40
31 38
23 32
9 11
8 21
2 5
52 55
24 45
21 46
18 47
22 35
36 56
25 31
31 42
38 50
19 21
32 35
18 20
48 51
42 44
2 4
38 49
49 51
29 31
52 54
4 9
43 45
37 54
35 57
