0 1
1 2
2 3
3 4
4 5
5 6
6 7
7 8
8 9
9 10
10 11
11 12
12 13
13 14
14 15
15 16
16 17
17 18
18 19
19 20
20 21
21 22
22 23
23 24
24 25
25 26
26 27
27 28
28 29
29 30
30 31
31 32
32 33
33 34
34 35
35 36
36 37
37 38
38 39
39 40
40 41
41 42
42 43
43 44
44 45
45 46
46 47
47 48
48 49
49 50
50 51
51 52
52 53
53 54
54 55
55 56
56 57
57 58
58 59
59 0
22 29
31 58
18 50
4 54
30 39
21 39
28 58
44 46
6 15
7 12
22 58
0 2
33 42
33 55
0 3
27 58
5 8
44 52
2 57
22 28
18 58
4 17
12 14
34 42
8 51
42 50
3 57
24 28
19 50
49 51
34 38
43 50
9 51
9 12
19 21
44 55
4 53
32 35
54 57
0 58
31 36
9 14
48 52
48 51
21 41
5 17
18 22
32 56
43 45
32 57
45 48
22 39
3 18
5 53
22 25
35 37
35 38
31 38
14 16
6 16
14 17
8 53
43 48
44 48
24 26
48 50
30 38
9 13
19 41
42 55
34 40
7 15
9 17
8 10
25 27
7 10
22 27
1 3
39 41
31 35
2 58
4 57
40 42
32 58
9 18
30 58
36 38
32 34
54 56
20 41
6 17
3 58
44 53
33 56
9 11
26 28
45 47
22 30
22 24
41 50
18 21
29 58
6 8
4 18
23 28
42 44
44 47
44 54
8 52
38 40
10 12
12 15
9 50
3 59
0 1
1 2
2 3
3 4
4 5
5 6
6 7
7 8
8 9
9 10
10 11
11 12
12 13
13 14
14 15
15 16
16 17
17 18
18 19
19 20
20 21
21 22
22 23
23 24
24 25
25 26
26 27
27 28
28 29
29 30
30 31
31 32
32 33
33 34
34 35
35 36
36 37
37 38
38 39
39 40
40 41
41 42
42 43
43 44
44 45
45 46
46 47
47 48
48 49
49 50
50 51
51 52
52 53
53 54
54 55
55 56
56 57
57 58
58 59
59 0
10 38
30 53
0 50
2 50
18 33
16 28
30 45
4 12
40 44
5 11
3 56
10 13
47 51
4 29
14 29
15 38
42 48
21 33
4 7
40 49
54 58
30 35
16 22
54 59
56 59
7 11
23 29
2 56
21 29
41 44
17 35
47 52
47 53
30 56
47 50
3 39
20 33
53 55
35 40
31 33
16 19
3 49
17 38
46 48
55 57
0 51
17 34
4 10
24 27
55 58
20 22
56 58
23 26
4 38
40 45
0 53
29 33
4 13
31 34
11 13
13 38
6 11
3 50
29 56
30 55
15 28
42 46
13 29
29 32
1 50
15 29
3 40
22 26
17 33
51 53
27 29
4 11
42 49
1 59
4 39
16 38
46 53
19 22
41 49
43 46
2 59
30 40
47 49
4 8
7 9
5 7
37 40
17 36
23 27
4 9
14 38
17 19
53 59
19 33
30 32
45 53
4 56
37 39
16 27
41 43
17 37
30 34
36 40
23 25
21 23
16 26
