0 1
1 2
2 3
3 4
4 5
5 6
6 7
7 8
8 9
9 10
10 11
11 12
12 13
13 14
14 15
15 16
16 17
17 18
18 19
19 20
20 21
21 22
22 23
23 24
24 25
25 26
26 27
27 28
28 29
29 30
30 31
31 32
32 33
33 34
34 35
35 36
36 37
37 38
38 39
39 40
40 41
41 42
42 43
43 44
44 45
45 46
46 47
47 48
48 49
49 50
50 51
51 52
52 53
53 54
54 55
55 56
56 57
57 58
58 59
59 0
16 53
28 45
28 58
5 59
38 56
1 6
10 20
32 45
12 59
17 46
20 28
32 42
40 45
55 57
3 6
32 41
32 36
6 21
26 58
38 49
20 24
38 47
46 52
28 35
24 26
15 20
1 26
37 56
24 27
7 11
50 54
16 59
49 56
55 59
9 20
52 54
31 45
27 58
32 40
4 6
35 57
6 25
14 59
1 25
11 59
0 26
2 4
38 48
7 9
10 12
36 56
40 43
39 47
15 59
16 52
6 23
6 11
57 59
37 39
0 4
28 34
7 21
21 24
40 47
8 21
15 19
41 43
29 45
42 45
9 21
32 39
23 25
17 20
29 32
36 39
1 3
17 19
28 46
21 23
53 59
20 46
32 35
40 46
47 51
10 15
42 44
33 35
18 20
6 22
50 55
50 56
47 50
13 59
32 34
0 5
17 52
47 49
47 52
35 58
10 14
15 17
51 54
0 2
26 59
20 27
7 10
10 13
6 59
40 44
54 59
29 31
28 32
30 32
36 57

0 1
1 2
2 3
3 4
4 5
5 6
6 7
7 8
8 9
9 10
10 11
11 12
12 13
13 14
14 15
15 16
16 17
17 18
18 19
19 20
20 21
21 22
22 23
23 24
24 25
25 26
26 27
27 28
28 29
29 30
30 31
31 32
32 33
33 34
34 35
35 36
36 37
37 38
38 39
39 40
40 41
41 42
42 43
43 44
44 45
45 46
46 47
47 48
48 49
49 50
50 51
51 52
52 53
53 54
54 55
55 56
56 57
57 58
58 59
59 0
43 50
42 55
26 30
3 32
30 47
21 56
47 53
14 26
0 9
6 10
30 54
29 54
44 49
14 23
42 50
15 57
1 5
5 26
4 26
26 32
43 47
20 57
42 51
0 55
2 39
17 23
29 56
9 11
21 28
2 33
23 28
37 43
5 14
15 18
3 26
56 58
29 55
18 57
0 11
26 28
39 42
19 22
6 14
35 43
43 45
14 17
11 15
45 49
13 15
38 40
5 7
50 53
5 9
28 30
34 37
33 39
19 21
31 43
2 55
28 56
48 50
34 43
19 23
0 57
31 33
47 54
14 24
6 9
53 55
42 53
25 27
42 52
56 59
14 25
1 4
0 56
38 41
20 56
18 23
43 49
11 57
31 34
1 55
22 28
36 43
25 28
50 52
37 41
12 14
11 14
34 39
24 28
16 18
40 42
34 38
11 13
48 53
30 43
14 16
6 8
26 31
3 33
45 48
46 48
35 37
43 46
2 42
0 58
1 9
37 42
19 57
5 8
