0 1
1 2
2 3
3 4
4 5
5 6
6 7
7 8
8 9
9 10
10 11
11 12
12 13
13 14
14 15
15 16
16 17
17 18
18 19
19 20
20 21
21 22
22 23
23 24
24 25
25 26
26 27
27 28
28 29
29 30
30 31
31 32
32 33
33 34
34 35
35 36
36 37
37 38
38 39
39 40
40 41
41 42
42 43
43 44
44 45
45 46
46 47
47 48
48 49
49 50
50 51
51 52
52 53
53 54
54 55
55 56
56 57
57 58
58 59
59 0
18 36
35 39
17 38
17 49
42 49
25 55
53 59
17 57
28 34
12 53
4 9
21 35
27 33
25 39
19 24
7 16
40 53
9 59
25 40
21 27
3 57
10 53
3 6
3 7
2 59
18 24
8 10
46 48
23 27
27 32
3 9
13 16
26 39
33 35
12 16
19 23
41 46
43 48
53 55
48 50
31 34
8 13
38 40
27 35
25 57
12 49
8 12
12 14
1 3
21 28
18 20
20 23
0 57
3 16
20 22
18 35
40 52
45 48
47 50
54 59
50 53
43 45
36 39
40 42
14 16
17 40
17 36
17 37
27 30
3 59
50 52
40 51
27 39
27 29
20 35
3 5
7 13
56 58
9 53
40 50
0 58
36 38
27 31
24 57
6 9
40 46
25 27
21 23
41 44
28 35
54 56
16 57
32 34
1 59
30 34
0 3
28 30
13 15
49 53
11 53
17 24
43 49
8 11
23 25
41 45
25 53
17 42
46 50
4 6
41 43
12 17
25 56
54 58
7 9
0 1
1 2
2 3
3 4
4 5
5 6
6 7
7 8
8 9
9 10
10 11
11 12
12 13
13 14
14 15
15 16
16 17
17 18
18 19
19 20
20 21
21 22
22 23
23 24
24 25
25 26
26 27
27 28
28 29
29 30
30 31
31 32
32 33
33 34
34 35
35 36
36 37
37 38
38 39
39 40
40 41
41 42
42 43
43 44
44 45
45 46
46 47
47 48
48 49
49 50
50 51
51 52
52 53
53 54
54 55
55 56
56 57
57 58
58 59
59 0
35 57
21 31
43 57
18 47
8 51
9 50
8 59
22 43
5 19
31 43
20 44
0 2
13 17
36 43
18 46
0 33
5 8
5 33
1 33
42 57
51 54
7 15
10 18
26 43
49 54
21 32
36 41
22 25
49 56
8 54
24 26
33 36
10 15
11 14
18 50
34 36
49 51
49 57
8 50
47 49
37 39
7 10
23 30
2 8
10 50
45 57
4 33
37 43
0 34
19 44
48 57
35 42
44 46
15 18
29 43
46 57
36 40
5 18
8 57
20 32
49 55
26 29
8 56
21 30
24 30
35 59
4 8
37 40
10 17
22 30
22 26
18 49
6 8
47 57
3 8
31 33
15 17
34 59
16 18
49 52
2 4
11 13
26 28
39 42
38 42
5 7
24 28
22 24
10 14
19 33
51 53
57 59
5 15
35 58
24 29
21 44
33 43
24 27
52 54
36 42
30 43
14 17
37 42
0 8
1 4
10 12
18 44
20 33
44 57
8 55
10 13
21 43
39 41
