0 1
1 2
2 3
3 4
4 5
5 6
6 7
7 8
8 9
9 10
10 11
11 12
12 13
13 14
14 15
15 16
16 17
17 18
18 19
19 20
20 21
21 22
22 23
23 24
24 25
25 26
26 27
27 28
28 29
29 30
30 31
31 32
32 33
33 34
34 35
35 36
36 37
37 38
38 39
39 40
40 41
41 42
42 43
43 44
44 45
45 46
46 47
47 48
48 49
49 50
50 51
51 52
52 53
53 54
54 55
55 56
56 57
57 58
58 59
59 0
4 34
22 30
2 35
30 36
31 34
5 32
40 58
8 22
23 49
40 49
13 57
23 55
36 44
9 15
6 59
4 33
8 59
12 57
18 21
13 23
11 57
2 34
0 38
42 46
36 41
22 28
8 30
29 44
16 23
8 15
2 59
44 49
18 23
8 21
49 57
24 44
40 59
9 13
30 44
11 59
7 30
51 53
45 49
22 27
40 42
45 47
21 23
0 39
40 46
3 6
42 44
37 39
40 48
31 35
55 57
2 36
23 57
51 57
28 44
6 30
39 59
42 45
26 44
30 35
3 34
52 54
14 23
54 56
49 52
3 5
5 33
22 25
36 42
43 45
27 44
8 17
22 24
51 54
3 59
9 59
20 23
6 31
54 57
49 54
9 14
45 48
39 41
32 34
0 37
57 59
50 52
40 57
10 12
15 17
6 32
7 59
16 18
22 26
9 11
10 13
49 51
23 54
25 44
22 29
1 37
2 37
0 2
14 16
36 39
40 47
18 20
19 23
8 18
23 44

0 1
1 2
2 3
3 4
4 5
5 6
6 7
7 8
8 9
9 10
10 11
11 12
12 13
13 14
14 15
15 16
16 17
17 18
18 19
19 20
20 21
21 22
22 23
23 24
24 25
25 26
26 27
27 28
28 29
29 30
30 31
31 32
32 33
33 34
34 35
35 36
36 37
37 38
38 39
39 40
40 41
41 42
42 43
43 44
44 45
45 46
46 47
47 48
48 49
49 50
50 51
51 52
52 53
53 54
54 55
55 56
56 57
57 58
58 59
59 0
45 57
13 42
17 25
56 59
3 9
22 37
42 54
11 33
1 13
33 57
46 49
15 28
41 43
28 34
15 32
10 33
2 57
37 45
42 59
6 11
16 42
17 38
42 52
38 41
43 46
15 30
47 57
17 37
37 43
44 46
21 25
24 35
5 8
2 13
28 30
9 33
17 39
3 12
48 57
1 59
21 37
28 35
43 50
17 40
13 15
13 16
16 40
53 57
4 9
46 50
31 33
25 35
38 40
34 36
53 55
23 35
17 27
11 15
36 45
15 27
11 14
18 37
17 20
47 49
36 57
16 41
17 21
23 25
7 10
30 33
23 36
6 12
15 29
20 37
48 52
34 57
6 8
13 59
17 26
7 9
43 52
26 35
55 59
3 33
19 37
48 50
48 51
2 33
17 19
15 31
6 10
12 14
48 53
1 57
11 32
3 13
37 44
30 34
42 53
42 55
1 58
26 28
0 13
37 41
56 58
16 27
5 12
5 9
53 56
22 36
43 51
46 57
4 12
