0 1
1 2
2 3
3 4
4 5
5 6
6 7
7 8
8 9
9 10
10 11
11 12
12 13
13 14
14 15
15 16
16 17
17 18
18 19
19 20
20 21
21 22
22 23
23 24
24 25
25 26
26 27
27 28
28 29
29 30
30 31
31 32
32 33
33 34
34 35
35 36
36 37
37 38
38 39
39 40
40 41
41 42
42 43
43 44
44 45
45 46
46 47
47 48
48 49
49 50
50 51
51 52
52 53
53 54
54 55
55 56
56 57
57 58
58 59
59 0
19 55
36 41
20 48
2 29
2 9
1 4
39 45
31 53
7 59
46 50
46 49
24 31
45 50
6 8
23 27
9 28
45 51
10 22
5 9
13 57
56 58
37 52
19 21
48 50
14 57
21 43
31 55
37 39
12 14
16 56
24 36
8 59
19 48
29 55
55 59
31 33
12 19
9 59
12 17
22 43
12 58
39 44
28 31
48 55
37 41
18 55
25 27
33 53
48 53
0 7
21 44
50 52
23 41
29 31
56 59
1 5
23 36
15 57
2 59
25 31
9 29
16 55
6 9
27 31
17 55
10 21
10 58
22 27
44 48
1 6
40 43
2 55
37 53
45 48
3 5
23 25
14 16
31 35
12 21
2 4
35 53
46 48
22 42
9 58
45 52
15 56
11 21
26 31
10 27
48 54
35 37
14 17
45 47
2 5
23 42
34 53
31 34
41 43
10 12
38 40
39 43
1 7
13 58
38 41
0 2
30 55
9 27
20 44
48 52
32 53
39 52
31 54
17 19
24 35
0 1
1 2
2 3
3 4
4 5
5 6
6 7
7 8
8 9
9 10
10 11
11 12
12 13
13 14
14 15
15 16
16 17
17 18
18 19
19 20
20 21
21 22
22 23
23 24
24 25
25 26
26 27
27 28
28 29
29 30
30 31
31 32
32 33
33 34
34 35
35 36
36 37
37 38
38 39
39 40
40 41
41 42
42 43
43 44
44 45
45 46
46 47
47 48
48 49
49 50
50 51
51 52
52 53
53 54
54 55
55 56
56 57
57 58
58 59
59 0
27 56
23 52
21 55
13 26
5 7
3 14
25 42
4 11
25 49
13 23
5 8
1 8
42 55
44 51
17 23
2 18
13 25
11 14
25 41
36 40
22 54
27 38
9 56
34 56
9 12
13 56
44 50
44 54
29 56
42 47
23 49
12 56
1 59
52 54
27 36
29 32
22 52
42 56
8 56
18 57
42 45
18 21
32 35
36 42
25 38
23 51
25 40
30 35
22 55
16 23
27 37
21 57
44 49
14 23
28 35
42 54
13 27
1 58
5 11
42 46
28 30
3 18
4 6
44 52
3 17
18 59
0 58
19 57
3 7
4 14
25 39
36 56
44 47
18 22
29 34
42 48
44 53
3 6
15 17
13 24
23 50
18 23
27 29
2 8
20 57
47 49
55 57
40 42
43 54
1 18
2 7
29 33
44 46
8 57
1 57
42 44
27 35
30 32
57 59
8 11
24 49
37 40
3 15
15 23
26 38
42 49
11 13
18 20
32 34
34 36
9 11
8 10
