0 1
1 2
2 3
3 4
4 5
5 6
6 7
7 8
8 9
9 10
10 11
11 12
12 13
13 14
14 15
15 16
16 17
17 18
18 19
19 20
20 21
21 22
22 23
23 24
24 25
25 26
26 27
27 28
28 29
29 30
30 31
31 32
32 33
33 34
34 35
35 36
36 37
37 38
38 39
39 40
40 41
41 42
42 43
43 44
44 45
45 46
46 47
47 48
48 49
49 50
50 51
51 52
52 53
53 54
54 55
55 56
56 57
57 58
58 59
59 0
3 18
19 23
10 20
12 16
5 46
0 30
9 28
7 14
2 30
31 34
32 38
10 25
2 28
19 26
39 59
25 28
7 17
43 57
57 59
42 57
1 5
7 16
34 44
46 59
30 44
10 19
42 44
50 57
43 45
47 59
10 16
33 38
56 58
28 46
54 56
30 38
23 26
2 19
16 18
2 5
45 57
10 21
7 10
38 42
53 59
33 37
48 52
1 46
34 38
29 45
30 45
33 35
54 57
7 28
47 50
22 24
55 58
53 55
8 10
2 26
30 32
4 18
12 15
50 52
28 30
41 59
34 36
7 18
7 11
11 14
16 19
11 13
13 15
10 12
45 47
52 59
32 34
52 54
2 4
39 41
6 18
49 52
6 46
0 39
35 37
26 28
47 49
48 59
49 51
0 2
6 28
30 39
0 46
19 22
52 57
10 24
34 37
40 59
8 28
10 22
25 27
5 18
45 50
53 58
38 41
20 22
7 15
23 25
10 28
30 34
28 45
41 57
3 19
34 42

0 1
1 2
2 3
3 4
4 5
5 6
6 7
7 8
8 9
9 10
10 11
11 12
12 13
13 14
14 15
15 16
16 17
17 18
18 19
19 20
20 21
21 22
22 23
23 24
24 25
25 26
26 27
27 28
28 29
29 30
30 31
31 32
32 33
33 34
34 35
35 36
36 37
37 38
38 39
39 40
40 41
41 42
42 43
43 44
44 45
45 46
46 47
47 48
48 49
49 50
50 51
51 52
52 53
53 54
54 55
55 56
56 57
57 58
58 59
59 0
23 48
26 48
28 59
27 29
27 32
12 27
29 48
16 55
37 40
14 58
16 52
15 55
36 45
33 36
31 48
40 45
56 59
41 44
15 18
50 55
4 6
2 58
22 48
37 45
37 44
7 9
14 24
33 47
1 4
36 44
38 45
16 51
15 20
21 23
50 54
25 48
13 24
24 48
14 56
12 24
6 13
5 9
32 46
14 23
10 27
28 49
28 48
3 6
5 7
5 10
12 25
33 44
27 46
48 50
21 50
6 8
18 21
9 13
46 48
9 11
5 59
29 32
50 59
31 33
15 17
32 44
16 21
33 46
41 43
6 14
14 55
55 59
15 21
2 14
15 23
27 59
16 54
40 44
28 50
6 9
34 46
32 45
36 46
4 59
16 50
12 26
16 53
9 12
35 46
21 48
31 47
37 41
37 43
30 48
39 45
51 54
5 27
51 53
27 48
2 59
18 20
15 19
14 57
2 6
37 39
17 21
11 27
37 42
1 59
1 3
29 31
0 4
