0 1
1 2
2 3
3 4
4 5
5 6
6 7
7 8
8 9
9 10
10 11
11 12
12 13
13 14
14 15
15 16
16 17
17 18
18 19
19 20
20 21
21 22
22 23
23 24
24 25
25 26
26 27
27 28
28 29
29 30
30 31
31 32
32 33
33 34
34 35
35 36
36 37
37 38
38 39
39 40
40 41
41 42
42 43
43 44
44 45
45 46
46 47
47 48
48 49
49 50
50 51
51 52
52 53
53 54
54 55
55 56
56 57
57 58
58 59
59 0
29 46
4 26
22 27
5 19
16 46
45 54
10 14
1 7
2 32
33 38
35 59
33 44
4 32
1 34
37 44
0 56
7 46
12 14
15 19
55 58
13 46
37 45
47 52
24 27
7 48
17 19
45 47
50 53
5 14
1 55
5 7
33 36
9 13
20 28
32 34
48 55
21 26
37 42
9 11
29 32
45 58
8 13
36 58
4 7
7 10
5 15
4 21
4 28
16 28
9 12
45 52
48 50
26 28
19 28
37 41
49 54
30 46
22 26
15 17
18 28
47 50
4 6
32 45
34 36
7 47
21 28
14 46
22 28
28 46
32 46
35 58
1 56
23 25
36 45
30 32
38 40
7 9
33 42
19 21
51 53
0 34
0 57
29 31
4 19
56 58
57 59
33 41
8 46
49 55
1 3
2 4
33 45
23 26
1 4
15 46
7 55
54 58
33 39
25 27
4 29
10 12
22 24
16 18
2 34
39 41
33 37
38 41
0 35
52 54
50 52
5 10
37 43
33 43
49 53

0 1
1 2
2 3
3 4
4 5
5 6
6 7
7 8
8 9
9 10
10 11
11 12
12 13
13 14
14 15
15 16
16 17
17 18
18 19
19 20
20 21
21 22
22 23
23 24
24 25
25 26
26 27
27 28
28 29
29 30
30 31
31 32
32 33
33 34
34 35
35 36
36 37
37 38
38 39
39 40
40 41
41 42
42 43
43 44
44 45
45 46
46 47
47 48
48 49
49 50
50 51
51 52
52 53
53 54
54 55
55 56
56 57
57 58
58 59
59 0
25 45
50 58
4 20
10 27
5 41
32 35
18 21
31 42
29 42
2 51
0 55
44 48
50 59
6 40
16 24
23 46
6 29
5 16
16 19
26 44
20 59
20 49
44 49
40 42
28 43
6 16
13 24
10 24
0 51
29 39
31 39
7 14
51 58
44 51
8 12
5 42
1 20
2 44
16 22
49 59
10 28
5 40
24 46
8 10
9 29
32 42
44 50
34 37
11 24
36 40
56 59
21 49
10 29
54 57
53 58
7 12
7 15
13 16
3 20
53 55
18 20
35 37
47 49
37 39
30 39
2 43
28 42
2 42
12 24
36 38
26 45
32 37
32 39
10 26
53 57
55 57
27 44
44 46
14 16
16 21
21 47
28 44
25 46
16 20
52 58
51 55
21 46
46 48
2 5
35 40
24 26
36 39
3 5
7 29
1 59
55 59
6 15
8 11
6 39
2 20
16 23
8 29
30 42
21 23
1 51
5 20
17 21
33 35
32 40
7 13
52 55
