0 1
1 2
2 3
3 4
4 5
5 6
6 7
7 8
8 9
9 10
10 11
11 12
12 13
13 14
14 15
15 16
16 17
17 18
18 19
19 20
20 21
21 22
22 23
23 24
24 25
25 26
26 27
27 28
28 29
29 30
30 31
31 32
32 33
33 34
34 35
35 36
36 37
37 38
38 39
39 40
40 41
41 42
42 43
43 44
44 45
45 46
46 47
47 48
48 49
49 50
50 51
51 52
52 53
53 54
54 55
55 56
56 57
57 58
58 59
59 0
4 20
1 16
38 52
27 48
2 36
38 58
23 31
19 49
41 51
46 48
34 47
6 11
0 49
1 19
7 20
9 11
22 33
51 57
2 12
43 45
43 50
1 49
45 48
11 15
38 46
30 48
11 18
36 58
0 57
22 49
38 40
10 18
7 9
22 24
24 27
8 20
36 38
41 50
10 19
1 14
24 49
1 17
12 14
22 32
20 49
44 50
38 43
38 42
6 20
45 50
26 49
1 13
31 34
0 36
55 57
34 38
3 12
22 35
3 36
32 34
54 56
52 55
0 50
23 32
38 45
23 29
15 17
4 12
20 35
7 11
27 29
22 34
3 35
24 26
4 6
10 20
51 53
39 41
25 27
38 55
1 15
35 38
1 12
31 47
24 29
21 49
36 59
48 50
15 18
53 56
35 37
1 18
20 22
38 47
5 12
1 36
31 48
9 20
6 12
26 48
0 58
38 51
28 30
38 57
40 42
42 50
51 56
12 15
52 54
28 48
39 51
0 51
29 31
3 20

0 1
1 2
2 3
3 4
4 5
5 6
6 7
7 8
8 9
9 10
10 11
11 12
12 13
13 14
14 15
15 16
16 17
17 18
18 19
19 20
20 21
21 22
22 23
23 24
24 25
25 26
26 27
27 28
28 29
29 30
30 31
31 32
32 33
33 34
34 35
35 36
36 37
37 38
38 39
39 40
40 41
41 42
42 43
43 44
44 45
45 46
46 47
47 48
48 49
49 50
50 51
51 52
52 53
53 54
54 55
55 56
56 57
57 58
58 59
59 0
39 55
15 59
4 43
27 58
12 31
22 29
4 7
7 59
4 33
50 53
41 49
39 42
19 26
3 59
12 21
26 59
29 57
0 45
7 15
9 13
3 5
43 49
0 47
1 44
35 57
3 6
23 25
6 59
10 33
4 36
27 57
34 57
49 54
39 53
49 56
19 23
49 57
23 26
49 59
8 10
26 58
31 33
39 56
14 18
21 30
16 18
44 48
39 50
12 20
29 33
8 13
12 19
30 33
16 59
37 57
21 31
49 52
0 46
4 42
23 27
39 57
18 26
40 50
49 53
57 59
37 42
47 59
43 48
36 42
28 57
0 2
12 18
13 18
22 30
13 15
0 44
10 31
10 32
33 36
33 57
4 8
0 3
5 7
49 51
53 55
49 55
22 28
36 57
10 12
17 59
44 47
44 46
41 43
19 22
11 31
23 28
50 52
17 26
4 10
19 21
3 43
47 49
37 39
9 12
40 49
33 35
14 16
7 13
1 43
19 24
19 25
2 43
