0 1
1 2
2 3
3 4
4 5
5 6
6 7
7 8
8 9
9 10
10 11
11 12
12 13
13 14
14 15
15 16
16 17
17 18
18 19
19 20
20 21
21 22
22 23
23 24
24 25
25 26
26 27
27 28
28 29
29 30
30 31
31 32
32 33
33 34
34 35
35 36
36 37
37 38
38 39
39 40
40 41
41 42
42 43
43 44
44 45
45 46
46 47
47 48
48 49
49 50
50 51
51 52
52 53
53 54
54 55
55 56
56 57
57 58
58 59
59 0
21 24
42 53
32 51
15 58
18 24
28 59
40 44
40 51
28 36
6 28
3 10
1 15
51 58
9 21
5 9
18 31
23 27
37 59
42 58
40 59
22 28
18 21
23 28
29 35
38 59
17 21
32 40
16 32
4 10
12 17
54 56
53 58
35 39
42 47
40 46
0 2
15 17
40 48
10 14
3 15
12 21
39 59
40 58
48 53
31 35
0 3
5 59
36 59
7 28
11 21
56 58
12 15
9 28
2 15
20 24
42 48
36 38
23 26
53 55
40 47
13 15
11 14
49 53
15 59
42 44
32 39
24 30
52 54
42 45
17 31
29 31
51 57
52 57
3 14
41 58
43 45
11 13
33 35
19 24
8 28
24 31
7 9
3 59
26 28
33 39
32 58
26 30
3 5
48 51
16 58
1 59
41 44
29 36
6 9
10 21
4 9
55 58
49 51
23 25
9 22
32 35
26 29
36 39
21 23
6 59
18 20
48 50
40 45
52 56
49 52
25 30
17 32
45 47
32 34
0 1
1 2
2 3
3 4
4 5
5 6
6 7
7 8
8 9
9 10
10 11
11 12
12 13
13 14
14 15
15 16
16 17
17 18
18 19
19 20
20 21
21 22
22 23
23 24
24 25
25 26
26 27
27 28
28 29
29 30
30 31
31 32
32 33
33 34
34 35
35 36
36 37
37 38
38 39
39 40
40 41
41 42
42 43
43 44
44 45
45 46
46 47
47 48
48 49
49 50
50 51
51 52
52 53
53 54
54 55
55 56
56 57
57 58
58 59
59 0
8 39
4 17
32 57
0 50
41 48
12 36
1 49
16 23
7 46
39 55
39 48
25 35
25 59
2 48
50 53
32 36
25 36
15 25
17 22
56 59
7 15
34 36
53 56
32 37
8 43
0 53
11 15
11 38
31 59
19 22
10 15
27 35
26 31
37 57
18 59
39 43
0 56
3 47
27 34
12 38
39 53
26 35
26 59
33 36
32 59
46 48
38 55
18 22
22 59
9 11
39 41
17 59
8 10
17 19
15 24
27 32
27 33
48 52
40 43
1 4
28 30
41 46
55 57
6 46
5 46
22 24
4 47
4 7
16 24
14 36
8 45
28 32
7 16
12 14
20 22
50 52
30 32
27 30
16 22
42 46
1 48
4 59
24 59
43 46
15 36
3 48
12 37
38 57
4 16
27 31
0 4
44 46
7 10
9 39
29 32
8 46
11 39
4 6
57 59
1 3
19 21
4 46
8 44
17 20
1 50
39 52
13 36
40 42
39 54
51 53
