0 1
1 2
2 3
3 4
4 5
5 6
6 7
7 8
8 9
9 10
10 11
11 12
12 13
13 14
14 15
15 16
16 17
17 18
18 19
19 20
20 21
21 22
22 23
23 24
24 25
25 26
26 27
27 28
28 29
29 30
30 31
31 32
32 33
33 34
34 35
35 36
36 37
37 38
38 39
39 40
40 41
41 42
42 43
43 44
44 45
45 46
46 47
47 48
48 49
49 50
50 51
51 52
52 53
53 54
54 55
55 56
56 57
57 58
58 59
59 0
16 33
52 59
41 54
40 57
1 41
32 41
16 41
28 32
45 51
1 46
19 28
22 24
2 9
46 51
11 57
1 47
36 57
16 27
41 44
28 41
42 52
33 39
3 16
4 6
16 23
8 11
14 16
16 20
16 36
43 45
7 12
20 26
35 37
1 44
8 12
2 41
52 58
22 26
41 56
42 44
32 39
9 57
48 59
16 19
22 25
4 7
39 41
11 36
23 25
35 39
1 58
17 29
5 12
11 13
47 50
18 29
17 31
14 36
53 55
13 16
7 9
15 36
29 31
41 57
20 23
41 55
11 14
52 55
42 51
2 57
41 52
41 53
3 41
4 13
2 7
0 47
28 30
34 36
16 32
23 27
50 59
26 28
38 57
50 52
4 12
3 7
16 18
44 46
18 28
23 26
6 12
2 58
20 28
10 57
1 59
3 13
47 51
16 28
39 57
52 57
49 59
20 22
28 31
52 56
48 50
42 45
33 35
16 34
37 39
21 26
8 10
36 38
0 48
17 32

0 1
1 2
2 3
3 4
4 5
5 6
6 7
7 8
8 9
9 10
10 11
11 12
12 13
13 14
14 15
15 16
16 17
17 18
18 19
19 20
20 21
21 22
22 23
23 24
24 25
25 26
26 27
27 28
28 29
29 30
30 31
31 32
32 33
33 34
34 35
35 36
36 37
37 38
38 39
39 40
40 41
41 42
42 43
43 44
44 45
45 46
46 47
47 48
48 49
49 50
50 51
51 52
52 53
53 54
54 55
55 56
56 57
57 58
58 59
59 0
3 25
15 39
34 42
25 56
16 37
10 20
1 7
18 36
26 45
12 41
0 46
21 36
3 21
18 20
36 41
9 44
15 37
29 33
25 55
30 42
4 9
25 58
34 41
4 20
46 50
25 54
25 28
23 28
28 45
9 11
49 52
15 41
12 18
26 53
11 19
1 6
48 55
25 27
12 19
21 35
29 44
2 6
45 53
22 33
36 40
0 57
48 53
13 41
17 36
14 17
9 42
3 6
0 25
30 34
46 56
0 7
24 28
9 41
25 53
21 25
47 49
14 41
48 56
32 34
45 50
29 32
17 37
22 35
29 45
23 33
23 29
35 41
36 39
8 45
8 44
3 5
15 38
13 17
9 12
3 20
11 20
47 56
22 34
21 23
1 3
46 49
48 54
45 52
0 3
30 43
13 18
6 9
0 56
6 8
30 32
57 59
49 53
4 10
15 40
0 58
8 46
25 57
49 51
7 46
20 36
29 43
31 34
5 9
15 17
21 24
9 43
27 45
