0 1
1 2
2 3
3 4
4 5
5 6
6 7
7 8
8 9
9 10
10 11
11 12
12 13
13 14
14 15
15 16
16 17
17 18
18 19
19 20
20 21
21 22
22 23
23 24
24 25
25 26
26 27
27 28
28 29
29 30
30 31
31 32
32 33
33 34
34 35
35 36
36 37
37 38
38 39
39 40
40 41
41 42
42 43
43 44
44 45
45 46
46 47
47 48
48 49
49 50
50 51
51 52
52 53
53 54
54 55
55 56
56 57
57 58
58 59
59 0
18 28
8 16
0 35
21 35
31 44
2 4
43 46
6 54
0 7
17 21
25 32
40 54
10 12
7 53
12 47
42 52
34 40
15 45
34 41
20 23
37 55
0 3
37 57
11 15
49 51
39 54
26 30
0 21
8 10
18 26
6 56
25 34
0 2
34 44
56 58
12 51
16 44
2 59
37 40
9 52
37 59
8 53
0 4
16 18
18 27
12 49
37 56
32 44
42 46
36 59
21 24
28 31
10 52
34 37
25 31
28 30
6 55
21 25
0 6
13 47
29 31
11 14
19 21
19 25
34 42
16 21
4 58
22 24
12 48
34 43
14 47
46 51
25 30
0 5
23 25
32 34
52 54
14 46
47 49
46 49
19 23
2 58
18 21
33 44
10 51
19 26
8 52
8 21
18 44
44 46
4 56
0 36
18 31
16 45
11 16
46 50
5 56
21 23
26 28
37 39
35 37
12 14
8 11
38 55
40 52
25 35
0 8
38 54
1 3
57 59
41 52
15 46
42 51
6 53

0 1
1 2
2 3
3 4
4 5
5 6
6 7
7 8
8 9
9 10
10 11
11 12
12 13
13 14
14 15
15 16
16 17
17 18
18 19
19 20
20 21
21 22
22 23
23 24
24 25
25 26
26 27
27 28
28 29
29 30
30 31
31 32
32 33
33 34
34 35
35 36
36 37
37 38
38 39
39 40
40 41
41 42
42 43
43 44
44 45
45 46
46 47
47 48
48 49
49 50
50 51
51 52
52 53
53 54
54 55
55 56
56 57
57 58
58 59
59 0
18 46
7 33
29 33
33 58
6 57
50 56
26 35
10 16
15 51
19 37
35 39
8 55
16 19
20 27
34 58
52 56
5 59
37 44
3 6
10 32
46 56
35 40
16 32
19 46
16 49
2 5
13 53
38 41
9 33
23 37
3 58
9 55
10 54
45 56
7 58
27 30
37 45
12 53
42 56
8 56
38 44
5 57
10 53
10 55
26 29
50 52
30 32
24 26
16 20
26 37
22 25
15 49
33 35
9 32
35 57
40 57
15 50
14 51
51 53
12 15
46 48
20 26
18 48
3 5
31 33
41 43
21 37
8 33
5 58
39 41
29 35
8 57
49 56
42 45
43 45
41 57
21 26
1 5
48 56
47 56
24 37
6 8
30 33
20 37
53 56
10 15
17 48
36 39
34 57
16 27
22 37
16 30
17 19
4 6
26 36
36 38
11 53
6 58
53 55
41 44
41 56
14 53
3 59
22 26
27 29
17 49
19 45
13 15
1 59
