0 1
1 2
2 3
3 4
4 5
5 6
6 7
7 8
8 9
9 10
10 11
11 12
12 13
13 14
14 15
15 16
16 17
17 18
18 19
19 20
20 21
21 22
22 23
23 24
24 25
25 26
26 27
27 28
28 29
29 30
30 31
31 32
32 33
33 34
34 35
35 36
36 37
37 38
38 39
39 40
40 41
41 42
42 43
43 44
44 45
45 46
46 47
47 48
48 49
49 50
50 51
51 52
52 53
53 54
54 55
55 56
56 57
57 58
58 59
59 0
48 51
15 38
27 57
5 54
9 41
36 41
35 44
12 17
32 54
36 43
18 22
27 35
5 45
49 54
27 33
22 36
22 59
0 56
21 59
29 32
15 36
29 57
0 21
32 49
26 36
8 42
32 48
35 47
10 21
16 36
23 27
29 55
3 56
23 36
27 32
14 16
6 45
8 21
49 52
11 39
18 21
7 21
5 52
35 43
12 19
14 38
10 12
26 35
36 39
2 56
50 52
1 5
23 58
41 43
13 16
5 53
27 29
23 59
5 51
52 54
4 55
27 58
5 46
48 50
10 39
42 44
9 42
23 25
34 48
1 56
7 42
31 55
11 38
1 21
24 27
29 56
39 41
1 7
46 51
24 26
4 56
57 59
6 44
33 35
9 21
30 32
56 59
44 47
29 31
19 21
15 37
11 13
1 4
47 51
23 26
44 46
4 54
17 19
12 20
6 42
12 21
16 18
12 16
35 48
10 41
16 22
36 38
33 48
10 40
2 4
28 57
13 38
5 7
31 54

0 1
1 2
2 3
3 4
4 5
5 6
6 7
7 8
8 9
9 10
10 11
11 12
12 13
13 14
14 15
15 16
16 17
17 18
18 19
19 20
20 21
21 22
22 23
23 24
24 25
25 26
26 27
27 28
28 29
29 30
30 31
31 32
32 33
33 34
34 35
35 36
36 37
37 38
38 39
39 40
40 41
41 42
42 43
43 44
44 45
45 46
46 47
47 48
48 49
49 50
50 51
51 52
52 53
53 54
54 55
55 56
56 57
57 58
58 59
59 0
1 35
36 54
2 35
40 43
25 46
23 57
39 47
13 18
12 35
14 34
31 42
16 29
32 38
15 17
3 58
3 5
6 9
36 48
20 28
23 47
29 46
13 22
28 46
7 57
20 26
39 44
30 34
50 55
37 48
35 58
12 23
20 23
43 46
15 34
5 57
49 57
30 33
20 29
49 56
31 46
51 55
56 58
6 11
12 57
32 41
2 5
54 56
48 54
5 12
4 58
13 17
13 23
48 57
34 37
38 40
12 14
7 11
49 51
0 35
6 10
32 40
25 28
13 20
17 20
51 54
13 19
29 34
14 35
37 39
39 46
2 12
25 27
36 58
36 56
47 57
5 11
33 38
32 42
40 42
14 17
37 47
4 57
1 3
0 3
20 27
24 46
3 59
6 57
31 43
20 24
51 53
16 34
6 8
23 46
39 45
9 11
43 45
20 25
7 12
53 55
16 20
7 9
34 38
34 36
20 22
31 33
52 55
30 46
50 56
18 20
13 21
39 43
0 58
