0 1
1 2
2 3
3 4
4 5
5 6
6 7
7 8
8 9
9 10
10 11
11 12
12 13
13 14
14 15
15 16
16 17
17 18
18 19
19 20
20 21
21 22
22 23
23 24
24 25
25 26
26 27
27 28
28 29
29 30
30 31
31 32
32 33
33 34
34 35
35 36
36 37
37 38
38 39
39 40
40 41
41 42
42 43
43 44
44 45
45 46
46 47
47 48
48 49
49 50
50 51
51 52
52 53
53 54
54 55
55 56
56 57
57 58
58 59
59 0
23 56
4 7
21 26
26 31
28 30
34 49
12 20
5 58
13 49
1 55
31 36
7 23
18 44
32 55
37 41
25 56
4 54
19 42
19 38
34 42
9 54
31 38
13 16
12 50
19 44
19 43
19 27
11 22
42 45
3 54
0 2
13 20
37 39
39 41
22 26
14 17
10 22
2 59
32 54
7 56
26 28
26 32
7 22
6 57
12 21
45 47
13 44
27 29
38 41
9 50
14 16
13 50
44 46
3 55
6 58
26 55
13 17
33 54
49 54
34 37
27 38
7 54
17 44
49 53
34 47
31 37
30 38
46 49
2 58
37 40
44 49
56 58
16 44
34 54
0 56
10 50
11 50
31 34
13 19
26 56
8 54
42 47
3 5
9 53
20 26
9 51
8 22
42 44
9 52
8 10
23 25
49 51
1 3
11 21
23 26
56 59
13 15
35 37
4 6
19 41
24 56
13 18
49 52
0 55
2 5
7 57
26 30
19 26
32 34
34 48
31 35
27 30
46 48
37 42
0 1
1 2
2 3
3 4
4 5
5 6
6 7
7 8
8 9
9 10
10 11
11 12
12 13
13 14
14 15
15 16
16 17
17 18
18 19
19 20
20 21
21 22
22 23
23 24
24 25
25 26
26 27
27 28
28 29
29 30
30 31
31 32
32 33
33 34
34 35
35 36
36 37
37 38
38 39
39 40
40 41
41 42
42 43
43 44
44 45
45 46
46 47
47 48
48 49
49 50
50 51
51 52
52 53
53 54
54 55
55 56
56 57
57 58
58 59
59 0
46 56
22 59
15 43
43 51
42 56
1 22
52 55
8 21
12 51
16 24
0 58
22 29
4 53
8 17
9 14
5 53
35 39
2 53
48 50
43 56
25 41
38 59
41 59
1 5
14 43
18 20
25 28
33 37
37 59
1 53
17 19
31 40
44 51
29 40
29 41
47 52
11 13
19 24
41 58
10 52
18 21
38 40
1 57
5 22
16 19
15 41
45 56
47 49
46 50
7 53
21 23
52 54
29 59
41 57
34 36
47 55
30 59
8 14
5 8
12 43
20 24
5 21
2 4
26 29
24 41
30 37
41 43
5 7
40 59
22 25
50 52
30 40
1 59
48 52
36 39
1 54
8 53
46 51
34 39
22 24
1 56
10 53
15 24
20 23
12 14
10 14
11 51
26 41
47 56
15 17
8 18
34 40
31 33
45 51
10 51
32 40
3 53
11 14
44 56
41 56
25 29
8 15
47 50
6 53
30 33
36 38
25 27
54 56
1 4
33 40
0 57
33 36
