0 1
1 2
2 3
3 4
4 5
5 6
6 7
7 8
8 9
9 10
10 11
11 12
12 13
13 14
14 15
15 16
16 17
17 18
18 19
19 20
20 21
21 22
22 23
23 24
24 25
25 26
26 27
27 28
28 29
29 30
30 31
31 32
32 33
33 34
34 35
35 36
36 37
37 38
38 39
39 40
40 41
41 42
42 43
43 44
44 45
45 46
46 47
47 48
48 49
49 50
50 51
51 52
52 53
53 54
54 55
55 56
56 57
57 58
58 59
59 0
47 55
2 4
14 40
30 39
42 52
43 56
27 58
10 54
8 13
42 45
25 31
14 41
17 26
25 39
42 56
13 16
20 40
25 36
5 16
1 27
41 57
1 6
46 52
20 24
10 55
44 55
46 48
13 54
15 40
1 58
2 5
28 40
16 19
7 16
57 59
17 23
41 53
25 30
19 21
31 36
32 39
0 10
34 37
1 5
13 53
0 55
46 51
41 56
28 57
29 39
18 22
27 29
47 54
42 46
17 19
44 46
33 35
10 13
17 27
0 9
28 58
15 19
18 23
1 3
47 50
2 27
8 11
28 39
48 50
22 24
10 12
3 5
14 53
32 38
6 9
37 39
48 51
0 58
31 33
2 16
30 32
25 40
25 27
13 15
47 49
31 35
23 25
32 37
8 16
42 53
18 21
1 9
19 40
25 29
36 39
47 53
46 55
32 34
42 44
21 24
9 11
24 40
2 17
11 13
56 59
35 37
47 51
43 55
40 57
6 16
55 59
6 8
17 25
47 52

0 1
1 2
2 3
3 4
4 5
5 6
6 7
7 8
8 9
9 10
10 11
11 12
12 13
13 14
14 15
15 16
16 17
17 18
18 19
19 20
20 21
21 22
22 23
23 24
24 25
25 26
26 27
27 28
28 29
29 30
30 31
31 32
32 33
33 34
34 35
35 36
36 37
37 38
38 39
39 40
40 41
41 42
42 43
43 44
44 45
45 46
46 47
47 48
48 49
49 50
50 51
51 52
52 53
53 54
54 55
55 56
56 57
57 58
58 59
59 0
50 56
6 12
42 49
28 37
42 54
48 56
34 44
4 56
15 26
34 40
42 57
4 17
9 58
36 38
38 40
4 27
28 30
31 46
47 56
4 28
19 23
28 38
29 37
33 37
41 44
38 58
18 26
0 56
3 7
34 41
28 56
3 58
40 42
13 58
15 58
34 38
18 27
50 54
54 57
52 56
26 28
30 37
39 58
50 53
4 7
31 34
19 22
4 13
19 27
20 26
3 59
45 48
31 56
15 17
16 26
42 58
55 57
53 56
18 25
6 11
5 12
42 50
4 15
0 3
23 26
42 48
18 24
43 45
4 6
50 52
20 23
4 12
34 36
3 56
19 26
21 23
51 56
3 8
9 13
31 47
19 24
7 11
31 44
53 55
4 18
15 38
9 12
49 56
7 9
33 36
35 38
43 48
30 56
40 58
3 9
31 37
0 2
14 58
1 59
2 59
24 26
15 28
20 22
56 58
7 10
45 47
16 18
41 43
4 14
31 45
