0 1
1 2
2 3
3 4
4 5
5 6
6 7
7 8
8 9
9 10
10 11
11 12
12 13
13 14
14 15
15 16
16 17
17 18
18 19
19 20
20 21
21 22
22 23
23 24
24 25
25 26
26 27
27 28
28 29
29 30
30 31
31 32
32 33
33 34
34 35
35 36
36 37
37 38
38 39
39 40
40 41
41 42
42 43
43 44
44 45
45 46
46 47
47 48
48 49
49 50
50 51
51 52
52 53
53 54
54 55
55 56
56 57
57 58
58 59
59 0
0 43
37 58
22 28
12 22
20 24
23 26
6 12
13 42
19 42
8 58
21 23
30 58
35 39
29 33
35 37
45 48
25 39
48 52
41 58
53 58
42 50
48 53
35 58
45 55
5 7
7 58
43 58
25 42
8 30
0 42
3 12
11 28
27 35
38 58
3 6
4 6
40 42
10 30
13 20
15 18
29 34
31 33
28 34
2 4
41 52
1 59
32 35
43 50
0 13
9 30
18 42
44 57
43 45
2 58
44 56
20 22
6 11
26 35
55 57
39 41
11 30
26 28
14 16
43 59
25 40
43 49
41 53
24 26
13 18
29 31
31 35
13 15
16 20
0 2
33 35
46 53
44 58
0 3
4 58
36 39
43 48
17 19
45 56
23 28
8 10
47 53
53 57
45 47
19 25
41 51
45 53
12 28
6 10
7 10
48 51
53 55
21 24
13 16
16 18
27 34
25 35
1 58
37 39
49 51
17 20
19 24
3 13
11 29
41 50
39 58
12 20
45 54
5 58
30 35
0 1
1 2
2 3
3 4
4 5
5 6
6 7
7 8
8 9
9 10
10 11
11 12
12 13
13 14
14 15
15 16
16 17
17 18
18 19
19 20
20 21
21 22
22 23
23 24
24 25
25 26
26 27
27 28
28 29
29 30
30 31
31 32
32 33
33 34
34 35
35 36
36 37
37 38
38 39
39 40
40 41
41 42
42 43
43 44
44 45
45 46
46 47
47 48
48 49
49 50
50 51
51 52
52 53
53 54
54 55
55 56
56 57
57 58
58 59
59 0
11 45
7 38
13 36
48 55
15 25
0 52
33 42
5 48
14 42
21 25
42 45
49 53
46 52
2 57
24 27
47 50
34 39
11 43
25 31
15 27
36 38
8 36
42 48
0 10
2 56
0 5
0 55
14 35
17 21
15 34
29 32
23 25
5 38
47 52
17 27
33 39
6 8
21 27
19 27
51 53
0 58
56 59
4 56
11 44
55 59
19 21
10 13
10 45
10 36
5 39
56 58
27 32
22 24
5 55
16 21
3 56
15 35
32 42
5 40
7 36
5 56
14 25
50 52
26 29
11 14
14 36
15 32
18 27
11 13
48 50
0 45
0 6
28 32
5 42
16 25
0 4
1 4
10 12
50 53
0 46
16 27
30 32
0 9
34 37
52 54
1 57
20 27
5 41
33 41
25 29
42 46
18 21
25 27
22 27
11 42
49 54
15 33
0 57
9 36
42 44
25 32
49 55
22 25
52 55
46 48
1 3
14 32
34 36
25 30
34 38
0 8
33 40
6 38
27 29
