0 1
1 2
2 3
3 4
4 5
5 6
6 7
7 8
8 9
9 10
10 11
11 12
12 13
13 14
14 15
15 16
16 17
17 18
18 19
19 20
20 21
21 22
22 23
23 24
24 25
25 26
26 27
27 28
28 29
29 30
30 31
31 32
32 33
33 34
34 35
35 36
36 37
37 38
38 39
39 40
40 41
41 42
42 43
43 44
44 45
45 46
46 47
47 48
48 49
49 50
50 51
51 52
52 53
53 54
54 55
55 56
56 57
57 58
58 59
59 0
7 55
18 56
41 43
28 31
10 49
11 58
12 25
20 31
20 25
31 44
18 22
8 55
51 56
7 10
33 49
11 47
32 44
11 28
39 47
3 57
31 45
19 49
43 47
34 47
28 45
33 42
13 22
1 58
2 4
26 29
26 28
9 54
5 55
15 58
51 53
0 10
21 23
38 47
50 54
18 58
21 25
49 54
33 37
5 57
32 43
12 24
1 5
16 58
10 48
44 47
17 58
34 49
41 47
32 42
20 22
52 55
47 49
49 56
18 57
0 58
40 42
40 47
1 10
20 33
2 58
18 49
52 56
13 15
11 26
13 18
11 15
11 14
29 31
12 23
13 23
55 57
44 46
1 4
33 35
10 58
38 40
33 40
12 26
12 14
6 10
9 55
33 36
19 33
6 55
18 20
20 26
53 55
7 9
34 37
45 47
20 30
28 47
23 25
34 38
15 18
35 37
20 29
16 18
1 6
4 57
49 51
51 54
11 27
3 58
33 38
10 47
31 33
10 54
1 59
0 1
1 2
2 3
3 4
4 5
5 6
6 7
7 8
8 9
9 10
10 11
11 12
12 13
13 14
14 15
15 16
16 17
17 18
18 19
19 20
20 21
21 22
22 23
23 24
24 25
25 26
26 27
27 28
28 29
29 30
30 31
31 32
32 33
33 34
34 35
35 36
36 37
37 38
38 39
39 40
40 41
41 42
42 43
43 44
44 45
45 46
46 47
47 48
48 49
49 50
50 51
51 52
52 53
53 54
54 55
55 56
56 57
57 58
58 59
59 0
14 53
28 34
31 52
34 52
23 49
39 41
18 27
21 54
22 53
41 49
6 57
5 58
15 27
21 59
5 10
10 18
18 21
13 17
27 34
10 55
12 18
43 45
36 52
39 46
1 20
4 58
37 49
14 16
2 18
25 38
24 48
10 57
32 34
14 55
56 58
40 43
24 27
22 54
24 47
35 38
27 35
22 52
27 30
40 45
15 30
37 41
23 51
55 58
37 39
24 26
24 39
46 49
30 53
41 45
16 27
0 2
27 38
13 55
29 32
25 27
6 8
0 3
2 19
4 59
36 51
46 48
7 57
40 44
54 58
23 48
41 46
29 33
1 19
12 17
30 52
6 58
2 5
19 21
11 13
3 5
11 55
27 29
36 49
20 59
24 38
21 27
3 59
14 30
40 46
32 52
8 57
22 51
14 17
6 9
21 58
9 57
2 10
17 27
5 9
28 33
30 32
14 54
10 56
22 27
36 38
0 20
22 24
42 45
36 50
35 52
11 18
24 46
23 50
