0 1
1 2
2 3
3 4
4 5
5 6
6 7
7 8
8 9
9 10
10 11
11 12
12 13
13 14
14 15
15 16
16 17
17 18
18 19
19 20
20 21
21 22
22 23
23 24
24 25
25 26
26 27
27 28
28 29
29 30
30 31
31 32
32 33
33 34
34 35
35 36
36 37
37 38
38 39
39 40
40 41
41 42
42 43
43 44
44 45
45 46
46 47
47 48
48 49
49 50
50 51
51 52
52 53
53 54
54 55
55 56
56 57
57 58
58 59
59 0
3 20
8 59
13 28
20 58
10 56
39 57
4 8
12 18
10 34
33 58
13 19
45 49
41 43
40 55
5 11
10 55
37 51
23 58
25 58
11 34
4 7
41 53
20 24
37 42
26 58
35 58
8 57
29 32
2 59
13 24
37 53
40 54
11 29
35 57
29 34
28 58
1 3
19 24
6 11
37 43
22 24
40 42
41 48
6 8
14 16
48 50
41 51
48 51
25 27
12 19
43 51
0 2
24 58
35 53
10 53
41 54
57 59
39 56
32 58
33 35
4 12
41 52
16 18
35 38
14 17
1 20
28 32
49 51
10 57
15 19
29 33
22 58
9 57
9 11
46 49
35 37
13 17
12 20
37 52
5 12
45 47
4 6
13 29
26 28
2 8
43 45
12 29
38 40
34 53
0 58
35 39
41 44
41 45
29 31
25 28
28 30
45 48
21 58
21 24
0 20
24 28
15 18
8 11
4 20
40 56
13 15
36 53
10 54
38 42
45 51
12 17
28 31
46 48
2 4

0 1
1 2
2 3
3 4
4 5
5 6
6 7
7 8
8 9
9 10
10 11
11 12
12 13
13 14
14 15
15 16
16 17
17 18
18 19
19 20
20 21
21 22
22 23
23 24
24 25
25 26
26 27
27 28
28 29
29 30
30 31
31 32
32 33
33 34
34 35
35 36
36 37
37 38
38 39
39 40
40 41
41 42
42 43
43 44
44 45
45 46
46 47
47 48
48 49
49 50
50 51
51 52
52 53
53 54
54 55
55 56
56 57
57 58
58 59
59 0
6 27
36 54
5 54
40 58
7 36
47 56
40 52
16 29
19 28
54 56
0 28
10 24
34 38
41 56
15 30
32 35
14 31
2 6
14 30
8 24
23 26
50 52
18 20
1 59
34 39
15 22
18 28
43 56
40 48
54 58
0 30
37 39
53 56
30 59
1 58
10 12
19 22
0 6
39 52
37 54
34 59
23 28
40 49
20 22
7 12
23 25
44 48
42 56
1 4
40 51
3 6
6 26
31 34
16 22
47 52
43 47
17 20
6 24
34 36
11 24
16 30
55 58
16 28
4 54
48 52
11 22
22 28
14 35
36 38
0 27
17 21
40 57
39 53
40 59
12 15
47 53
39 54
40 43
5 7
1 54
11 23
5 36
7 35
16 21
39 59
40 44
56 58
7 13
44 46
7 10
8 10
43 46
14 32
13 35
32 34
12 22
1 6
31 59
31 33
23 27
6 25
44 47
17 28
3 5
49 52
0 29
12 14
9 24
41 57
40 50
7 24
