0 1
1 2
2 3
3 4
4 5
5 6
6 7
7 8
8 9
9 10
10 11
11 12
12 13
13 14
14 15
15 16
16 17
17 18
18 19
19 20
20 21
21 22
22 23
23 24
24 25
25 26
26 27
27 28
28 29
29 30
30 31
31 32
32 33
33 34
34 35
35 36
36 37
37 38
38 39
39 40
40 41
41 42
42 43
43 44
44 45
45 46
46 47
47 48
48 49
49 50
50 51
51 52
52 53
53 54
54 55
55 56
56 57
57 58
58 59
59 0
36 43
32 59
34 46
8 31
27 40
27 46
4 18
23 51
27 49
1 5
11 23
34 43
7 16
23 58
8 25
32 49
3 18
16 23
40 43
20 22
3 21
1 31
26 30
32 39
3 23
1 58
17 22
1 23
9 11
8 24
27 48
49 52
1 7
8 26
29 39
9 15
19 22
23 50
12 16
46 48
51 53
43 45
26 28
39 42
7 9
40 46
32 48
6 16
18 20
4 17
49 57
54 56
25 27
11 16
9 13
27 39
17 23
33 36
31 59
17 19
33 39
36 38
40 45
32 58
31 39
29 31
33 38
8 30
34 47
1 59
43 46
37 39
50 52
25 50
53 58
10 12
34 48
28 39
18 21
9 24
52 56
40 42
53 55
0 58
39 41
49 58
13 15
21 23
5 16
35 43
1 3
34 36
24 50
51 58
2 4
9 23
14 16
10 13
12 14
7 31
25 49
39 43
52 55
28 30
5 7
1 4
40 44
49 56
7 15
4 16
54 58
56 58
37 43
33 48

0 1
1 2
2 3
3 4
4 5
5 6
6 7
7 8
8 9
9 10
10 11
11 12
12 13
13 14
14 15
15 16
16 17
17 18
18 19
19 20
20 21
21 22
22 23
23 24
24 25
25 26
26 27
27 28
28 29
29 30
30 31
31 32
32 33
33 34
34 35
35 36
36 37
37 38
38 39
39 40
40 41
41 42
42 43
43 44
44 45
45 46
46 47
47 48
48 49
49 50
50 51
51 52
52 53
53 54
54 55
55 56
56 57
57 58
58 59
59 0
34 57
22 59
44 58
30 59
4 40
32 34
16 27
23 27
4 31
39 51
25 59
6 9
38 54
39 49
45 50
10 16
3 6
6 29
10 19
32 36
9 22
40 58
31 37
26 59
0 6
44 51
44 48
0 22
41 44
2 40
6 8
27 59
10 17
14 17
15 17
42 58
0 3
8 22
11 13
9 27
9 21
34 59
30 34
22 27
39 52
44 46
38 40
0 8
45 49
35 38
6 27
39 54
17 21
42 44
39 50
31 36
3 40
34 56
3 5
23 59
0 2
0 40
31 38
13 16
41 43
24 59
44 50
38 55
11 17
11 14
10 27
16 21
40 48
21 27
30 33
23 26
35 55
9 19
41 48
52 54
53 57
31 40
45 48
40 59
27 29
0 7
40 49
52 58
32 35
53 56
41 58
5 30
34 58
28 59
4 30
44 52
23 25
52 57
30 32
29 59
10 18
17 20
35 56
44 47
9 20
35 37
1 40
5 29
45 47
