0 1
1 2
2 3
3 4
4 5
5 6
6 7
7 8
8 9
9 10
10 11
11 12
12 13
13 14
14 15
15 16
16 17
17 18
18 19
19 20
20 21
21 22
22 23
23 24
24 25
25 26
26 27
27 28
28 29
29 30
30 31
31 32
32 33
33 34
34 35
35 36
36 37
37 38
38 39
39 40
40 41
41 42
42 43
43 44
44 45
45 46
46 47
47 48
48 49
49 50
50 51
51 52
52 53
53 54
54 55
55 56
56 57
57 58
58 59
59 0
37 48
24 55
35 52
11 51
22 51
36 47
19 24
28 52
7 13
4 52
25 32
38 44
38 46
16 55
14 51
15 57
15 55
14 22
2 52
30 33
28 31
3 6
6 9
0 3
25 51
36 40
3 58
4 6
5 9
18 22
1 56
15 17
24 26
3 13
24 54
27 54
5 52
1 59
31 33
41 43
14 57
33 35
28 33
10 13
33 36
28 35
11 13
2 55
36 41
21 24
25 47
48 51
32 36
23 25
49 51
44 47
1 3
36 44
27 32
29 31
3 52
47 49
28 53
41 44
14 18
13 51
15 18
20 24
28 54
37 47
18 55
52 54
5 11
36 39
26 54
37 39
38 42
9 11
3 7
23 51
56 59
19 22
12 51
5 51
22 24
38 40
38 43
38 45
17 55
25 49
26 32
35 48
28 32
34 36
38 47
19 55
48 52
45 47
14 58
19 21
28 30
48 50
1 55
6 8
36 48
0 58
52 55
8 13
40 42
25 36
57 59
8 10
13 58
15 56
0 1
1 2
2 3
3 4
4 5
5 6
6 7
7 8
8 9
9 10
10 11
11 12
12 13
13 14
14 15
15 16
16 17
17 18
18 19
19 20
20 21
21 22
22 23
23 24
24 25
25 26
26 27
27 28
28 29
29 30
30 31
31 32
32 33
33 34
34 35
35 36
36 37
37 38
38 39
39 40
40 41
41 42
42 43
43 44
44 45
45 46
46 47
47 48
48 49
49 50
50 51
51 52
52 53
53 54
54 55
55 56
56 57
57 58
58 59
59 0
32 50
45 51
26 58
19 54
41 47
25 45
27 29
19 57
3 18
28 38
30 56
3 15
5 19
30 37
12 17
22 53
35 40
34 49
26 39
39 45
29 38
27 30
20 53
19 56
5 26
41 48
46 51
3 17
53 55
30 36
0 18
32 35
30 35
5 10
10 14
56 58
14 17
4 58
32 52
42 46
53 56
20 54
20 25
27 39
26 30
9 12
23 45
50 52
9 17
35 41
47 50
30 58
7 19
39 41
35 37
30 38
4 26
4 59
10 12
39 43
30 53
43 45
7 18
7 10
51 53
0 4
21 23
20 22
11 14
39 44
43 46
46 50
41 46
32 53
33 49
12 14
28 39
19 59
31 35
32 49
14 16
39 42
6 19
5 15
22 45
2 18
35 38
0 2
18 59
45 53
4 15
19 58
10 15
5 7
7 9
34 41
13 17
7 17
32 34
3 16
20 26
54 56
19 26
1 4
30 32
20 23
41 49
35 39
24 45
2 4
25 39
8 17
