0 1
1 2
2 3
3 4
4 5
5 6
6 7
7 8
8 9
9 10
10 11
11 12
12 13
13 14
14 15
15 16
16 17
17 18
18 19
19 20
20 21
21 22
22 23
23 24
24 25
25 26
26 27
27 28
28 29
29 30
30 31
31 32
32 33
33 34
34 35
35 36
36 37
37 38
38 39
39 40
40 41
41 42
42 43
43 44
44 45
45 46
46 47
47 48
48 49
49 50
50 51
51 52
52 53
53 54
54 55
55 56
56 57
57 58
58 59
59 0
35 51
31 36
30 56
27 57
2 9
22 25
18 33
19 28
11 55
42 50
17 52
0 25
15 54
42 49
30 37
36 51
19 27
3 13
1 14
36 39
1 22
43 49
39 51
38 55
2 56
1 59
16 21
1 13
22 24
20 25
42 54
18 30
45 52
27 58
17 53
18 21
26 59
9 12
44 48
4 8
2 11
37 55
17 21
32 34
18 20
30 55
39 41
44 49
1 3
20 22
42 51
3 12
12 15
2 6
32 36
7 9
13 15
15 22
33 52
25 59
29 57
48 51
44 46
18 29
15 21
4 6
31 33
46 52
43 53
38 40
1 24
37 39
40 42
33 51
2 5
17 33
6 8
42 55
20 26
2 55
41 51
4 9
31 37
2 57
4 12
15 17
38 42
2 58
12 54
26 58
44 47
32 35
6 9
49 51
10 12
28 57
47 52
43 52
30 33
1 25
12 55
1 15
47 51
1 58
3 5
18 28
30 57
19 26
33 35
43 45
17 54
2 10
23 25
43 54
0 1
1 2
2 3
3 4
4 5
5 6
6 7
7 8
8 9
9 10
10 11
11 12
12 13
13 14
14 15
15 16
16 17
17 18
18 19
19 20
20 21
21 22
22 23
23 24
24 25
25 26
26 27
27 28
28 29
29 30
30 31
31 32
32 33
33 34
34 35
35 36
36 37
37 38
38 39
39 40
40 41
41 42
42 43
43 44
44 45
45 46
46 47
47 48
48 49
49 50
50 51
51 52
52 53
53 54
54 55
55 56
56 57
57 58
58 59
59 0
36 58
25 50
0 32
24 51
7 12
11 57
14 28
28 37
3 58
23 53
3 28
43 50
28 33
39 52
0 36
39 56
14 53
36 57
28 36
17 27
40 50
26 38
3 31
55 57
22 53
46 49
12 57
16 18
24 53
1 31
4 13
7 58
40 44
19 53
21 23
25 40
28 32
53 57
54 57
3 7
24 27
17 20
52 54
19 21
2 31
46 50
8 12
39 49
17 24
26 40
36 56
36 59
45 47
39 55
25 27
20 23
0 3
14 57
33 36
12 14
39 47
0 58
29 32
26 37
0 31
46 48
14 18
6 13
16 27
41 44
16 28
10 57
39 54
3 14
51 53
19 22
6 12
50 52
4 14
8 57
18 53
17 19
15 18
9 57
5 13
20 24
49 52
8 10
45 50
3 29
40 43
0 34
41 43
26 39
38 56
8 11
5 7
42 44
0 2
8 58
47 49
44 50
40 47
3 30
26 28
29 31
36 38
0 33
25 51
15 28
34 36
4 7
40 45
0 35
