0 1
1 2
2 3
3 4
4 5
5 6
6 7
7 8
8 9
9 10
10 11
11 12
12 13
13 14
14 15
15 16
16 17
17 18
18 19
19 20
20 21
21 22
22 23
23 24
24 25
25 26
26 27
27 28
28 29
29 30
30 31
31 32
32 33
33 34
34 35
35 36
36 37
37 38
38 39
39 40
40 41
41 42
42 43
43 44
44 45
45 46
46 47
47 48
48 49
49 50
50 51
51 52
52 53
53 54
54 55
55 56
56 57
57 58
58 59
59 0
16 55
57 59
33 59
0 23
27 37
25 43
23 48
37 44
38 42
36 45
34 59
24 44
27 59
21 52
2 59
10 59
5 12
47 59
14 23
24 47
32 34
10 12
15 22
2 10
26 42
27 41
50 56
15 55
25 59
20 55
13 15
49 58
15 20
37 41
23 52
30 59
24 46
39 42
4 6
24 48
3 12
51 54
21 53
23 25
4 8
36 59
2 4
32 37
48 58
44 46
31 59
28 30
25 44
1 12
8 11
12 55
12 57
50 58
30 37
51 55
17 20
42 44
36 46
53 55
27 30
32 36
48 51
15 17
16 18
5 11
2 12
3 5
36 44
38 41
30 32
29 37
18 55
0 14
0 12
51 56
34 36
31 33
48 50
26 59
22 52
48 52
25 42
9 11
55 57
51 53
21 55
8 10
27 29
5 8
14 22
15 21
48 59
38 40
40 42
17 19
10 57
32 35
50 57
38 44
36 47
5 7
12 14
6 8
26 41
4 10
1 59
23 59
13 55
18 20

0 1
1 2
2 3
3 4
4 5
5 6
6 7
7 8
8 9
9 10
10 11
11 12
12 13
13 14
14 15
15 16
16 17
17 18
18 19
19 20
20 21
21 22
22 23
23 24
24 25
25 26
26 27
27 28
28 29
29 30
30 31
31 32
32 33
33 34
34 35
35 36
36 37
37 38
38 39
39 40
40 41
41 42
42 43
43 44
44 45
45 46
46 47
47 48
48 49
49 50
50 51
51 52
52 53
53 54
54 55
55 56
56 57
57 58
58 59
59 0
6 21
1 55
22 46
13 41
5 59
5 45
26 32
21 40
30 42
50 52
9 45
52 54
8 15
0 56
54 57
2 46
25 37
49 54
23 38
37 42
46 53
22 57
35 42
14 19
23 26
41 45
13 20
14 17
13 45
3 45
6 45
14 20
39 41
22 44
25 35
18 21
50 53
5 21
41 44
29 43
47 53
8 21
23 37
0 57
29 32
30 34
12 15
23 29
22 58
53 57
10 13
33 35
23 43
9 15
17 21
22 38
2 55
9 13
30 43
0 2
47 55
25 36
29 31
26 28
7 21
20 40
35 37
2 45
37 39
26 33
25 33
21 38
4 59
13 40
21 58
47 54
23 44
22 53
11 15
34 42
14 16
6 9
27 32
49 51
41 43
49 52
8 17
46 55
14 18
0 4
8 16
0 55
21 59
22 45
48 54
0 3
21 39
23 28
47 49
31 34
24 26
19 21
49 53
54 56
24 37
0 58
10 15
7 9
4 45
28 32
11 13
