0 1
1 2
2 3
3 4
4 5
5 6
6 7
7 8
8 9
9 10
10 11
11 12
12 13
13 14
14 15
15 16
16 17
17 18
18 19
19 20
20 21
21 22
22 23
23 24
24 25
25 26
26 27
27 28
28 29
29 30
30 31
31 32
32 33
33 34
34 35
35 36
36 37
37 38
38 39
39 40
40 41
41 42
42 43
43 44
44 45
45 46
46 47
47 48
48 49
49 50
50 51
51 52
52 53
53 54
54 55
55 56
56 57
57 58
58 59
59 0
5 16
35 37
29 38
43 51
42 50
17 59
38 53
14 22
5 13
17 34
8 55
4 57
36 56
31 37
42 48
26 53
12 14
57 59
26 54
29 32
17 25
46 49
25 27
12 26
29 51
4 56
31 33
27 52
21 23
11 54
20 24
6 56
15 21
45 49
34 56
38 50
40 52
1 16
29 52
45 47
16 18
31 35
39 41
10 54
0 57
30 38
17 20
0 17
38 52
42 51
14 25
7 11
25 33
34 59
41 51
5 12
43 48
37 55
8 56
39 42
6 11
34 57
22 24
39 52
25 29
3 16
25 32
22 25
4 16
14 26
7 9
44 50
5 56
27 29
25 28
21 24
1 17
5 14
34 58
37 54
7 10
47 49
6 12
34 36
15 20
17 33
44 47
37 53
31 38
2 4
29 50
48 50
1 57
15 18
43 50
39 50
33 35
15 22
17 24
2 16
40 51
15 19
8 10
43 47
45 50
1 4
6 8
11 26
29 31
27 53
10 55
5 15
37 56
18 20
0 1
1 2
2 3
3 4
4 5
5 6
6 7
7 8
8 9
9 10
10 11
11 12
12 13
13 14
14 15
15 16
16 17
17 18
18 19
19 20
20 21
21 22
22 23
23 24
24 25
25 26
26 27
27 28
28 29
29 30
30 31
31 32
32 33
33 34
34 35
35 36
36 37
37 38
38 39
39 40
40 41
41 42
42 43
43 44
44 45
45 46
46 47
47 48
48 49
49 50
50 51
51 52
52 53
53 54
54 55
55 56
56 57
57 58
58 59
59 0
22 57
22 53
17 53
33 54
6 9
4 18
12 56
39 48
26 30
32 56
28 53
28 47
34 52
5 9
23 31
34 39
35 41
28 34
34 37
54 56
1 7
2 59
14 56
39 45
49 53
33 53
22 56
34 51
0 11
23 26
0 2
23 28
32 34
0 9
28 46
10 16
22 58
2 58
10 18
18 53
0 12
48 51
13 15
1 9
5 7
41 45
51 53
34 38
44 46
34 53
23 25
3 19
15 56
24 31
30 34
34 43
5 18
34 46
5 10
10 15
25 31
42 45
16 53
12 15
2 22
35 43
3 18
16 55
20 53
3 21
35 40
32 54
1 5
29 34
36 40
31 34
28 48
21 53
56 59
43 45
36 38
36 39
0 10
48 53
26 29
49 51
34 48
11 15
56 58
23 27
23 56
19 21
3 22
23 53
16 56
23 32
46 48
13 56
43 46
2 5
26 31
3 5
50 53
16 54
35 42
0 56
10 17
19 53
45 48
40 45
1 8
26 28
