0 1
1 2
2 3
3 4
4 5
5 6
6 7
7 8
8 9
9 10
10 11
11 12
12 13
13 14
14 15
15 16
16 17
17 18
18 19
19 20
20 21
21 22
22 23
23 24
24 25
25 26
26 27
27 28
28 29
29 30
30 31
31 32
32 33
33 34
34 35
35 36
36 37
37 38
38 39
39 40
40 41
41 42
42 43
43 44
44 45
45 46
46 47
47 48
48 49
49 50
50 51
51 52
52 53
53 54
54 55
55 56
56 57
57 58
58 59
59 0
35 50
17 56
12 27
40 57
8 40
28 38
6 16
50 55
28 40
16 23
43 53
42 49
49 51
37 49
5 57
35 49
27 34
19 27
41 53
17 35
33 36
1 59
21 24
4 57
9 14
43 46
7 16
6 56
27 33
38 42
9 28
15 27
50 54
0 5
48 51
22 24
15 23
39 42
32 37
20 26
37 42
24 26
6 59
57 59
3 57
53 57
9 16
8 57
2 58
25 27
18 23
46 48
19 34
41 57
24 27
21 23
45 52
14 27
30 33
27 30
2 4
28 39
42 47
28 32
5 8
2 5
47 49
10 13
20 23
2 59
0 2
52 54
11 27
43 45
45 48
6 8
28 31
21 26
30 32
50 52
45 51
10 14
43 47
10 28
17 55
19 35
10 27
53 55
44 46
14 16
18 35
32 36
5 59
3 58
29 31
6 57
17 50
20 27
40 42
8 28
6 17
18 20
53 56
41 43
13 27
43 52
32 38
28 30
35 37
16 18
15 24
7 9
11 13
33 35

0 1
1 2
2 3
3 4
4 5
5 6
6 7
7 8
8 9
9 10
10 11
11 12
12 13
13 14
14 15
15 16
16 17
17 18
18 19
19 20
20 21
21 22
22 23
23 24
24 25
25 26
26 27
27 28
28 29
29 30
30 31
31 32
32 33
33 34
34 35
35 36
36 37
37 38
38 39
39 40
40 41
41 42
42 43
43 44
44 45
45 46
46 47
47 48
48 49
49 50
50 51
51 52
52 53
53 54
54 55
55 56
56 57
57 58
58 59
59 0
41 47
16 56
11 57
25 58
23 47
40 58
16 51
0 14
17 47
15 19
28 44
28 47
16 47
2 6
31 40
21 59
26 36
1 6
17 20
3 10
29 36
30 44
48 58
3 7
26 58
20 59
17 19
9 11
26 28
8 58
3 8
47 51
22 47
29 35
23 58
42 45
29 34
26 38
3 5
40 48
23 28
36 38
29 33
49 57
13 57
49 54
49 55
2 11
36 40
25 28
2 10
35 40
24 28
23 59
40 44
14 56
52 56
27 29
31 44
26 40
0 6
0 13
48 50
27 36
21 47
15 20
1 11
0 12
20 47
31 35
48 57
32 35
54 56
0 20
0 58
13 56
5 7
44 47
24 58
0 11
37 40
49 53
15 17
26 39
37 39
7 58
55 57
8 10
0 15
41 48
6 58
8 11
51 53
41 44
22 59
31 33
32 34
11 58
4 6
15 18
45 47
12 57
15 56
51 56
41 46
42 46
3 6
47 50
50 53
29 44
42 44
