0 1
1 2
2 3
3 4
4 5
5 6
6 7
7 8
8 9
9 10
10 11
11 12
12 13
13 14
14 15
15 16
16 17
17 18
18 19
19 20
20 21
21 22
22 23
23 24
24 25
25 26
26 27
27 28
28 29
29 30
30 31
31 32
32 33
33 34
34 35
35 36
36 37
37 38
38 39
39 40
40 41
41 42
42 43
43 44
44 45
45 46
46 47
47 48
48 49
49 50
50 51
51 52
52 53
53 54
54 55
55 56
56 57
57 58
58 59
59 0
0 8
3 51
29 56
26 48
31 46
38 44
31 49
10 59
31 53
24 59
36 43
18 23
3 26
38 42
16 24
28 36
10 18
12 59
30 54
8 18
35 38
12 15
3 23
11 17
3 52
4 8
28 56
32 44
28 31
16 18
8 22
15 59
12 14
36 42
43 46
48 51
49 51
1 58
11 13
53 58
42 44
44 46
18 24
28 59
28 32
4 7
11 18
21 23
8 59
35 44
43 45
5 8
54 56
2 8
26 43
31 51
31 54
32 35
38 40
6 8
20 22
3 8
34 44
54 57
11 16
8 10
28 35
39 41
4 6
18 22
3 53
8 23
37 40
33 35
26 36
30 55
30 56
35 37
32 34
11 15
54 58
3 25
27 36
19 22
26 46
46 48
19 21
23 25
16 59
9 18
4 23
7 23
56 59
19 23
24 26
26 47
29 31
26 59
0 58
40 42
57 59
1 53
38 41
31 48
2 53
51 53
13 15
37 42
0 2
27 59
3 48
31 50
11 59
32 46

0 1
1 2
2 3
3 4
4 5
5 6
6 7
7 8
8 9
9 10
10 11
11 12
12 13
13 14
14 15
15 16
16 17
17 18
18 19
19 20
20 21
21 22
22 23
23 24
24 25
25 26
26 27
27 28
28 29
29 30
30 31
31 32
32 33
33 34
34 35
35 36
36 37
37 38
38 39
39 40
40 41
41 42
42 43
43 44
44 45
45 46
46 47
47 48
48 49
49 50
50 51
51 52
52 53
53 54
54 55
55 56
56 57
57 58
58 59
59 0
40 47
30 35
1 54
25 50
45 47
38 43
6 27
24 58
40 50
25 46
27 54
37 45
33 45
3 12
41 43
9 16
9 23
29 50
40 48
3 27
13 19
6 9
29 46
12 58
28 46
50 56
23 58
43 47
20 58
32 45
52 55
36 39
9 22
7 9
9 21
27 46
25 49
6 23
37 43
33 36
24 27
37 39
41 47
28 50
28 53
37 44
6 12
0 54
29 32
29 45
1 3
30 40
14 19
55 58
22 58
5 27
34 36
9 12
16 20
0 3
3 6
36 45
3 5
9 11
14 18
25 56
10 12
39 43
9 20
8 11
31 34
25 27
2 54
42 47
30 34
7 11
19 58
35 39
0 55
9 14
6 24
14 17
12 19
3 58
55 57
48 50
27 53
52 56
2 27
52 54
44 47
24 57
4 27
17 19
50 53
21 58
46 49
16 19
40 43
29 40
35 40
31 33
15 17
7 12
50 52
47 49
55 59
24 56
3 59
51 56
9 15
30 32
9 13
