0 1
1 2
2 3
3 4
4 5
5 6
6 7
7 8
8 9
9 10
10 11
11 12
12 13
13 14
14 15
15 16
16 17
17 18
18 19
19 20
20 21
21 22
22 23
23 24
24 25
25 26
26 27
27 28
28 29
29 30
30 31
31 32
32 33
33 34
34 35
35 36
36 37
37 38
38 39
39 40
40 41
41 42
42 43
43 44
44 45
45 46
46 47
47 48
48 49
49 50
50 51
51 52
52 53
53 54
54 55
55 56
56 57
57 58
58 59
59 0
33 54
16 29
3 18
45 57
41 52
21 57
21 58
14 44
30 39
18 59
41 43
43 45
43 49
30 32
47 54
6 57
3 7
14 39
14 57
23 56
2 57
55 57
8 12
1 58
32 39
5 7
37 41
18 29
7 10
20 58
18 27
7 11
0 18
45 48
29 33
26 29
43 50
49 54
38 41
13 18
18 28
54 56
31 39
23 29
18 25
6 8
50 52
22 57
39 44
20 59
46 55
32 34
46 48
34 54
35 54
6 12
7 12
15 18
51 54
36 39
2 6
16 30
23 54
6 13
23 57
14 16
20 25
1 59
40 43
2 58
25 29
40 44
6 14
37 53
3 13
14 18
45 49
29 32
22 24
2 18
34 36
19 59
16 39
46 57
25 27
32 36
17 29
36 54
4 6
42 50
36 53
4 7
48 54
37 52
9 12
7 13
3 6
15 17
39 41
52 54
9 11
49 51
19 25
42 52
1 18
24 29
22 25
36 38
26 28
29 54
47 55
8 10
21 25
44 57
0 1
1 2
2 3
3 4
4 5
5 6
6 7
7 8
8 9
9 10
10 11
11 12
12 13
13 14
14 15
15 16
16 17
17 18
18 19
19 20
20 21
21 22
22 23
23 24
24 25
25 26
26 27
27 28
28 29
29 30
30 31
31 32
32 33
33 34
34 35
35 36
36 37
37 38
38 39
39 40
40 41
41 42
42 43
43 44
44 45
45 46
46 47
47 48
48 49
49 50
50 51
51 52
52 53
53 54
54 55
55 56
56 57
57 58
58 59
59 0
27 40
0 34
12 28
0 15
20 44
6 33
39 56
51 59
44 51
7 15
39 50
44 59
10 31
10 13
15 20
29 35
18 24
22 27
39 59
39 57
16 26
21 23
27 41
16 25
52 59
29 31
39 45
38 40
29 37
39 43
15 27
39 46
0 20
19 24
53 57
39 51
11 13
2 34
6 9
14 27
2 7
39 49
39 55
37 39
37 40
34 37
0 2
16 24
7 9
28 40
44 47
45 47
0 37
1 15
52 57
30 34
11 31
16 19
29 36
28 37
9 14
9 33
23 25
6 34
15 26
8 15
17 19
22 26
1 7
10 14
22 42
53 56
12 29
15 19
48 50
20 22
14 28
2 5
22 44
9 32
30 33
21 24
16 18
22 43
47 51
31 33
51 53
12 14
48 51
39 58
27 42
37 59
3 34
51 55
0 44
40 42
10 32
11 29
39 48
4 34
20 24
35 37
57 59
8 14
29 34
53 55
39 47
2 4
5 34
39 42
23 26
