0 1
1 2
2 3
3 4
4 5
5 6
6 7
7 8
8 9
9 10
10 11
11 12
12 13
13 14
14 15
15 16
16 17
17 18
18 19
19 20
20 21
21 22
22 23
23 24
24 25
25 26
26 27
27 28
28 29
29 30
30 31
31 32
32 33
33 34
34 35
35 36
36 37
37 38
38 39
39 40
40 41
41 42
42 43
43 44
44 45
45 46
46 47
47 48
48 49
49 50
50 51
51 52
52 53
53 54
54 55
55 56
56 57
57 58
58 59
59 0
11 13
13 27
47 55
44 52
22 56
43 47
44 53
2 9
8 58
18 58
13 41
49 51
13 31
0 53
14 17
47 53
10 15
19 25
23 27
21 57
27 30
9 12
0 5
29 43
35 37
2 7
21 58
20 25
45 48
20 23
10 16
29 39
0 6
34 37
53 57
0 42
6 8
6 58
29 55
33 38
3 5
30 33
20 22
11 14
39 42
29 38
33 36
40 42
13 18
31 38
28 55
32 38
30 37
53 55
0 4
1 13
50 53
19 21
2 13
2 5
17 58
0 3
43 55
15 17
28 56
13 30
48 50
51 53
27 29
19 26
22 27
10 12
0 41
45 52
9 17
43 46
22 28
44 46
13 26
13 39
54 57
42 44
57 59
0 58
8 17
30 38
48 53
45 49
30 32
11 15
29 42
9 13
14 18
20 24
13 19
49 52
34 36
0 44
5 7
19 58
9 16
34 38
0 2
2 8
53 59
45 47
22 57
1 41
24 27
24 26
33 37
13 40
31 39
54 56
0 1
1 2
2 3
3 4
4 5
5 6
6 7
7 8
8 9
9 10
10 11
11 12
12 13
13 14
14 15
15 16
16 17
17 18
18 19
19 20
20 21
21 22
22 23
23 24
24 25
25 26
26 27
27 28
28 29
29 30
30 31
31 32
32 33
33 34
34 35
35 36
36 37
37 38
38 39
39 40
40 41
41 42
42 43
43 44
44 45
45 46
46 47
47 48
48 49
49 50
50 51
51 52
52 53
53 54
54 55
55 56
56 57
57 58
58 59
59 0
6 9
5 56
4 8
33 54
9 38
34 53
2 12
39 52
16 59
34 43
10 17
31 57
40 44
31 37
39 49
20 26
17 21
39 47
16 18
28 58
18 26
10 27
39 51
3 59
46 53
17 26
31 36
28 57
35 39
32 55
26 58
10 26
48 52
12 15
46 52
5 58
40 43
14 59
2 14
48 51
6 56
33 53
34 46
38 52
32 57
52 56
34 41
44 47
22 26
16 26
13 15
36 39
2 10
16 58
31 33
43 45
22 25
22 24
1 14
11 16
53 56
4 10
39 48
38 56
10 38
32 56
4 59
10 28
3 10
33 35
7 9
1 3
40 47
0 14
26 28
18 20
23 26
35 41
17 23
28 38
46 48
29 31
9 56
33 55
17 22
15 59
34 42
4 9
28 37
4 7
34 45
39 50
35 40
31 35
18 21
36 38
11 17
41 43
12 14
2 11
56 58
12 16
28 31
4 6
5 59
21 26
1 59
30 57
29 57
23 25
