0 1
1 2
2 3
3 4
4 5
5 6
6 7
7 8
8 9
9 10
10 11
11 12
12 13
13 14
14 15
15 16
16 17
17 18
18 19
19 20
20 21
21 22
22 23
23 24
24 25
25 26
26 27
27 28
28 29
29 30
30 31
31 32
32 33
33 34
34 35
35 36
36 37
37 38
38 39
39 40
40 41
41 42
42 43
43 44
44 45
45 46
46 47
47 48
48 49
49 50
50 51
51 52
52 53
53 54
54 55
55 56
56 57
57 58
58 59
59 0
10 25
40 53
35 53
28 32
8 10
36 55
20 25
19 32
44 48
38 49
5 58
8 30
6 30
3 33
13 17
8 16
20 22
6 53
22 25
5 59
7 19
46 49
52 54
18 22
47 49
11 15
25 30
1 5
10 15
37 52
10 30
38 43
38 52
40 43
0 3
18 21
8 17
13 23
26 28
19 53
43 50
17 19
20 27
10 13
34 56
8 19
4 32
27 32
15 17
34 58
17 23
25 28
12 14
35 56
5 57
25 29
48 50
40 51
43 46
6 19
3 32
2 5
37 53
43 51
39 41
28 31
9 30
3 34
52 55
30 32
5 32
10 24
45 47
39 43
11 14
36 53
8 15
19 34
13 24
38 51
38 46
2 4
5 30
23 25
35 55
0 34
0 2
32 34
14 17
49 51
51 53
28 30
6 8
5 55
5 54
34 59
19 27
5 56
39 42
20 26
19 21
56 58
44 46
5 53
11 13
45 48
37 55
1 59
19 35
40 42
38 53
17 22
43 48
38 40

0 1
1 2
2 3
3 4
4 5
5 6
6 7
7 8
8 9
9 10
10 11
11 12
12 13
13 14
14 15
15 16
16 17
17 18
18 19
19 20
20 21
21 22
22 23
23 24
24 25
25 26
26 27
27 28
28 29
29 30
30 31
31 32
32 33
33 34
34 35
35 36
36 37
37 38
38 39
39 40
40 41
41 42
42 43
43 44
44 45
45 46
46 47
47 48
48 49
49 50
50 51
51 52
52 53
53 54
54 55
55 56
56 57
57 58
58 59
59 0
13 22
21 31
5 13
30 58
13 53
23 26
36 43
13 44
46 48
13 34
33 48
6 24
54 56
45 51
16 22
49 57
33 58
55 59
37 47
44 53
21 26
24 28
38 47
29 31
45 50
17 21
39 44
4 54
8 12
3 30
45 53
1 55
13 32
17 31
7 12
24 26
54 57
5 24
24 27
13 36
33 57
31 58
36 47
8 24
39 45
9 24
13 31
13 54
36 48
0 55
15 22
0 58
3 29
21 29
50 53
36 39
13 33
39 46
13 16
9 23
36 42
10 12
36 44
33 36
50 57
20 31
12 23
33 49
2 58
36 40
37 39
21 28
55 58
55 57
21 27
9 11
10 23
50 52
14 22
1 54
53 57
41 43
46 50
24 29
34 36
7 13
3 54
3 58
36 41
39 47
17 20
7 24
22 26
16 31
14 16
16 21
12 22
3 5
18 20
45 52
25 27
1 3
33 35
1 58
40 44
18 31
8 11
4 13
5 29
6 13
32 58
41 44
19 31
