0 1
1 2
2 3
3 4
4 5
5 6
6 7
7 8
8 9
9 10
10 11
11 12
12 13
13 14
14 15
15 16
16 17
17 18
18 19
19 20
20 21
21 22
22 23
23 24
24 25
25 26
26 27
27 28
28 29
29 30
30 31
31 32
32 33
33 34
34 35
35 36
36 37
37 38
38 39
39 40
40 41
41 42
42 43
43 44
44 45
45 46
46 47
47 48
48 49
49 50
50 51
51 52
52 53
53 54
54 55
55 56
56 57
57 58
58 59
59 0
20 25
4 59
10 19
50 56
1 10
34 56
33 53
19 28
9 57
48 51
44 47
14 55
11 59
6 10
15 26
42 56
33 37
19 57
30 53
0 4
10 13
37 51
34 40
46 50
10 14
10 18
39 44
41 56
1 11
38 44
8 59
29 54
36 38
49 51
15 29
28 31
31 34
54 56
7 10
17 24
7 9
19 24
35 40
20 26
12 56
4 10
21 24
51 56
12 14
20 28
39 43
31 33
40 56
56 59
42 45
39 42
5 10
19 22
14 17
29 53
9 19
14 54
16 25
19 21
38 51
33 52
46 48
46 56
35 37
28 57
2 10
15 25
51 54
39 41
17 19
15 27
20 24
38 48
20 27
27 29
43 45
31 57
44 46
14 56
10 12
14 18
1 59
33 35
52 54
9 59
38 40
34 57
4 7
1 4
1 3
44 48
32 34
31 53
7 59
3 10
45 56
22 24
33 51
35 38
48 50
4 6
11 56
15 54
19 23
16 24
15 17
56 58
28 30
9 58

0 1
1 2
2 3
3 4
4 5
5 6
6 7
7 8
8 9
9 10
10 11
11 12
12 13
13 14
14 15
15 16
16 17
17 18
18 19
19 20
20 21
21 22
22 23
23 24
24 25
25 26
26 27
27 28
28 29
29 30
30 31
31 32
32 33
33 34
34 35
35 36
36 37
37 38
38 39
39 40
40 41
41 42
42 43
43 44
44 45
45 46
46 47
47 48
48 49
49 50
50 51
51 52
52 53
53 54
54 55
55 56
56 57
57 58
58 59
59 0
16 28
16 47
34 45
30 37
14 59
4 44
20 43
0 5
4 14
4 13
16 57
28 40
35 45
28 47
17 23
0 2
23 41
28 41
29 45
0 56
17 26
3 55
31 37
45 54
50 55
37 39
19 44
48 57
18 20
29 33
49 53
40 42
36 43
34 37
15 57
16 18
3 44
51 55
3 54
29 46
22 42
14 19
29 38
24 41
14 57
10 59
27 41
16 27
48 53
47 57
2 56
29 34
50 52
49 55
37 43
15 18
20 23
23 25
7 11
32 37
0 10
0 9
11 13
28 38
49 52
5 9
6 13
49 57
17 27
3 56
29 32
37 40
55 57
11 14
21 43
23 26
1 56
47 54
53 55
46 54
47 53
37 42
0 57
4 19
0 3
30 38
36 44
20 44
3 45
36 45
9 11
5 8
52 55
5 7
21 23
8 11
28 46
3 5
6 11
6 12
34 36
5 13
17 20
23 42
14 58
24 27
57 59
24 26
21 42
29 31
15 19
28 39
