0 1
1 2
2 3
3 4
4 5
5 6
6 7
7 8
8 9
9 10
10 11
11 12
12 13
13 14
14 15
15 16
16 17
17 18
18 19
19 20
20 21
21 22
22 23
23 24
24 25
25 26
26 27
27 28
28 29
29 30
30 31
31 32
32 33
33 34
34 35
35 36
36 37
37 38
38 39
39 40
40 41
41 42
42 43
43 44
44 45
45 46
46 47
47 48
48 49
49 50
50 51
51 52
52 53
53 54
54 55
55 56
56 57
57 58
58 59
59 0
45 47
13 48
15 37
32 49
2 59
50 52
22 49
0 15
0 12
15 30
19 21
13 58
5 58
34 47
43 45
16 50
2 7
18 29
15 18
15 39
29 49
48 56
0 56
32 35
25 27
23 29
2 11
33 49
44 48
20 27
39 43
13 40
25 28
13 43
4 58
30 35
17 22
8 10
5 8
5 7
47 49
30 49
22 50
19 28
35 39
12 58
48 52
21 25
24 28
4 6
15 53
35 46
41 43
39 46
5 12
16 52
36 39
13 39
34 46
56 58
0 2
2 9
5 10
19 27
43 46
15 55
48 53
48 58
13 15
3 58
15 54
48 50
30 37
15 29
32 34
16 51
30 32
21 27
3 7
3 59
31 49
19 29
17 50
48 55
2 12
26 28
13 44
1 12
39 42
56 59
12 14
10 12
33 47
53 55
15 52
9 11
24 29
19 22
18 22
22 24
57 59
40 43
15 17
22 29
3 6
45 48
15 38
40 42
30 36
15 56
37 39
21 24
0 14
7 9
0 1
1 2
2 3
3 4
4 5
5 6
6 7
7 8
8 9
9 10
10 11
11 12
12 13
13 14
14 15
15 16
16 17
17 18
18 19
19 20
20 21
21 22
22 23
23 24
24 25
25 26
26 27
27 28
28 29
29 30
30 31
31 32
32 33
33 34
34 35
35 36
36 37
37 38
38 39
39 40
40 41
41 42
42 43
43 44
44 45
45 46
46 47
47 48
48 49
49 50
50 51
51 52
52 53
53 54
54 55
55 56
56 57
57 58
58 59
59 0
49 56
14 52
14 32
34 49
29 57
10 53
1 29
18 23
43 56
13 22
34 39
26 31
4 57
2 58
2 5
10 28
34 56
11 26
36 56
47 56
6 9
29 59
2 6
52 56
12 22
39 49
29 33
8 55
34 57
9 28
3 5
13 21
39 44
11 25
39 56
17 32
9 54
1 28
24 31
35 38
9 55
11 53
15 32
1 59
16 21
8 56
1 9
6 57
52 54
44 56
17 20
18 24
27 29
14 51
12 23
38 56
16 32
0 29
40 56
33 50
35 37
7 57
40 44
45 56
2 4
8 57
31 33
51 56
12 25
14 53
12 53
18 31
5 57
18 21
16 20
10 54
14 16
45 49
27 30
34 50
50 56
33 57
11 28
6 8
18 32
14 50
42 44
34 36
44 49
17 19
24 26
11 27
46 48
41 56
23 25
13 16
37 56
42 56
1 6
30 33
18 20
14 33
21 23
26 30
46 49
2 57
52 55
13 53
29 58
1 58
34 38
41 44
46 56
