0 1
1 2
2 3
3 4
4 5
5 6
6 7
7 8
8 9
9 10
10 11
11 12
12 13
13 14
14 15
15 16
16 17
17 18
18 19
19 20
20 21
21 22
22 23
23 24
24 25
25 26
26 27
27 28
28 29
29 30
30 31
31 32
32 33
33 34
34 35
35 36
36 37
37 38
38 39
39 40
40 41
41 42
42 43
43 44
44 45
45 46
46 47
47 48
48 49
49 50
50 51
51 52
52 53
53 54
54 55
55 56
56 57
57 58
58 59
59 0
39 48
40 59
6 36
18 31
23 56
15 34
5 23
40 52
33 54
11 16
45 52
34 49
8 22
24 54
7 12
7 15
50 54
49 54
3 38
44 46
31 33
5 8
3 6
43 45
8 10
11 22
26 29
48 50
2 5
12 14
1 40
19 29
25 27
16 18
36 49
48 52
20 29
32 54
40 54
6 34
40 53
2 40
56 58
17 33
2 39
25 31
27 30
1 59
5 58
34 36
15 17
40 47
38 48
20 24
40 46
2 38
55 58
47 52
11 18
5 59
21 24
23 55
0 2
13 16
11 19
50 53
23 54
51 53
42 52
9 12
42 46
36 48
11 20
40 42
36 38
26 28
8 23
22 24
23 58
27 29
8 12
14 16
7 34
24 31
29 31
3 5
20 22
24 26
34 54
17 34
3 36
12 16
27 31
4 6
10 22
12 15
55 57
39 47
42 44
45 47
3 37
2 59
5 7
20 26
9 11
18 29
42 45
50 52
40 55
31 54
40 58
18 33
41 46
6 35
0 1
1 2
2 3
3 4
4 5
5 6
6 7
7 8
8 9
9 10
10 11
11 12
12 13
13 14
14 15
15 16
16 17
17 18
18 19
19 20
20 21
21 22
22 23
23 24
24 25
25 26
26 27
27 28
28 29
29 30
30 31
31 32
32 33
33 34
34 35
35 36
36 37
37 38
38 39
39 40
40 41
41 42
42 43
43 44
44 45
45 46
46 47
47 48
48 49
49 50
50 51
51 52
52 53
53 54
54 55
55 56
56 57
57 58
58 59
59 0
21 31
7 44
16 45
16 49
17 25
1 16
2 52
53 56
16 35
25 41
25 34
22 29
14 25
22 25
10 42
1 14
6 14
4 50
23 26
22 26
2 14
1 55
37 39
2 58
10 14
21 25
6 9
30 32
10 43
2 57
11 41
25 33
3 52
26 33
49 52
46 48
31 34
18 35
4 47
4 49
16 44
25 40
5 14
4 14
37 41
35 41
20 31
52 54
22 31
52 56
1 56
10 44
12 25
35 37
0 56
23 25
17 19
39 41
4 7
16 52
14 17
3 51
17 21
27 32
25 37
11 42
1 15
11 25
16 46
10 13
53 55
19 21
7 47
13 25
3 50
31 35
25 38
11 13
27 33
7 10
1 54
22 28
19 31
2 56
0 57
41 44
16 41
16 54
1 58
7 46
17 35
57 59
7 45
25 36
25 39
2 4
49 51
47 49
25 35
7 9
41 43
32 34
0 58
46 49
28 30
9 14
19 35
6 8
22 30
28 32
22 27
