0 1
1 2
2 3
3 4
4 5
5 6
6 7
7 8
8 9
9 10
10 11
11 12
12 13
13 14
14 15
15 16
16 17
17 18
18 19
19 20
20 21
21 22
22 23
23 24
24 25
25 26
26 27
27 28
28 29
29 30
30 31
31 32
32 33
33 34
34 35
35 36
36 37
37 38
38 39
39 40
40 41
41 42
42 43
43 44
44 45
45 46
46 47
47 48
48 49
49 50
50 51
51 52
52 53
53 54
54 55
55 56
56 57
57 58
58 59
59 0
4 55
37 43
0 7
3 59
0 16
12 32
10 53
46 52
40 44
4 7
25 34
16 58
18 37
0 2
49 55
0 11
6 54
12 27
34 52
0 13
34 46
19 23
43 49
19 21
23 27
15 17
8 54
34 36
10 54
23 37
0 8
35 44
29 32
24 36
19 22
49 58
32 52
34 45
10 12
13 17
0 4
37 41
10 52
43 48
12 23
26 28
25 28
18 43
21 37
28 31
36 40
12 31
13 19
43 47
3 57
20 37
52 55
12 52
3 56
34 44
0 14
22 37
13 15
27 31
40 43
24 37
3 55
9 54
39 41
37 42
41 43
25 32
25 36
48 52
43 45
6 55
37 39
16 43
16 59
55 58
1 3
16 18
56 58
28 32
0 3
28 30
46 48
11 13
24 27
5 7
50 52
6 8
51 55
19 37
1 4
50 55
9 11
37 40
16 49
30 32
38 41
49 52
52 54
25 27
57 59
14 16
12 19
45 47
17 19
36 44
5 55
25 33
33 52
8 11

0 1
1 2
2 3
3 4
4 5
5 6
6 7
7 8
8 9
9 10
10 11
11 12
12 13
13 14
14 15
15 16
16 17
17 18
18 19
19 20
20 21
21 22
22 23
23 24
24 25
25 26
26 27
27 28
28 29
29 30
30 31
31 32
32 33
33 34
34 35
35 36
36 37
37 38
38 39
39 40
40 41
41 42
42 43
43 44
44 45
45 46
46 47
47 48
48 49
49 50
50 51
51 52
52 53
53 54
54 55
55 56
56 57
57 58
58 59
59 0
28 53
9 50
4 23
39 45
17 49
34 51
30 37
18 30
1 54
1 9
17 48
16 19
34 41
14 21
12 50
18 28
34 37
6 13
8 10
1 6
32 53
34 53
36 38
31 53
0 52
18 38
14 49
3 28
5 21
39 46
39 48
34 42
1 5
18 48
13 50
1 52
49 51
9 52
0 58
14 17
3 54
24 26
9 12
18 39
43 46
18 23
4 25
55 59
42 44
35 38
31 37
21 23
53 56
46 49
3 25
52 58
2 54
2 5
5 23
18 27
18 24
34 49
3 53
47 49
6 10
35 41
32 34
13 49
30 38
39 47
6 14
51 53
4 24
40 45
31 33
14 20
31 34
6 9
3 26
41 45
42 46
35 40
52 57
29 31
35 37
20 23
52 56
18 20
20 22
2 4
53 55
42 49
55 57
38 40
6 12
18 29
7 9
1 55
3 27
0 55
15 19
6 11
18 26
9 51
6 21
41 44
7 10
29 53
14 19
44 46
