0 1
1 2
2 3
3 4
4 5
5 6
6 7
7 8
8 9
9 10
10 11
11 12
12 13
13 14
14 15
15 16
16 17
17 18
18 19
19 20
20 21
21 22
22 23
23 24
24 25
25 26
26 27
27 28
28 29
29 30
30 31
31 32
32 33
33 34
34 35
35 36
36 37
37 38
38 39
39 40
40 41
41 42
42 43
43 44
44 45
45 46
46 47
47 48
48 49
49 50
50 51
51 52
52 53
53 54
54 55
55 56
56 57
57 58
58 59
59 0
12 17
27 57
35 57
18 53
11 21
46 55
34 46
14 17
22 33
3 56
31 57
3 12
25 27
22 49
0 7
20 49
18 21
10 27
20 50
2 6
44 57
3 15
6 9
3 10
41 45
40 57
27 59
20 53
37 45
24 33
10 24
27 29
35 46
19 53
17 54
26 31
34 57
0 58
11 17
38 40
44 55
40 42
42 45
18 54
29 57
25 33
28 31
17 21
31 33
3 5
35 37
17 56
1 7
33 49
57 59
47 52
30 57
20 52
1 58
35 39
47 55
3 14
15 17
48 52
26 33
47 49
22 24
9 59
20 22
2 5
38 41
36 45
35 38
15 56
2 58
5 10
54 56
2 56
28 30
9 27
44 56
43 45
42 57
2 4
33 46
10 25
2 57
21 24
50 52
8 59
45 55
33 57
49 52
6 10
0 8
26 28
42 44
33 47
3 11
18 20
23 33
12 14
35 45
7 9
52 55
26 32
11 24
53 55
3 13
49 51
35 40
16 56
37 41
2 7
0 1
1 2
2 3
3 4
4 5
5 6
6 7
7 8
8 9
9 10
10 11
11 12
12 13
13 14
14 15
15 16
16 17
17 18
18 19
19 20
20 21
21 22
22 23
23 24
24 25
25 26
26 27
27 28
28 29
29 30
30 31
31 32
32 33
33 34
34 35
35 36
36 37
37 38
38 39
39 40
40 41
41 42
42 43
43 44
44 45
45 46
46 47
47 48
48 49
49 50
50 51
51 52
52 53
53 54
54 55
55 56
56 57
57 58
58 59
59 0
2 22
24 50
6 35
21 34
13 21
6 17
56 59
25 37
42 49
38 53
25 39
27 31
22 31
13 17
39 47
6 58
3 17
1 4
1 55
7 14
10 34
30 35
8 35
22 53
3 22
10 14
48 50
13 15
35 53
1 59
3 6
23 51
25 31
9 14
25 47
6 16
32 34
26 35
12 34
27 35
35 55
37 53
42 48
41 43
36 53
1 3
39 49
42 47
6 57
4 59
22 51
0 4
47 50
38 52
40 49
40 44
39 45
55 59
4 58
1 53
24 51
8 14
17 19
11 13
7 16
25 35
29 31
30 32
44 46
39 52
27 30
4 6
45 47
11 34
3 21
42 46
35 56
19 21
23 31
14 16
25 36
13 16
33 35
24 31
3 20
3 19
40 43
39 51
25 38
41 49
10 13
25 50
10 35
9 35
1 54
6 8
31 34
13 34
39 50
13 19
39 44
22 52
30 33
6 56
1 22
21 31
13 18
56 58
5 58
35 54
43 46
