0 1
1 2
2 3
3 4
4 5
5 6
6 7
7 8
8 9
9 10
10 11
11 12
12 13
13 14
14 15
15 16
16 17
17 18
18 19
19 20
20 21
21 22
22 23
23 24
24 25
25 26
26 27
27 28
28 29
29 30
30 31
31 32
32 33
33 34
34 35
35 36
36 37
37 38
38 39
39 40
40 41
41 42
42 43
43 44
44 45
45 46
46 47
47 48
48 49
49 50
50 51
51 52
52 53
53 54
54 55
55 56
56 57
57 58
58 59
59 0
9 32
22 44
28 39
36 46
32 57
4 49
22 25
51 58
16 22
4 9
12 22
12 25
10 20
11 30
40 43
25 40
53 55
8 22
35 51
31 34
5 47
43 46
9 59
10 13
2 4
4 59
22 40
28 35
5 7
14 17
32 34
33 57
6 47
45 47
10 18
35 37
38 43
54 57
2 58
6 45
11 29
17 20
40 44
46 48
10 30
49 51
0 4
49 58
27 40
33 35
17 22
38 42
6 44
35 48
1 58
29 31
12 15
12 27
39 41
47 49
17 21
54 58
12 24
17 19
8 44
8 20
52 58
44 46
11 13
57 59
32 59
13 17
53 58
28 31
33 56
20 22
1 3
18 20
33 53
35 49
9 30
36 43
0 3
5 8
36 48
5 49
13 15
12 23
11 28
36 38
15 17
31 35
23 25
35 50
35 53
40 42
39 42
9 20
2 49
6 8
35 39
5 9
13 18
0 58
9 31
11 27
12 26
37 39
35 52
33 55
15 22
28 40
54 56
25 27
0 1
1 2
2 3
3 4
4 5
5 6
6 7
7 8
8 9
9 10
10 11
11 12
12 13
13 14
14 15
15 16
16 17
17 18
18 19
19 20
20 21
21 22
22 23
23 24
24 25
25 26
26 27
27 28
28 29
29 30
30 31
31 32
32 33
33 34
34 35
35 36
36 37
37 38
38 39
39 40
40 41
41 42
42 43
43 44
44 45
45 46
46 47
47 48
48 49
49 50
50 51
51 52
52 53
53 54
54 55
55 56
56 57
57 58
58 59
59 0
4 15
23 59
45 58
0 21
8 45
18 39
11 44
0 19
31 46
6 10
5 10
28 50
26 32
31 39
4 58
45 49
49 54
30 48
28 56
23 32
33 38
27 58
4 16
28 30
49 56
2 17
17 44
4 11
7 9
4 14
28 53
21 33
31 40
18 40
46 49
30 32
23 58
53 56
11 14
31 37
1 18
16 44
26 28
43 45
4 8
29 32
28 57
21 59
50 54
21 38
18 42
20 39
12 14
23 27
28 58
3 59
52 54
13 44
34 37
35 38
45 56
4 45
24 32
19 39
21 39
30 49
7 10
9 45
34 38
10 45
23 33
28 52
1 17
31 43
26 29
0 18
12 44
21 23
1 59
25 32
31 38
10 44
23 26
4 6
45 57
28 49
5 11
31 47
51 54
0 20
28 51
31 41
31 48
14 16
34 36
49 55
31 45
18 43
2 59
33 37
3 16
18 44
31 33
24 26
22 59
4 7
13 16
41 43
18 41
3 58
2 16
