0 1
1 2
2 3
3 4
4 5
5 6
6 7
7 8
8 9
9 10
10 11
11 12
12 13
13 14
14 15
15 16
16 17
17 18
18 19
19 20
20 21
21 22
22 23
23 24
24 25
25 26
26 27
27 28
28 29
29 30
30 31
31 32
32 33
33 34
34 35
35 36
36 37
37 38
38 39
39 40
40 41
41 42
42 43
43 44
44 45
45 46
46 47
47 48
48 49
49 50
50 51
51 52
52 53
53 54
54 55
55 56
56 57
57 58
58 59
59 0
21 36
19 27
0 29
36 49
32 35
46 57
1 36
0 28
25 27
10 19
28 34
41 44
21 23
53 59
5 7
3 28
31 35
1 53
11 13
7 19
25 28
28 36
22 27
7 28
31 36
10 20
6 10
48 55
31 46
50 54
53 55
36 46
12 19
5 28
7 12
1 4
41 45
1 28
37 44
29 59
10 21
30 33
37 48
22 24
36 45
1 6
39 41
14 17
6 9
14 19
24 27
11 14
6 36
1 5
29 46
12 14
29 34
36 53
37 46
38 41
16 18
21 24
53 57
36 38
47 56
44 46
40 44
7 11
49 54
51 54
16 19
48 54
37 47
24 36
12 16
38 40
52 54
31 33
10 36
38 45
33 35
7 27
8 11
53 58
47 55
20 22
36 48
1 59
17 19
34 36
6 8
57 59
24 28
29 31
26 28
15 17
9 11
36 52
42 45
46 59
38 44
55 57
42 44
2 28
10 14
36 51
19 22
1 3
49 51
46 56
12 15
41 43
3 5
29 33

0 1
1 2
2 3
3 4
4 5
5 6
6 7
7 8
8 9
9 10
10 11
11 12
12 13
13 14
14 15
15 16
16 17
17 18
18 19
19 20
20 21
21 22
22 23
23 24
24 25
25 26
26 27
27 28
28 29
29 30
30 31
31 32
32 33
33 34
34 35
35 36
36 37
37 38
38 39
39 40
40 41
41 42
42 43
43 44
44 45
45 46
46 47
47 48
48 49
49 50
50 51
51 52
52 53
53 54
54 55
55 56
56 57
57 58
58 59
59 0
0 24
22 53
0 15
24 54
24 52
26 47
10 23
2 14
37 52
21 54
14 16
16 23
5 12
30 52
0 17
28 32
35 52
32 37
26 50
40 49
38 42
0 58
19 55
9 24
21 53
45 48
27 54
19 54
44 49
6 11
40 43
0 18
27 37
19 56
1 9
1 7
17 23
3 7
18 22
55 59
46 48
29 52
49 52
6 12
26 46
19 21
37 49
24 53
28 52
26 45
2 5
37 39
26 48
1 24
9 23
0 54
32 52
18 56
17 22
26 49
27 44
0 56
0 14
26 44
2 13
10 13
40 42
37 43
0 16
34 52
24 50
31 52
27 43
26 54
29 32
8 10
27 53
10 16
33 37
13 16
23 53
0 55
39 49
4 6
45 49
33 36
28 37
1 14
24 26
2 4
2 12
27 52
7 10
50 52
35 37
7 9
32 34
25 50
55 58
24 51
4 7
39 42
18 20
56 58
0 57
37 42
10 12
43 49
18 21
2 7
30 32
