0 1
1 2
2 3
3 4
4 5
5 6
6 7
7 8
8 9
9 10
10 11
11 12
12 13
13 14
14 15
15 16
16 17
17 18
18 19
19 20
20 21
21 22
22 23
23 24
24 25
25 26
26 27
27 28
28 29
29 30
30 31
31 32
32 33
33 34
34 35
35 36
36 37
37 38
38 39
39 40
40 41
41 42
42 43
43 44
44 45
45 46
46 47
47 48
48 49
49 50
50 51
51 52
52 53
53 54
54 55
55 56
56 57
57 58
58 59
59 0
16 52
24 39
20 38
23 31
21 54
54 59
11 56
6 8
32 39
9 52
24 26
24 31
20 48
13 52
11 16
19 52
48 51
21 46
51 53
20 44
51 54
47 49
31 35
1 57
17 21
24 43
19 21
6 10
29 32
39 41
2 4
22 46
1 59
25 28
2 10
21 51
34 38
24 27
24 44
14 16
2 9
10 56
1 56
22 45
38 40
10 52
11 17
4 9
17 56
33 38
24 45
41 43
21 50
2 6
21 36
21 55
24 28
48 52
46 50
47 50
25 30
20 45
17 19
45 47
19 48
0 2
21 35
55 57
42 44
32 34
22 35
38 42
10 13
1 58
52 59
16 19
5 9
55 58
28 32
11 15
9 59
36 38
23 45
25 27
24 41
45 48
2 5
55 59
28 39
5 8
49 51
13 16
3 5
30 32
53 59
32 38
11 14
21 38
38 44
10 12
7 10
38 41
31 34
8 10
35 37
16 18
28 30
34 37
23 35
11 13
2 56
0 9
17 55
25 31
0 1
1 2
2 3
3 4
4 5
5 6
6 7
7 8
8 9
9 10
10 11
11 12
12 13
13 14
14 15
15 16
16 17
17 18
18 19
19 20
20 21
21 22
22 23
23 24
24 25
25 26
26 27
27 28
28 29
29 30
30 31
31 32
32 33
33 34
34 35
35 36
36 37
37 38
38 39
39 40
40 41
41 42
42 43
43 44
44 45
45 46
46 47
47 48
48 49
49 50
50 51
51 52
52 53
53 54
54 55
55 56
56 57
57 58
58 59
59 0
45 54
10 47
48 54
52 54
12 15
10 16
10 53
24 36
8 54
11 47
5 23
26 35
28 59
28 54
14 23
10 54
27 35
23 43
29 38
5 59
10 22
12 45
1 55
10 18
36 39
24 42
27 29
17 22
41 45
12 43
13 23
7 9
27 30
14 22
14 17
3 55
23 25
31 37
29 41
2 59
5 55
28 56
10 48
5 25
12 46
0 56
33 35
25 59
15 17
10 15
10 17
13 43
18 22
9 54
57 59
4 59
18 21
10 19
33 37
30 34
50 52
12 14
9 22
49 54
29 54
41 44
27 34
56 58
27 59
4 55
5 22
24 35
10 21
48 53
1 3
11 46
50 53
29 39
46 54
49 53
7 22
18 20
8 55
46 48
40 42
10 20
28 57
24 40
56 59
26 59
33 36
29 45
29 40
30 33
37 39
49 52
3 59
12 44
32 37
36 40
7 55
54 56
29 37
31 33
0 55
30 37
5 7
6 22
25 35
23 42
