0 1
1 2
2 3
3 4
4 5
5 6
6 7
7 8
8 9
9 10
10 11
11 12
12 13
13 14
14 15
15 16
16 17
17 18
18 19
19 20
20 21
21 22
22 23
23 24
24 25
25 26
26 27
27 28
28 29
29 30
30 31
31 32
32 33
33 34
34 35
35 36
36 37
37 38
38 39
39 40
40 41
41 42
42 43
43 44
44 45
45 46
46 47
47 48
48 49
49 50
50 51
51 52
52 53
53 54
54 55
55 56
56 57
57 58
58 59
59 0
3 10
13 42
8 47
13 44
15 38
33 56
3 48
17 35
33 38
48 50
33 47
33 43
2 30
3 19
35 38
23 30
48 58
34 36
10 47
11 44
33 55
3 9
18 22
4 47
22 26
1 57
54 57
17 22
17 23
11 19
30 57
22 30
18 21
0 58
13 41
14 38
11 18
51 55
14 40
3 5
2 22
4 8
22 29
17 30
16 35
48 55
48 57
13 17
26 28
3 11
28 30
31 34
52 54
54 56
2 58
6 9
18 20
36 38
34 37
43 47
4 7
48 52
22 27
3 22
33 48
3 6
33 41
13 16
12 44
33 42
42 44
44 46
45 47
25 28
2 59
22 24
50 55
6 8
49 51
1 58
48 51
52 55
33 39
11 45
22 28
12 18
33 57
31 35
38 40
11 47
4 6
43 46
22 25
19 22
3 58
33 40
14 41
17 31
23 28
53 57
2 57
12 17
20 22
14 16
0 2
30 32
48 53
8 10
3 47
34 38
32 57
31 33
24 28
16 38
0 1
1 2
2 3
3 4
4 5
5 6
6 7
7 8
8 9
9 10
10 11
11 12
12 13
13 14
14 15
15 16
16 17
17 18
18 19
19 20
20 21
21 22
22 23
23 24
24 25
25 26
26 27
27 28
28 29
29 30
30 31
31 32
32 33
33 34
34 35
35 36
36 37
37 38
38 39
39 40
40 41
41 42
42 43
43 44
44 45
45 46
46 47
47 48
48 49
49 50
50 51
51 52
52 53
53 54
54 55
55 56
56 57
57 58
58 59
59 0
5 34
19 38
44 56
1 56
24 33
1 3
26 35
6 55
0 4
7 21
3 55
7 43
50 52
23 25
16 21
11 14
13 43
38 57
1 55
29 34
46 53
19 35
25 30
51 53
7 55
36 57
10 43
0 57
45 50
5 55
43 50
19 37
7 22
34 57
40 44
12 43
7 11
50 53
24 34
11 21
24 32
44 50
23 35
15 41
46 52
20 23
7 9
17 21
39 41
17 20
53 56
4 34
9 11
6 24
19 23
39 56
41 43
16 41
35 37
19 41
12 14
0 34
40 56
34 58
45 53
35 57
6 23
21 23
28 34
7 10
43 55
11 16
26 29
57 59
23 26
7 23
27 34
26 30
13 15
50 54
49 52
46 48
10 12
24 30
30 34
46 49
45 56
34 59
47 50
16 19
15 42
16 18
0 56
30 33
1 4
24 31
37 57
17 19
27 29
2 55
40 43
4 55
15 43
27 35
19 39
46 50
53 55
39 57
47 49
43 54
5 24
8 11
11 15
