0 1
1 2
2 3
3 4
4 5
5 6
6 7
7 8
8 9
9 10
10 11
11 12
12 13
13 14
14 15
15 16
16 17
17 18
18 19
19 20
20 21
21 22
22 23
23 24
24 25
25 26
26 27
27 28
28 29
29 30
30 31
31 32
32 33
33 34
34 35
35 36
36 37
37 38
38 39
39 40
40 41
41 42
42 43
43 44
44 45
45 46
46 47
47 48
48 49
49 50
50 51
51 52
52 53
53 54
54 55
55 56
56 57
57 58
58 59
59 0
21 37
13 38
17 29
11 56
52 57
4 56
3 41
6 29
38 56
18 21
46 57
48 51
45 53
24 31
45 57
32 41
52 55
50 53
42 57
14 16
7 56
6 32
2 58
41 58
22 26
45 56
22 32
22 25
6 13
26 31
5 56
4 6
13 21
39 56
5 7
8 12
15 29
14 21
41 43
51 57
46 48
0 2
33 37
47 57
11 38
17 27
1 58
17 28
54 56
26 28
42 44
2 4
17 21
9 56
18 20
41 57
21 32
21 36
43 45
49 51
6 41
4 58
2 41
46 50
13 15
20 26
46 49
28 30
8 56
23 31
3 6
8 11
39 43
42 45
13 29
52 54
24 26
0 41
37 41
50 52
19 26
34 36
21 34
47 51
4 57
18 27
6 12
55 57
8 10
19 27
21 26
26 30
46 53
35 37
16 21
23 25
13 37
22 31
53 56
38 40
1 59
32 34
33 35
38 41
29 31
10 56
11 13
43 56
6 8
32 37
16 29
0 58
39 41
6 31

0 1
1 2
2 3
3 4
4 5
5 6
6 7
7 8
8 9
9 10
10 11
11 12
12 13
13 14
14 15
15 16
16 17
17 18
18 19
19 20
20 21
21 22
22 23
23 24
24 25
25 26
26 27
27 28
28 29
29 30
30 31
31 32
32 33
33 34
34 35
35 36
36 37
37 38
38 39
39 40
40 41
41 42
42 43
43 44
44 45
45 46
46 47
47 48
48 49
49 50
50 51
51 52
52 53
53 54
54 55
55 56
56 57
57 58
58 59
59 0
1 12
18 54
0 18
8 36
44 55
11 24
20 23
26 41
4 7
23 41
37 57
24 28
30 34
13 18
4 11
23 47
18 52
0 13
55 58
4 9
0 37
16 20
27 36
29 34
15 20
51 54
20 50
7 9
41 56
50 54
0 6
11 35
26 40
22 49
0 12
0 4
15 18
13 24
11 29
23 43
49 55
56 58
28 31
10 35
18 51
24 41
21 49
27 40
46 55
9 36
17 19
19 50
49 54
36 40
23 42
31 36
21 23
44 46
11 28
13 20
22 48
0 36
37 58
18 53
9 35
0 8
25 28
44 56
20 24
18 59
18 55
25 41
0 7
32 36
15 17
40 56
30 32
44 47
55 59
4 10
51 53
11 34
12 24
39 57
32 35
41 44
47 55
1 4
3 12
21 50
38 57
17 20
0 5
25 27
22 47
14 18
43 47
45 47
30 33
19 51
37 40
27 31
37 59
2 12
37 39
3 11
47 49
14 20
40 57
1 3
