0 1
1 2
2 3
3 4
4 5
5 6
6 7
7 8
8 9
9 10
10 11
11 12
12 13
13 14
14 15
15 16
16 17
17 18
18 19
19 20
20 21
21 22
22 23
23 24
24 25
25 26
26 27
27 28
28 29
29 30
30 31
31 32
32 33
33 34
34 35
35 36
36 37
37 38
38 39
39 40
40 41
41 42
42 43
43 44
44 45
45 46
46 47
47 48
48 49
49 50
50 51
51 52
52 53
53 54
54 55
55 56
56 57
57 58
58 59
59 0
34 58
11 23
27 47
2 50
18 28
2 49
18 21
39 58
28 30
8 11
5 12
12 29
1 32
26 49
44 55
24 49
52 54
51 54
52 56
18 29
41 56
15 29
33 47
18 23
22 26
38 58
44 48
40 58
20 28
3 49
13 15
33 46
41 58
34 36
2 59
5 11
35 43
4 32
2 52
6 11
24 26
36 42
8 23
12 14
29 31
11 17
13 29
36 43
8 24
21 23
39 41
50 55
44 47
34 38
52 59
3 32
25 49
5 32
41 43
1 58
36 39
34 37
43 46
8 49
5 49
43 56
1 34
6 49
44 49
43 45
50 52
14 17
4 49
12 31
51 53
17 29
20 27
21 27
30 33
36 41
27 30
10 23
51 55
30 32
16 29
30 47
14 16
36 38
21 26
33 43
17 23
6 8
5 31
32 34
19 28
12 17
7 11
26 48
52 55
56 59
26 47
41 57
43 55
2 32
56 58
33 35
22 24
18 20
9 11
9 23
1 59
0 2
45 47
49 55

0 1
1 2
2 3
3 4
4 5
5 6
6 7
7 8
8 9
9 10
10 11
11 12
12 13
13 14
14 15
15 16
16 17
17 18
18 19
19 20
20 21
21 22
22 23
23 24
24 25
25 26
26 27
27 28
28 29
29 30
30 31
31 32
32 33
33 34
34 35
35 36
36 37
37 38
38 39
39 40
40 41
41 42
42 43
43 44
44 45
45 46
46 47
47 48
48 49
49 50
50 51
51 52
52 53
53 54
54 55
55 56
56 57
57 58
58 59
59 0
46 54
9 57
29 49
13 27
27 51
12 20
29 36
49 52
22 39
40 47
40 44
22 45
15 25
31 39
27 53
27 50
3 57
7 27
35 38
1 3
22 55
47 53
22 54
22 30
12 21
2 7
11 22
22 43
13 18
42 44
15 19
46 53
22 56
12 18
2 4
10 27
29 38
1 53
5 57
40 43
30 34
10 22
40 46
38 49
39 49
39 48
19 22
11 13
13 26
33 38
35 37
23 25
15 22
11 21
3 58
8 27
47 49
53 58
6 9
31 34
39 43
53 55
26 30
7 53
53 57
13 25
0 3
22 46
33 39
15 17
23 26
41 44
11 27
3 5
40 45
27 52
15 23
0 58
53 56
27 49
9 27
10 56
0 53
22 44
29 35
53 59
13 16
12 19
2 5
2 53
40 42
13 17
5 9
30 35
7 9
26 28
26 29
40 48
22 31
49 53
32 39
31 33
17 19
9 56
15 24
19 21
14 25
29 37
27 29
5 7
23 30
49 51
