0 1
1 2
2 3
3 4
4 5
5 6
6 7
7 8
8 9
9 10
10 11
11 12
12 13
13 14
14 15
15 16
16 17
17 18
18 19
19 20
20 21
21 22
22 23
23 24
24 25
25 26
26 27
27 28
28 29
29 30
30 31
31 32
32 33
33 34
34 35
35 36
36 37
37 38
38 39
39 40
40 41
41 42
42 43
43 44
44 45
45 46
46 47
47 48
48 49
49 50
50 51
51 52
52 53
53 54
54 55
55 56
56 57
57 58
58 59
59 0
8 58
23 25
30 59
29 53
42 44
15 26
9 19
0 23
29 58
3 19
41 55
23 28
49 51
36 50
18 25
48 50
26 58
47 52
43 50
6 8
29 52
0 8
39 41
30 32
30 34
34 57
30 58
8 26
40 56
13 16
3 8
18 24
38 42
19 21
47 53
13 15
55 57
25 28
13 18
55 58
0 2
49 52
34 52
0 21
12 14
1 4
1 8
3 5
29 32
0 22
41 45
23 30
37 57
10 19
46 50
38 56
37 50
29 54
23 59
1 3
21 24
11 26
0 3
38 57
23 29
46 53
36 51
3 21
12 15
17 26
31 34
43 46
32 34
35 57
22 24
54 58
27 58
4 7
47 50
12 26
41 53
20 24
8 10
11 13
32 52
36 52
53 55
48 52
38 50
33 52
35 52
19 24
41 56
41 44
38 43
10 18
10 13
10 26
16 18
35 37
30 57
0 58
18 26
27 29
45 53
1 7
38 41
8 19
5 7
44 46
16 26
26 28
5 8
38 40

0 1
1 2
2 3
3 4
4 5
5 6
6 7
7 8
8 9
9 10
10 11
11 12
12 13
13 14
14 15
15 16
16 17
17 18
18 19
19 20
20 21
21 22
22 23
23 24
24 25
25 26
26 27
27 28
28 29
29 30
30 31
31 32
32 33
33 34
34 35
35 36
36 37
37 38
38 39
39 40
40 41
41 42
42 43
43 44
44 45
45 46
46 47
47 48
48 49
49 50
50 51
51 52
52 53
53 54
54 55
55 56
56 57
57 58
58 59
59 0
34 55
28 36
20 53
1 11
41 51
25 59
17 23
21 26
38 45
18 58
10 58
20 57
37 46
26 32
47 55
33 35
13 23
45 48
31 36
7 10
21 40
26 38
19 58
19 23
32 59
40 51
34 46
41 48
11 59
29 31
34 47
46 48
42 48
36 46
6 58
0 5
14 16
12 25
22 25
9 11
30 36
26 37
13 24
20 58
27 36
54 57
8 11
32 36
48 53
27 32
11 58
43 45
51 53
26 59
12 24
28 31
1 59
37 45
28 30
17 58
15 23
33 57
14 17
0 4
7 11
35 46
50 52
39 44
33 58
40 43
41 43
40 44
21 53
2 5
43 48
39 45
48 51
2 11
6 10
19 22
6 11
26 36
21 25
27 31
54 56
21 51
50 53
12 59
49 53
13 58
12 58
2 6
17 19
15 17
0 6
20 54
48 54
14 58
33 59
47 54
14 23
21 39
21 38
33 55
2 4
20 22
33 56
32 35
6 59
7 9
