0 1
1 2
2 3
3 4
4 5
5 6
6 7
7 8
8 9
9 10
10 11
11 12
12 13
13 14
14 15
15 16
16 17
17 18
18 19
19 20
20 21
21 22
22 23
23 24
24 25
25 26
26 27
27 28
28 29
29 30
30 31
31 32
32 33
33 34
34 35
35 36
36 37
37 38
38 39
39 40
40 41
41 42
42 43
43 44
44 45
45 46
46 47
47 48
48 49
49 50
50 51
51 52
52 53
53 54
54 55
55 56
56 57
57 58
58 59
59 0
30 48
42 59
30 35
14 58
45 54
1 15
36 47
17 32
17 24
9 59
14 29
2 11
27 31
41 46
29 31
14 54
51 53
25 27
16 34
19 32
8 11
35 47
22 24
7 9
35 42
35 38
39 41
0 6
29 48
7 11
26 28
22 25
57 59
20 32
30 47
3 6
29 49
29 51
45 59
35 59
12 59
49 51
29 52
20 24
18 32
34 59
54 58
50 53
16 29
38 47
21 25
0 7
55 59
2 12
48 54
20 23
21 23
33 35
40 42
16 26
14 59
49 53
32 35
20 25
3 7
30 32
10 59
56 58
45 47
17 19
1 12
7 59
19 24
24 26
35 37
28 31
35 39
16 24
12 15
0 15
39 47
9 11
44 59
0 2
12 14
45 48
43 45
56 59
35 40
20 31
2 5
15 59
54 59
16 33
2 6
39 46
15 29
13 59
3 5
26 29
14 53
16 32
43 59
3 11
54 56
15 34
49 54
10 12
25 31
43 46
14 52
42 46
2 4
37 47

0 1
1 2
2 3
3 4
4 5
5 6
6 7
7 8
8 9
9 10
10 11
11 12
12 13
13 14
14 15
15 16
16 17
17 18
18 19
19 20
20 21
21 22
22 23
23 24
24 25
25 26
26 27
27 28
28 29
29 30
30 31
31 32
32 33
33 34
34 35
35 36
36 37
37 38
38 39
39 40
40 41
41 42
42 43
43 44
44 45
45 46
46 47
47 48
48 49
49 50
50 51
51 52
52 53
53 54
54 55
55 56
56 57
57 58
58 59
59 0
18 38
1 56
22 26
21 27
18 33
31 46
4 53
6 15
23 55
5 20
14 38
31 54
36 43
5 10
11 48
14 45
12 45
31 45
1 5
14 44
22 55
5 49
50 52
28 54
36 44
38 42
31 35
18 34
34 36
6 10
5 18
9 15
47 54
36 40
27 33
2 56
1 58
47 53
27 54
6 16
38 44
55 58
18 27
12 46
37 39
20 58
30 54
21 58
18 37
4 56
6 18
20 59
31 34
10 15
11 49
16 18
17 38
14 17
40 43
1 4
30 33
37 40
35 45
1 3
11 47
47 50
5 11
26 54
46 54
23 25
5 51
36 45
18 20
47 52
4 51
41 43
27 29
32 34
13 45
13 15
0 5
4 55
34 37
8 15
19 21
11 46
11 13
6 8
26 55
18 21
53 55
48 50
4 52
7 10
38 41
24 55
1 59
38 40
0 20
55 57
22 58
3 56
29 54
22 27
5 50
27 30
25 55
8 10
11 15
1 57
31 33
42 44
23 26
14 16
