0 1
1 2
2 3
3 4
4 5
5 6
6 7
7 8
8 9
9 10
10 11
11 12
12 13
13 14
14 15
15 16
16 17
17 18
18 19
19 20
20 21
21 22
22 23
23 24
24 25
25 26
26 27
27 28
28 29
29 30
30 31
31 32
32 33
33 34
34 35
35 36
36 37
37 38
38 39
39 40
40 41
41 42
42 43
43 44
44 45
45 46
46 47
47 48
48 49
49 50
50 51
51 52
52 53
53 54
54 55
55 56
56 57
57 58
58 59
59 0
11 21
9 16
35 42
30 55
15 17
31 54
16 52
10 55
26 52
29 49
34 53
38 43
38 50
24 52
45 50
0 8
43 48
24 29
29 43
5 52
24 30
17 19
9 57
1 53
50 53
2 52
37 39
41 43
38 53
32 43
7 16
33 35
22 24
43 45
3 6
15 21
1 6
11 23
53 57
9 59
35 37
2 53
1 7
1 3
20 24
12 15
26 29
12 21
24 27
11 13
36 42
29 51
10 14
36 41
29 50
31 34
31 43
10 57
36 40
0 58
29 48
48 50
34 38
53 56
16 24
17 20
5 16
32 42
18 24
44 48
50 52
17 21
1 57
29 52
34 54
11 14
0 57
36 39
11 22
38 40
44 47
43 50
13 15
24 28
6 16
23 55
30 43
21 24
0 7
10 56
9 14
24 55
30 54
32 34
27 29
17 24
32 35
8 59
35 38
25 52
19 24
9 15
53 55
44 46
3 5
40 43
2 5
7 9
45 47
45 48
57 59
2 4
25 27
11 55

0 1
1 2
2 3
3 4
4 5
5 6
6 7
7 8
8 9
9 10
10 11
11 12
12 13
13 14
14 15
15 16
16 17
17 18
18 19
19 20
20 21
21 22
22 23
23 24
24 25
25 26
26 27
27 28
28 29
29 30
30 31
31 32
32 33
33 34
34 35
35 36
36 37
37 38
38 39
39 40
40 41
41 42
42 43
43 44
44 45
45 46
46 47
47 48
48 49
49 50
50 51
51 52
52 53
53 54
54 55
55 56
56 57
57 58
58 59
59 0
34 56
7 59
2 59
20 55
32 36
30 39
15 24
45 51
12 16
14 57
1 16
5 10
0 16
39 46
52 56
29 57
1 4
30 44
41 46
16 23
22 26
30 38
39 47
35 56
11 58
39 48
20 22
14 26
30 41
19 56
27 54
19 57
26 28
36 52
31 38
30 52
17 23
31 37
48 51
30 51
29 54
20 54
12 57
5 11
5 8
21 23
26 57
14 16
18 58
42 46
1 11
10 58
5 9
37 49
54 56
32 37
33 36
0 18
18 20
16 18
12 58
39 49
12 14
33 57
18 59
41 44
7 58
1 5
18 23
2 7
31 57
49 52
18 21
46 48
44 51
40 46
22 27
35 52
32 57
6 8
39 41
9 58
13 57
46 51
23 26
1 12
30 57
23 25
18 57
4 7
33 56
29 53
15 23
37 52
42 44
5 7
43 46
28 54
15 25
52 54
8 58
3 7
19 55
30 53
38 49
22 54
28 57
34 36
15 26
0 2
49 51
