0 1
1 2
2 3
3 4
4 5
5 6
6 7
7 8
8 9
9 10
10 11
11 12
12 13
13 14
14 15
15 16
16 17
17 18
18 19
19 20
20 21
21 22
22 23
23 24
24 25
25 26
26 27
27 28
28 29
29 30
30 31
31 32
32 33
33 34
34 35
35 36
36 37
37 38
38 39
39 40
40 41
41 42
42 43
43 44
44 45
45 46
46 47
47 48
48 49
49 50
50 51
51 52
52 53
53 54
54 55
55 56
56 57
57 58
58 59
59 0
33 55
10 51
24 46
3 58
3 7
9 13
2 51
27 57
39 43
7 14
7 23
2 8
16 51
28 44
33 56
2 54
27 44
39 55
32 57
4 57
39 44
21 47
26 44
34 41
1 54
14 51
30 34
29 57
30 33
15 19
46 52
19 47
0 2
49 52
54 57
7 20
19 21
35 39
0 54
45 53
45 54
18 47
17 49
51 53
30 44
5 24
14 19
34 38
0 3
4 58
0 58
10 13
25 57
22 46
47 49
46 53
34 55
8 10
47 52
54 59
8 14
34 42
44 46
28 30
36 39
7 22
34 40
42 44
55 57
2 53
21 46
2 10
26 46
22 24
49 51
7 21
5 57
12 51
54 58
30 32
18 49
5 7
38 55
3 6
16 19
39 41
39 42
25 27
12 14
34 36
18 48
7 24
7 19
39 45
31 33
36 38
2 7
11 51
30 57
5 25
45 55
37 39
35 40
9 14
33 57
3 5
16 50
14 16
25 46
34 44
11 13
28 57
16 49
16 18
0 1
1 2
2 3
3 4
4 5
5 6
6 7
7 8
8 9
9 10
10 11
11 12
12 13
13 14
14 15
15 16
16 17
17 18
18 19
19 20
20 21
21 22
22 23
23 24
24 25
25 26
26 27
27 28
28 29
29 30
30 31
31 32
32 33
33 34
34 35
35 36
36 37
37 38
38 39
39 40
40 41
41 42
42 43
43 44
44 45
45 46
46 47
47 48
48 49
49 50
50 51
51 52
52 53
53 54
54 55
55 56
56 57
57 58
58 59
59 0
10 20
9 47
33 44
36 52
2 33
6 51
37 43
8 24
39 49
5 54
29 46
8 21
4 29
38 52
13 19
13 47
11 19
8 23
14 22
27 29
1 53
43 48
6 24
3 57
6 25
4 27
14 23
53 59
38 49
20 22
13 24
1 34
0 53
30 45
3 30
15 17
4 28
21 23
43 45
38 40
43 47
48 51
32 45
6 47
5 52
2 57
17 19
17 22
53 58
40 49
42 48
40 48
41 43
1 59
13 17
24 47
34 53
34 52
9 12
5 26
30 46
57 59
53 55
10 21
27 47
18 22
38 50
37 44
40 42
8 47
13 15
6 52
45 47
35 52
15 22
5 56
3 29
5 27
6 48
7 47
24 26
27 46
35 44
33 35
38 43
54 56
3 32
33 45
2 34
12 47
2 32
18 20
6 26
35 37
3 56
56 58
50 52
13 16
55 58
5 53
9 21
40 43
24 27
31 45
37 52
48 50
10 19
10 12
6 8
4 56
1 57
14 24
12 19
3 31
