0 1
1 2
2 3
3 4
4 5
5 6
6 7
7 8
8 9
9 10
10 11
11 12
12 13
13 14
14 15
15 16
16 17
17 18
18 19
19 20
20 21
21 22
22 23
23 24
24 25
25 26
26 27
27 28
28 29
29 30
30 31
31 32
32 33
33 34
34 35
35 36
36 37
37 38
38 39
39 40
40 41
41 42
42 43
43 44
44 45
45 46
46 47
47 48
48 49
49 50
50 51
51 52
52 53
53 54
54 55
55 56
56 57
57 58
58 59
59 0
14 52
38 54
33 45
19 46
3 58
20 58
22 35
14 16
53 58
7 10
1 59
14 50
4 52
50 52
0 17
41 47
9 15
0 16
20 26
27 29
16 49
24 34
49 52
19 47
39 41
26 32
20 29
22 24
6 12
36 40
20 56
19 49
31 46
29 31
24 32
3 16
35 43
20 27
4 15
52 58
13 52
6 15
9 11
22 38
38 56
47 54
24 35
22 26
45 47
19 58
47 52
2 58
35 44
19 29
26 29
12 14
53 57
0 19
0 58
18 49
7 9
30 46
32 46
0 18
40 43
26 31
36 39
7 15
10 12
36 38
37 39
11 14
35 38
22 56
1 3
2 59
33 35
41 44
4 13
54 57
14 49
24 26
8 15
32 34
3 52
1 16
23 26
20 57
32 45
6 13
23 25
4 16
5 15
44 47
19 48
4 6
21 56
40 42
21 26
7 12
33 44
41 43
54 56
16 18
14 51
41 54
48 52
20 28
55 57
38 41
36 43
47 53
9 14
29 46

0 1
1 2
2 3
3 4
4 5
5 6
6 7
7 8
8 9
9 10
10 11
11 12
12 13
13 14
14 15
15 16
16 17
17 18
18 19
19 20
20 21
21 22
22 23
23 24
24 25
25 26
26 27
27 28
28 29
29 30
30 31
31 32
32 33
33 34
34 35
35 36
36 37
37 38
38 39
39 40
40 41
41 42
42 43
43 44
44 45
45 46
46 47
47 48
48 49
49 50
50 51
51 52
52 53
53 54
54 55
55 56
56 57
57 58
58 59
59 0
28 46
41 49
13 53
29 45
29 58
39 42
25 51
49 56
48 50
15 59
1 11
2 9
1 5
33 39
5 9
37 56
0 13
17 24
26 48
5 54
9 53
14 21
0 54
31 58
46 49
32 44
4 9
31 34
28 58
39 56
25 52
14 22
24 52
31 37
9 54
16 19
55 59
17 58
33 37
52 56
32 39
3 5
9 13
41 45
53 55
18 24
19 21
0 12
16 20
13 15
37 58
31 45
6 9
31 44
15 17
50 56
0 55
23 52
28 48
1 9
2 4
41 46
30 45
46 48
18 22
26 51
22 52
33 36
0 5
24 27
56 58
41 56
0 15
11 13
57 59
7 54
26 50
47 49
39 43
24 28
52 55
1 10
31 33
10 13
17 59
19 22
35 37
33 38
32 43
1 12
51 56
56 59
30 58
13 22
15 21
8 54
17 19
26 28
6 54
42 44
28 45
17 28
15 20
34 36
2 5
18 23
42 45
34 37
22 53
6 8
40 56
25 27
