0 1
1 2
2 3
3 4
4 5
5 6
6 7
7 8
8 9
9 10
10 11
11 12
12 13
13 14
14 15
15 16
16 17
17 18
18 19
19 20
20 21
21 22
22 23
23 24
24 25
25 26
26 27
27 28
28 29
29 30
30 31
31 32
32 33
33 34
34 35
35 36
36 37
37 38
38 39
39 40
40 41
41 42
42 43
43 44
44 45
45 46
46 47
47 48
48 49
49 50
50 51
51 52
52 53
53 54
54 55
55 56
56 57
57 58
58 59
59 0
29 40
35 59
33 59
26 28
41 56
23 48
9 19
12 50
6 10
34 38
3 19
50 56
23 26
49 51
21 48
13 50
30 39
40 48
52 56
10 18
38 41
10 17
39 41
15 48
5 8
53 56
44 48
44 53
28 31
3 9
17 20
43 53
31 59
11 59
36 41
2 31
13 49
20 24
46 51
2 6
3 26
22 24
27 48
0 10
3 24
45 51
36 57
41 53
14 16
41 44
20 48
31 34
47 51
57 59
47 49
44 52
21 24
15 49
34 59
11 17
45 52
10 59
16 48
19 24
52 54
30 40
56 58
36 38
4 6
35 57
4 8
31 33
28 30
3 25
34 37
27 40
14 17
41 43
31 39
11 50
13 15
7 10
50 59
1 10
0 31
17 48
50 52
34 39
9 18
22 48
3 28
50 58
12 17
13 17
6 8
23 25
40 44
26 48
41 57
1 31
4 9
42 44
2 4
32 34
53 55
2 10
3 31
27 29
45 47
8 10
35 37
54 56
18 20
45 48

0 1
1 2
2 3
3 4
4 5
5 6
6 7
7 8
8 9
9 10
10 11
11 12
12 13
13 14
14 15
15 16
16 17
17 18
18 19
19 20
20 21
21 22
22 23
23 24
24 25
25 26
26 27
27 28
28 29
29 30
30 31
31 32
32 33
33 34
34 35
35 36
36 37
37 38
38 39
39 40
40 41
41 42
42 43
43 44
44 45
45 46
46 47
47 48
48 49
49 50
50 51
51 52
52 53
53 54
54 55
55 56
56 57
57 58
58 59
59 0
1 32
5 35
37 51
4 20
12 14
14 34
4 10
34 43
6 35
38 40
17 29
39 47
43 59
37 57
37 54
43 48
11 20
0 3
48 53
29 31
37 50
37 47
30 34
12 15
40 46
3 22
1 29
8 35
37 41
39 46
19 25
54 58
18 28
12 19
0 35
41 45
36 42
2 22
11 13
29 32
51 53
9 35
37 56
1 43
0 2
25 28
18 26
10 13
43 54
15 34
33 43
18 27
17 34
49 53
50 53
15 19
41 46
19 23
16 19
16 18
48 50
0 43
10 35
30 32
1 25
5 7
4 7
44 46
34 42
2 25
29 34
16 34
20 22
46 48
37 39
12 20
54 59
10 34
4 22
37 53
10 14
25 29
1 33
37 59
0 36
4 35
20 23
18 29
37 55
37 48
4 21
35 42
37 58
19 26
48 54
37 40
30 33
43 46
55 57
54 57
4 11
22 25
37 52
7 9
43 45
42 45
0 37
3 35
25 27
37 42
7 35
