0 1
1 2
2 3
3 4
4 5
5 6
6 7
7 8
8 9
9 10
10 11
11 12
12 13
13 14
14 15
15 16
16 17
17 18
18 19
19 20
20 21
21 22
22 23
23 24
24 25
25 26
26 27
27 28
28 29
29 30
30 31
31 32
32 33
33 34
34 35
35 36
36 37
37 38
38 39
39 40
40 41
41 42
42 43
43 44
44 45
45 46
46 47
47 48
48 49
49 50
50 51
51 52
52 53
53 54
54 55
55 56
56 57
57 58
58 59
59 0
15 48
38 50
20 31
9 23
49 59
23 53
4 54
27 53
0 2
21 30
2 8
27 29
11 20
35 47
9 12
2 54
43 49
31 52
17 35
14 59
31 33
37 51
2 14
17 31
18 20
8 53
44 46
25 53
46 48
17 34
27 31
3 54
11 17
18 31
23 29
3 6
17 19
11 13
1 14
36 41
35 42
21 29
43 50
4 6
56 59
17 48
40 50
45 48
2 56
26 29
56 58
17 47
42 47
50 59
17 33
53 56
53 58
1 59
54 56
32 37
6 8
38 41
21 31
33 35
10 23
51 53
21 23
24 53
53 55
51 59
24 29
6 54
0 56
57 59
13 16
28 30
42 46
37 41
11 23
12 14
40 43
38 40
26 53
24 26
2 9
37 50
9 14
31 53
31 51
7 53
33 37
16 48
43 48
35 37
51 58
35 41
20 22
32 51
17 20
3 8
20 23
27 30
39 41
48 59
15 59
43 46
8 23
7 54
10 12
5 54
11 16
41 43
43 45
14 16
0 1
1 2
2 3
3 4
4 5
5 6
6 7
7 8
8 9
9 10
10 11
11 12
12 13
13 14
14 15
15 16
16 17
17 18
18 19
19 20
20 21
21 22
22 23
23 24
24 25
25 26
26 27
27 28
28 29
29 30
30 31
31 32
32 33
33 34
34 35
35 36
36 37
37 38
38 39
39 40
40 41
41 42
42 43
43 44
44 45
45 46
46 47
47 48
48 49
49 50
50 51
51 52
52 53
53 54
54 55
55 56
56 57
57 58
58 59
59 0
5 32
21 32
30 59
53 59
3 21
21 28
31 55
28 31
26 30
2 26
1 46
18 21
32 41
8 18
34 53
46 52
45 52
9 32
39 53
8 11
31 58
21 27
5 7
1 42
9 17
4 7
3 24
34 38
32 42
8 10
12 18
39 42
2 4
32 53
5 8
1 51
48 50
2 59
43 53
35 39
23 25
31 56
32 35
33 53
15 17
19 21
26 59
13 17
1 5
3 22
34 39
46 51
22 26
48 52
49 52
48 51
32 40
12 16
35 38
7 19
31 59
29 31
18 32
26 28
1 4
1 43
36 39
47 52
44 53
11 18
3 7
3 25
7 18
9 11
28 32
14 17
50 52
3 23
55 58
22 25
32 34
42 53
1 44
55 59
0 52
22 27
3 26
55 57
1 32
32 55
1 45
16 18
0 53
45 53
36 38
9 18
5 9
3 20
0 51
54 59
9 13
32 39
7 20
47 51
31 57
32 54
13 15
37 39
12 15
40 42
