0 1
1 2
2 3
3 4
4 5
5 6
6 7
7 8
8 9
9 10
10 11
11 12
12 13
13 14
14 15
15 16
16 17
17 18
18 19
19 20
20 21
21 22
22 23
23 24
24 25
25 26
26 27
27 28
28 29
29 30
30 31
31 32
32 33
33 34
34 35
35 36
36 37
37 38
38 39
39 40
40 41
41 42
42 43
43 44
44 45
45 46
46 47
47 48
48 49
49 50
50 51
51 52
52 53
53 54
54 55
55 56
56 57
57 58
58 59
59 0
9 11
0 11
23 45
21 42
21 30
1 52
41 45
20 51
49 58
17 45
38 45
6 15
12 17
11 59
39 41
51 56
31 37
22 27
33 37
5 15
2 19
3 19
2 4
45 51
19 44
46 49
5 7
50 58
0 2
28 37
34 38
52 57
16 18
38 40
4 16
31 42
15 17
6 11
21 23
11 49
0 52
24 45
31 38
7 11
34 37
12 45
54 57
56 58
52 54
24 37
54 56
33 35
30 42
24 28
12 46
35 37
41 43
28 31
7 10
26 28
45 50
6 12
23 27
4 8
49 59
27 29
53 56
2 9
19 42
19 21
4 9
23 25
45 47
20 23
6 14
31 39
47 50
52 58
1 20
39 42
2 11
42 44
21 27
38 41
51 53
33 38
18 45
47 49
51 58
13 15
46 48
1 51
12 14
16 19
25 28
32 38
27 30
4 15
25 27
29 31
20 45
55 57
34 36
24 38
8 10
18 44
13 17
12 49
1 19
32 37
52 59
41 44
5 8
4 19
0 1
1 2
2 3
3 4
4 5
5 6
6 7
7 8
8 9
9 10
10 11
11 12
12 13
13 14
14 15
15 16
16 17
17 18
18 19
19 20
20 21
21 22
22 23
23 24
24 25
25 26
26 27
27 28
28 29
29 30
30 31
31 32
32 33
33 34
34 35
35 36
36 37
37 38
38 39
39 40
40 41
41 42
42 43
43 44
44 45
45 46
46 47
47 48
48 49
49 50
50 51
51 52
52 53
53 54
54 55
55 56
56 57
57 58
58 59
59 0
24 54
5 14
35 48
9 54
15 39
17 22
20 56
25 52
22 30
13 54
41 48
46 52
26 52
30 35
15 45
7 12
25 53
0 5
16 36
3 56
3 18
41 46
17 33
37 41
13 45
0 4
17 32
14 16
26 51
11 13
20 22
3 17
23 28
16 38
55 58
35 49
45 52
44 46
24 27
2 56
26 50
36 41
21 55
46 51
16 37
40 45
43 46
5 58
0 57
42 46
7 58
22 31
29 50
16 39
15 40
6 13
40 43
3 20
35 50
1 56
30 50
25 54
40 42
23 54
22 32
9 12
16 35
31 34
49 51
37 40
28 30
5 13
9 13
30 34
45 53
41 47
1 4
40 44
14 45
6 58
13 53
7 54
5 17
1 3
14 17
5 59
27 50
17 19
24 26
8 12
18 20
10 13
36 48
37 39
22 28
0 58
17 35
7 9
31 33
1 57
17 34
10 12
48 51
7 55
22 55
23 55
47 51
19 22
21 56
4 17
7 13
28 50
