0 1
1 2
2 3
3 4
4 5
5 6
6 7
7 8
8 9
9 10
10 11
11 12
12 13
13 14
14 15
15 16
16 17
17 18
18 19
19 20
20 21
21 22
22 23
23 24
24 25
25 26
26 27
27 28
28 29
29 30
30 31
31 32
32 33
33 34
34 35
35 36
36 37
37 38
38 39
39 40
40 41
41 42
42 43
43 44
44 45
45 46
46 47
47 48
48 49
49 50
50 51
51 52
52 53
53 54
54 55
55 56
56 57
57 58
58 59
59 0
26 36
6 34
54 58
19 32
7 33
5 7
1 43
20 36
10 59
42 59
0 56
26 28
0 55
46 49
16 33
1 4
25 32
17 33
11 16
0 45
0 51
1 42
50 52
5 37
52 58
16 42
9 16
2 10
39 42
49 58
28 32
5 42
11 15
40 42
31 34
26 30
5 40
20 22
19 25
21 23
16 37
27 30
17 20
20 25
56 58
22 36
12 15
42 47
43 47
9 14
6 36
30 34
30 35
3 9
16 39
0 43
8 33
51 54
31 33
16 38
17 36
42 58
10 16
6 35
23 26
27 29
48 58
23 25
5 8
2 59
10 14
30 36
11 13
11 14
55 57
38 40
13 15
0 49
14 16
30 32
24 26
56 59
49 51
44 47
2 4
47 49
0 44
4 9
28 30
52 54
55 58
5 9
21 25
16 59
1 5
45 49
42 48
1 59
2 9
37 40
51 53
18 33
50 58
26 32
19 33
6 33
0 54
9 33
17 19
44 46
6 37
22 26
39 41
16 36
0 1
1 2
2 3
3 4
4 5
5 6
6 7
7 8
8 9
9 10
10 11
11 12
12 13
13 14
14 15
15 16
16 17
17 18
18 19
19 20
20 21
21 22
22 23
23 24
24 25
25 26
26 27
27 28
28 29
29 30
30 31
31 32
32 33
33 34
34 35
35 36
36 37
37 38
38 39
39 40
40 41
41 42
42 43
43 44
44 45
45 46
46 47
47 48
48 49
49 50
50 51
51 52
52 53
53 54
54 55
55 56
56 57
57 58
58 59
59 0
25 55
22 59
6 44
26 55
14 20
10 23
2 6
43 52
35 44
15 21
4 48
40 44
10 25
6 11
37 54
53 56
34 54
14 22
29 31
1 50
28 54
52 57
44 51
8 25
37 44
44 49
5 44
11 21
7 9
11 20
22 55
50 59
5 47
37 41
27 34
1 12
27 55
25 44
45 47
6 10
52 59
6 9
22 25
32 54
34 36
3 49
14 21
16 21
5 46
44 52
3 6
13 20
10 24
27 35
43 53
39 44
35 37
19 21
16 20
14 59
26 44
22 57
2 50
27 31
9 25
18 21
42 54
0 12
2 49
3 5
31 54
45 48
3 48
10 21
22 58
36 54
15 20
0 50
41 44
7 44
17 21
42 44
27 32
51 59
7 25
16 19
42 53
38 41
6 12
12 14
4 47
53 57
33 54
53 55
26 35
32 34
27 54
29 54
12 20
30 54
16 18
37 39
22 56
44 48
12 59
44 50
10 22
22 24
37 42
2 12
57 59
28 31
5 45
