0 1
1 2
2 3
3 4
4 5
5 6
6 7
7 8
8 9
9 10
10 11
11 12
12 13
13 14
14 15
15 16
16 17
17 18
18 19
19 20
20 21
21 22
22 23
23 24
24 25
25 26
26 27
27 28
28 29
29 30
30 31
31 32
32 33
33 34
34 35
35 36
36 37
37 38
38 39
39 40
40 41
41 42
42 43
43 44
44 45
45 46
46 47
47 48
48 49
49 50
50 51
51 52
52 53
53 54
54 55
55 56
56 57
57 58
58 59
59 0
2 4
9 35
2 43
45 47
28 49
29 45
20 59
9 31
46 59
25 55
22 28
0 13
52 54
0 9
14 31
17 19
8 43
16 30
18 22
40 44
50 59
14 19
0 12
29 48
0 11
24 26
38 44
50 55
25 27
29 49
38 43
24 59
32 45
33 37
24 27
37 45
55 59
28 50
43 59
31 33
3 9
13 31
28 55
17 29
9 11
34 37
54 59
53 55
51 54
36 38
22 59
46 49
51 59
19 21
0 43
5 8
45 48
38 40
15 31
57 59
38 42
51 53
25 58
25 57
18 21
22 29
23 59
45 59
18 29
9 12
14 59
7 43
2 9
33 45
16 31
4 8
8 35
5 7
16 29
10 12
8 38
39 41
41 44
38 41
14 17
35 37
1 43
13 59
5 43
50 53
22 24
56 59
19 59
46 48
49 59
24 58
4 43
20 22
3 8
29 32
0 2
38 45
41 43
30 32
9 13
27 55
24 28
9 34
55 57
44 59
31 34
8 36
14 16
6 43

0 1
1 2
2 3
3 4
4 5
5 6
6 7
7 8
8 9
9 10
10 11
11 12
12 13
13 14
14 15
15 16
16 17
17 18
18 19
19 20
20 21
21 22
22 23
23 24
24 25
25 26
26 27
27 28
28 29
29 30
30 31
31 32
32 33
33 34
34 35
35 36
36 37
37 38
38 39
39 40
40 41
41 42
42 43
43 44
44 45
45 46
46 47
47 48
48 49
49 50
50 51
51 52
52 53
53 54
54 55
55 56
56 57
57 58
58 59
59 0
1 42
9 59
6 20
12 45
2 23
32 37
2 41
39 43
15 32
49 58
5 23
42 47
1 3
15 24
9 47
35 45
40 42
13 32
1 50
5 9
0 4
42 45
30 38
21 23
50 52
29 41
0 3
28 30
11 14
10 19
50 57
5 21
27 32
26 32
16 19
28 31
15 26
16 21
36 44
3 5
15 18
0 53
47 59
50 56
56 58
6 19
23 26
1 51
13 45
9 46
7 9
47 50
0 56
27 41
8 10
36 45
32 34
1 47
14 32
33 36
50 54
15 21
0 58
13 34
2 26
7 19
4 59
0 54
23 25
54 56
2 42
29 40
26 41
39 42
43 45
31 37
10 15
36 39
47 58
0 52
0 51
30 37
2 5
10 46
36 43
13 35
16 20
5 20
27 29
21 24
48 50
5 59
42 46
49 57
11 13
29 39
7 10
6 9
47 49
12 46
32 36
11 46
5 22
34 36
28 32
16 18
37 39
15 17
15 19
10 14
29 38
0 55
15 25
