0 1
1 2
2 3
3 4
4 5
5 6
6 7
7 8
8 9
9 10
10 11
11 12
12 13
13 14
14 15
15 16
16 17
17 18
18 19
19 20
20 21
21 22
22 23
23 24
24 25
25 26
26 27
27 28
28 29
29 30
30 31
31 32
32 33
33 34
34 35
35 36
36 37
37 38
38 39
39 40
40 41
41 42
42 43
43 44
44 45
45 46
46 47
47 48
48 49
49 50
50 51
51 52
52 53
53 54
54 55
55 56
56 57
57 58
58 59
59 0
5 45
31 48
45 59
49 51
35 38
11 44
2 19
15 27
48 51
23 30
30 33
1 48
1 56
47 51
38 41
28 43
5 13
51 58
11 28
16 23
34 37
21 48
13 15
3 17
33 46
5 44
43 45
17 23
1 58
2 20
49 55
41 43
24 26
10 44
0 45
33 45
23 48
45 47
4 17
9 11
15 26
34 38
53 57
29 42
48 50
11 43
29 40
35 39
1 3
53 55
35 40
23 26
35 37
7 12
24 29
23 25
4 13
12 28
24 28
19 23
4 15
47 59
1 4
40 42
1 49
32 48
1 57
52 58
7 11
49 52
29 33
6 12
2 21
53 58
6 13
5 9
29 35
38 45
33 48
2 17
1 5
41 45
6 8
20 23
4 16
6 9
30 48
22 48
17 19
46 48
49 56
49 53
12 27
2 48
16 26
53 56
31 33
20 22
18 23
39 41
12 15
7 9
1 59
36 38
24 30
1 45
5 10
49 54
33 35
4 14
34 45
47 58
26 28
29 43

0 1
1 2
2 3
3 4
4 5
5 6
6 7
7 8
8 9
9 10
10 11
11 12
12 13
13 14
14 15
15 16
16 17
17 18
18 19
19 20
20 21
21 22
22 23
23 24
24 25
25 26
26 27
27 28
28 29
29 30
30 31
31 32
32 33
33 34
34 35
35 36
36 37
37 38
38 39
39 40
40 41
41 42
42 43
43 44
44 45
45 46
46 47
47 48
48 49
49 50
50 51
51 52
52 53
53 54
54 55
55 56
56 57
57 58
58 59
59 0
20 43
10 23
21 31
47 56
11 22
55 57
9 42
23 29
10 59
21 33
18 59
0 53
28 39
3 43
36 43
9 28
45 58
1 44
44 50
43 59
7 10
13 59
25 27
12 16
38 40
15 59
47 55
25 29
22 29
50 54
39 42
37 43
31 39
40 43
9 24
45 50
17 21
20 33
12 17
11 17
12 59
9 27
6 10
0 5
28 30
10 12
11 23
0 44
4 43
20 59
33 37
8 43
16 59
9 43
14 16
44 59
17 59
9 39
45 49
54 57
4 6
19 21
21 29
51 54
46 56
0 4
46 58
17 22
53 59
32 38
14 59
44 53
0 3
51 53
44 51
9 26
32 39
46 49
8 10
30 39
47 49
52 54
48 55
54 58
27 29
34 43
0 6
12 14
35 43
44 58
0 2
46 57
7 43
18 21
48 54
4 7
33 36
9 25
2 44
29 31
38 43
54 59
6 59
20 34
34 36
21 32
9 23
18 20
2 43
33 38
