0 1
1 2
2 3
3 4
4 5
5 6
6 7
7 8
8 9
9 10
10 11
11 12
12 13
13 14
14 15
15 16
16 17
17 18
18 19
19 20
20 21
21 22
22 23
23 24
24 25
25 26
26 27
27 28
28 29
29 30
30 31
31 32
32 33
33 34
34 35
35 36
36 37
37 38
38 39
39 40
40 41
41 42
42 43
43 44
44 45
45 46
46 47
47 48
48 49
49 50
50 51
51 52
52 53
53 54
54 55
55 56
56 57
57 58
58 59
59 0
21 44
29 31
27 59
46 50
14 58
47 57
23 39
37 41
14 53
11 58
52 56
21 43
0 18
21 25
15 53
27 31
24 27
3 5
33 47
39 43
44 52
23 36
30 58
1 15
19 59
36 44
36 41
49 51
12 15
52 57
6 11
24 33
1 17
48 51
47 50
1 4
39 41
15 17
3 11
33 44
23 38
36 42
30 59
19 44
15 52
5 9
14 55
24 32
9 58
44 51
39 42
37 39
33 45
18 52
29 59
19 21
3 15
30 33
45 47
53 56
1 58
13 58
23 33
27 32
11 15
47 51
19 26
47 52
53 55
34 44
19 27
33 35
14 57
34 36
21 24
33 57
8 10
1 16
1 3
24 26
28 31
0 17
40 42
44 50
28 59
30 32
5 8
2 4
42 44
22 24
20 25
5 58
1 5
13 15
48 50
17 52
14 56
5 7
21 23
19 25
45 50
54 56
0 58
3 6
30 57
23 35
9 11
18 59
8 11
18 44
23 43
23 37
7 11
11 13
0 1
1 2
2 3
3 4
4 5
5 6
6 7
7 8
8 9
9 10
10 11
11 12
12 13
13 14
14 15
15 16
16 17
17 18
18 19
19 20
20 21
21 22
22 23
23 24
24 25
25 26
26 27
27 28
28 29
29 30
30 31
31 32
32 33
33 34
34 35
35 36
36 37
37 38
38 39
39 40
40 41
41 42
42 43
43 44
44 45
45 46
46 47
47 48
48 49
49 50
50 51
51 52
52 53
53 54
54 55
55 56
56 57
57 58
58 59
59 0
9 22
42 54
6 53
1 23
16 48
34 37
18 38
46 54
17 46
10 18
29 39
12 51
18 34
6 22
1 26
9 18
1 6
9 51
20 33
46 51
7 53
31 34
27 54
26 31
16 18
11 16
12 14
1 27
2 6
18 21
32 34
6 57
40 43
8 53
7 9
27 41
30 34
40 46
38 40
17 47
6 56
19 34
22 25
21 32
6 59
18 37
13 16
46 52
1 24
1 57
29 41
15 50
12 16
2 59
43 46
30 35
42 45
21 31
12 50
16 49
6 23
27 57
10 16
47 49
28 41
44 46
46 49
27 42
6 55
41 43
45 54
18 46
38 46
23 25
25 31
29 36
57 59
22 31
8 52
46 53
27 30
10 12
9 12
29 37
9 52
54 57
19 33
4 59
15 49
6 9
18 22
20 32
35 37
0 57
30 36
0 2
14 50
26 30
55 57
28 30
4 6
3 59
43 45
29 38
2 5
29 40
6 58
16 47
14 16
18 20
6 54
1 25
