0 1
1 2
2 3
3 4
4 5
5 6
6 7
7 8
8 9
9 10
10 11
11 12
12 13
13 14
14 15
15 16
16 17
17 18
18 19
19 20
20 21
21 22
22 23
23 24
24 25
25 26
26 27
27 28
28 29
29 30
30 31
31 32
32 33
33 34
34 35
35 36
36 37
37 38
38 39
39 40
40 41
41 42
42 43
43 44
44 45
45 46
46 47
47 48
48 49
49 50
50 51
51 52
52 53
53 54
54 55
55 56
56 57
57 58
58 59
59 0
22 58
41 54
15 38
11 15
8 19
27 33
25 35
13 58
8 13
36 41
22 35
23 38
3 5
39 42
25 29
13 56
20 23
16 38
35 58
28 30
41 46
15 56
8 12
7 58
24 38
10 16
52 56
13 59
43 52
38 52
4 13
27 35
38 40
54 56
26 35
48 52
25 38
41 49
15 52
37 40
22 32
42 45
16 18
13 15
22 24
3 59
41 52
3 58
18 23
28 33
25 32
30 33
45 47
6 8
22 34
52 54
44 52
41 50
22 33
7 19
25 31
39 43
2 58
45 52
8 11
24 32
8 17
35 55
27 34
8 18
41 53
16 23
19 21
36 38
10 17
5 13
46 48
30 32
39 52
37 41
1 59
46 49
11 14
35 57
9 17
0 3
19 23
8 10
36 54
7 22
45 48
11 13
4 59
6 58
25 27
39 41
11 16
50 52
56 58
41 45
49 52
7 21
41 51
35 54
2 59
1 3
42 44
5 58
35 38
25 28
21 23
25 30
6 13
55 57

0 1
1 2
2 3
3 4
4 5
5 6
6 7
7 8
8 9
9 10
10 11
11 12
12 13
13 14
14 15
15 16
16 17
17 18
18 19
19 20
20 21
21 22
22 23
23 24
24 25
25 26
26 27
27 28
28 29
29 30
30 31
31 32
32 33
33 34
34 35
35 36
36 37
37 38
38 39
39 40
40 41
41 42
42 43
43 44
44 45
45 46
46 47
47 48
48 49
49 50
50 51
51 52
52 53
53 54
54 55
55 56
56 57
57 58
58 59
59 0
49 51
26 55
6 28
1 33
4 21
27 30
16 28
5 17
17 19
3 6
2 57
0 57
34 56
39 47
7 17
24 28
40 45
27 32
11 28
33 57
3 26
46 50
32 42
27 29
33 58
39 54
16 22
48 51
6 30
32 52
40 44
5 21
21 25
43 51
37 42
3 33
5 18
32 51
3 31
27 54
39 53
35 42
16 24
26 54
34 37
9 28
3 57
45 50
33 59
38 56
9 15
39 46
34 36
39 56
41 43
16 19
20 22
48 50
4 26
40 46
10 28
9 11
43 45
24 27
33 42
47 52
23 25
9 12
18 20
40 42
7 16
22 25
0 2
7 28
26 57
7 15
27 31
7 9
9 13
6 17
34 38
6 29
4 25
33 35
12 16
13 16
3 32
9 14
41 44
33 56
47 51
5 20
26 56
8 15
19 22
47 50
12 28
14 16
39 55
27 53
36 42
43 50
47 53
2 33
37 39
4 6
57 59
27 52
42 51
0 33
24 26
6 31
