0 1
1 2
2 3
3 4
4 5
5 6
6 7
7 8
8 9
9 10
10 11
11 12
12 13
13 14
14 15
15 16
16 17
17 18
18 19
19 20
20 21
21 22
22 23
23 24
24 25
25 26
26 27
27 28
28 29
29 30
30 31
31 32
32 33
33 34
34 35
35 36
36 37
37 38
38 39
39 40
40 41
41 42
42 43
43 44
44 45
45 46
46 47
47 48
48 49
49 50
50 51
51 52
52 53
53 54
54 55
55 56
56 57
57 58
58 59
59 0
12 42
4 17
5 51
45 52
1 28
42 51
2 22
11 16
17 40
36 59
16 40
42 56
24 35
41 59
8 16
53 56
14 42
0 34
17 38
24 27
20 36
1 52
21 24
0 55
1 29
54 56
2 26
1 55
35 59
4 20
31 35
43 51
15 40
39 59
2 4
29 35
17 19
0 30
33 35
19 37
43 46
47 49
56 58
53 55
0 58
7 42
43 50
23 25
9 16
18 37
5 8
46 48
0 35
14 16
2 23
4 21
8 12
5 42
32 34
8 17
15 41
4 52
0 32
47 52
56 59
1 26
21 36
28 35
47 51
1 4
30 35
42 44
45 56
32 35
6 8
21 35
49 51
46 50
1 53
4 19
12 16
45 53
3 21
36 38
10 12
0 29
4 8
42 59
10 16
17 37
13 42
7 12
9 12
46 49
38 59
0 57
39 41
17 39
15 42
4 51
24 28
3 22
0 56
5 7
0 31
21 23
23 26
20 37
1 27
44 46
42 45
25 27
46 52
13 16
0 1
1 2
2 3
3 4
4 5
5 6
6 7
7 8
8 9
9 10
10 11
11 12
12 13
13 14
14 15
15 16
16 17
17 18
18 19
19 20
20 21
21 22
22 23
23 24
24 25
25 26
26 27
27 28
28 29
29 30
30 31
31 32
32 33
33 34
34 35
35 36
36 37
37 38
38 39
39 40
40 41
41 42
42 43
43 44
44 45
45 46
46 47
47 48
48 49
49 50
50 51
51 52
52 53
53 54
54 55
55 56
56 57
57 58
58 59
59 0
25 57
15 21
19 42
25 52
6 24
29 46
4 58
45 58
28 38
30 42
7 43
6 45
47 54
55 57
29 37
19 21
22 24
7 10
36 42
10 23
45 54
34 36
13 43
24 26
43 45
11 23
48 50
28 47
20 26
26 41
32 37
3 5
8 24
9 24
28 51
7 11
16 42
15 43
3 45
11 13
38 41
4 57
12 15
11 21
26 40
28 37
7 24
50 53
26 52
31 42
4 25
54 57
48 53
4 59
29 31
34 37
38 40
7 9
26 38
31 33
50 52
0 2
36 41
49 53
4 24
3 59
11 15
15 18
15 17
21 26
5 24
1 3
52 55
45 57
35 42
31 34
28 50
16 43
7 13
29 43
6 44
27 51
29 32
30 43
52 56
7 44
28 46
20 42
13 15
26 39
20 41
29 45
0 4
10 24
18 21
28 48
34 42
27 38
16 18
27 52
22 26
14 43
18 42
52 57
11 22
45 47
47 53
37 41
3 58
5 45
2 59
52 54
33 37
0 3
