0 1
1 2
2 3
3 4
4 5
5 6
6 7
7 8
8 9
9 10
10 11
11 12
12 13
13 14
14 15
15 16
16 17
17 18
18 19
19 20
20 21
21 22
22 23
23 24
24 25
25 26
26 27
27 28
28 29
29 30
30 31
31 32
32 33
33 34
34 35
35 36
36 37
37 38
38 39
39 40
40 41
41 42
42 43
43 44
44 45
45 46
46 47
47 48
48 49
49 50
50 51
51 52
52 53
53 54
54 55
55 56
56 57
57 58
58 59
59 0
43 55
18 58
18 31
25 44
12 54
10 56
26 32
17 45
10 57
29 32
44 53
32 56
25 27
35 56
33 38
12 47
31 56
44 48
12 15
52 54
20 31
38 41
26 29
15 58
37 39
25 28
32 35
16 45
15 45
37 41
6 10
18 22
33 44
23 30
13 15
3 8
1 59
8 14
18 56
26 44
37 40
2 8
20 23
1 6
12 55
36 55
8 59
33 43
26 33
25 30
18 24
1 5
41 43
22 24
12 46
12 45
44 51
3 6
44 54
6 8
3 7
1 58
1 4
6 58
36 41
44 47
29 31
2 4
9 13
36 56
44 46
33 36
44 49
56 58
47 52
24 44
19 21
38 43
16 18
6 9
38 40
47 49
49 51
9 14
23 31
50 52
18 44
12 56
33 35
15 18
10 13
0 2
43 54
8 15
3 5
21 23
12 52
41 55
51 53
17 44
42 55
34 36
19 31
36 38
26 28
0 8
8 58
47 50
28 30
19 22
11 13
10 12
24 30
10 58
0 1
1 2
2 3
3 4
4 5
5 6
6 7
7 8
8 9
9 10
10 11
11 12
12 13
13 14
14 15
15 16
16 17
17 18
18 19
19 20
20 21
21 22
22 23
23 24
24 25
25 26
26 27
27 28
28 29
29 30
30 31
31 32
32 33
33 34
34 35
35 36
36 37
37 38
38 39
39 40
40 41
41 42
42 43
43 44
44 45
45 46
46 47
47 48
48 49
49 50
50 51
51 52
52 53
53 54
54 55
55 56
56 57
57 58
58 59
59 0
12 42
12 53
37 54
13 21
23 27
21 33
0 34
1 11
13 38
24 33
28 35
36 58
12 49
46 51
0 36
2 10
8 10
3 21
13 40
0 33
0 35
40 45
25 31
17 28
1 3
7 9
53 59
16 20
46 48
8 21
42 45
37 58
15 35
21 28
21 24
17 21
39 54
42 44
39 45
43 47
18 20
8 12
15 20
46 50
4 9
48 50
37 57
0 3
43 49
13 39
17 35
15 38
25 29
8 13
22 27
16 35
35 38
56 59
14 21
28 33
17 20
39 51
55 57
0 53
55 59
12 43
24 32
23 26
0 58
51 54
24 31
4 10
0 11
21 27
39 46
6 21
14 38
4 6
24 26
5 21
8 11
45 47
49 52
27 29
30 32
53 55
15 21
17 19
12 41
38 54
0 12
1 10
4 21
3 10
43 45
40 42
18 21
37 55
29 33
13 41
28 34
0 21
49 53
57 59
4 7
30 33
35 37
43 48
7 21
