0 1
1 2
2 3
3 4
4 5
5 6
6 7
7 8
8 9
9 10
10 11
11 12
12 13
13 14
14 15
15 16
16 17
17 18
18 19
19 20
20 21
21 22
22 23
23 24
24 25
25 26
26 27
27 28
28 29
29 30
30 31
31 32
32 33
33 34
34 35
35 36
36 37
37 38
38 39
39 40
40 41
41 42
42 43
43 44
44 45
45 46
46 47
47 48
48 49
49 50
50 51
51 52
52 53
53 54
54 55
55 56
56 57
57 58
58 59
59 0
17 25
12 51
36 43
0 45
32 40
15 41
4 8
13 30
15 22
34 36
48 54
12 48
7 11
35 38
4 57
43 47
43 45
14 22
12 43
5 33
18 25
15 43
22 27
5 12
4 53
16 26
5 7
46 54
33 40
4 33
49 54
50 53
46 57
33 44
4 6
2 4
18 21
6 8
16 18
39 41
24 27
28 40
13 27
34 39
13 28
36 41
46 59
7 9
16 41
8 10
3 57
16 20
12 15
4 11
18 20
5 11
3 59
4 45
12 49
12 14
35 37
1 3
27 40
43 46
36 39
18 23
53 57
18 22
17 26
3 58
46 56
36 38
5 13
35 39
28 32
2 45
4 10
16 27
13 29
33 43
46 55
51 53
18 24
0 2
31 33
54 57
34 43
46 48
11 52
9 11
14 27
28 31
15 42
49 51
46 58
0 3
22 24
34 40
36 42
16 19
0 46
16 40
29 31
11 53
12 47
16 21
55 57
11 51
4 44
24 26
16 22
13 31
50 54
5 31

0 1
1 2
2 3
3 4
4 5
5 6
6 7
7 8
8 9
9 10
10 11
11 12
12 13
13 14
14 15
15 16
16 17
17 18
18 19
19 20
20 21
21 22
22 23
23 24
24 25
25 26
26 27
27 28
28 29
29 30
30 31
31 32
32 33
33 34
34 35
35 36
36 37
37 38
38 39
39 40
40 41
41 42
42 43
43 44
44 45
45 46
46 47
47 48
48 49
49 50
50 51
51 52
52 53
53 54
54 55
55 56
56 57
57 58
58 59
59 0
39 50
15 59
4 20
40 51
25 59
18 52
41 43
18 28
23 25
18 38
50 59
18 34
42 44
16 59
6 16
52 57
45 47
9 59
2 5
34 50
17 52
54 58
21 59
42 48
39 45
26 50
52 54
51 57
35 50
6 20
29 50
44 46
22 26
34 37
16 53
0 4
7 59
31 34
37 39
6 9
18 29
23 26
10 16
13 59
14 59
32 50
6 19
1 6
1 4
41 49
16 52
40 44
11 16
11 59
21 26
5 20
0 7
18 26
29 34
40 45
44 48
55 58
18 37
0 20
6 18
44 47
51 58
39 47
26 29
21 23
48 50
18 51
19 21
52 56
11 15
32 34
8 59
33 50
21 25
6 10
10 59
52 55
41 51
13 15
47 50
29 32
1 7
53 59
3 5
51 59
41 50
40 43
54 59
0 21
37 50
56 58
6 17
27 29
11 13
18 27
1 5
41 48
30 34
30 32
12 59
18 39
19 26
26 59
18 40
21 24
36 50
