0 1
1 2
2 3
3 4
4 5
5 6
6 7
7 8
8 9
9 10
10 11
11 12
12 13
13 14
14 15
15 16
16 17
17 18
18 19
19 20
20 21
21 22
22 23
23 24
24 25
25 26
26 27
27 28
28 29
29 30
30 31
31 32
32 33
33 34
34 35
35 36
36 37
37 38
38 39
39 40
40 41
41 42
42 43
43 44
44 45
45 46
46 47
47 48
48 49
49 50
50 51
51 52
52 53
53 54
54 55
55 56
56 57
57 58
58 59
59 0
1 58
27 39
8 56
5 54
5 22
16 43
41 48
32 53
36 48
12 48
48 52
32 48
4 59
56 58
51 56
24 42
27 37
46 48
0 58
27 53
48 51
31 53
31 36
13 20
57 59
20 43
24 53
8 49
4 54
5 23
5 12
14 45
13 18
43 47
20 23
2 8
12 22
30 53
18 20
5 7
31 34
48 53
10 12
2 5
4 55
9 48
13 22
7 12
8 10
14 48
49 51
8 12
15 44
42 47
26 42
2 58
5 8
8 58
53 55
3 5
5 24
0 4
15 43
31 37
16 20
16 18
27 31
31 33
14 46
23 43
43 45
40 42
11 48
28 31
29 53
36 39
56 59
26 39
31 35
32 36
13 17
26 53
9 49
25 53
9 11
39 41
51 53
15 17
20 22
33 36
24 43
1 3
51 55
13 19
24 26
21 23
50 56
29 31
28 53
8 50
5 53
14 44
12 14
1 4
13 15
36 38
26 40
42 48
4 56
33 35
36 41
43 46
37 39
6 8
0 1
1 2
2 3
3 4
4 5
5 6
6 7
7 8
8 9
9 10
10 11
11 12
12 13
13 14
14 15
15 16
16 17
17 18
18 19
19 20
20 21
21 22
22 23
23 24
24 25
25 26
26 27
27 28
28 29
29 30
30 31
31 32
32 33
33 34
34 35
35 36
36 37
37 38
38 39
39 40
40 41
41 42
42 43
43 44
44 45
45 46
46 47
47 48
48 49
49 50
50 51
51 52
52 53
53 54
54 55
55 56
56 57
57 58
58 59
59 0
11 25
16 58
6 29
17 25
29 51
43 49
14 22
4 43
4 52
7 28
35 49
39 49
4 11
32 39
1 55
16 52
5 41
16 28
54 56
2 59
3 14
16 22
8 26
15 59
12 25
28 52
30 50
30 49
31 39
35 38
40 44
6 9
4 42
21 24
13 24
52 57
39 46
3 12
21 25
44 48
44 49
4 9
52 54
39 48
19 25
35 39
7 27
4 49
3 54
1 57
9 26
12 24
2 15
17 20
17 22
31 49
3 53
33 49
7 9
5 31
1 56
32 38
16 27
7 26
45 47
17 26
3 52
3 55
2 55
20 25
5 29
7 29
3 13
32 37
15 22
32 49
35 37
17 19
34 49
52 56
34 36
16 59
49 52
0 2
14 23
40 45
11 26
5 30
5 39
33 37
17 27
40 46
50 52
4 41
34 37
41 44
16 57
10 26
29 52
4 10
3 11
39 47
5 40
45 48
5 9
29 50
2 14
42 44
14 24
18 25
1 59
22 24
17 21
