0 1
1 2
2 3
3 4
4 5
5 6
6 7
7 8
8 9
9 10
10 11
11 12
12 13
13 14
14 15
15 16
16 17
17 18
18 19
19 20
20 21
21 22
22 23
23 24
24 25
25 26
26 27
27 28
28 29
29 30
30 31
31 32
32 33
33 34
34 35
35 36
36 37
37 38
38 39
39 40
40 41
41 42
42 43
43 44
44 45
45 46
46 47
47 48
48 49
49 50
50 51
51 52
52 53
53 54
54 55
55 56
56 57
57 58
58 59
59 0
17 59
38 47
4 8
8 54
39 57
25 29
14 17
3 12
6 58
16 54
1 3
18 22
17 51
29 57
39 55
20 32
57 59
4 9
9 12
25 27
19 22
33 39
17 57
19 49
31 57
41 47
38 43
3 9
35 48
18 26
51 55
4 58
42 46
27 57
0 12
11 15
28 57
34 48
13 17
6 8
43 45
2 4
19 21
26 57
22 32
16 52
7 56
9 11
52 55
1 4
52 54
40 49
8 11
38 45
20 33
1 12
24 26
20 22
22 25
35 38
16 53
31 39
15 54
40 47
12 14
10 12
25 30
12 17
30 57
5 8
0 4
34 49
41 43
15 17
34 37
17 50
33 37
38 41
33 38
0 58
0 17
19 34
34 36
22 24
19 50
17 52
47 49
7 54
8 15
7 57
41 46
11 14
42 44
18 57
42 45
50 55
39 56
20 34
39 41
39 49
25 28
18 23
7 58
18 50
18 24
31 33
54 56
5 58
30 32
36 38
35 47
49 55
38 46
25 32
0 1
1 2
2 3
3 4
4 5
5 6
6 7
7 8
8 9
9 10
10 11
11 12
12 13
13 14
14 15
15 16
16 17
17 18
18 19
19 20
20 21
21 22
22 23
23 24
24 25
25 26
26 27
27 28
28 29
29 30
30 31
31 32
32 33
33 34
34 35
35 36
36 37
37 38
38 39
39 40
40 41
41 42
42 43
43 44
44 45
45 46
46 47
47 48
48 49
49 50
50 51
51 52
52 53
53 54
54 55
55 56
56 57
57 58
58 59
59 0
16 57
31 49
25 39
25 50
11 23
1 27
25 31
41 50
40 42
1 49
34 40
4 25
8 12
31 47
37 40
23 50
13 59
40 50
7 9
51 54
13 16
4 59
14 18
31 44
3 26
13 58
22 51
4 12
23 51
32 35
18 55
12 20
49 53
1 55
49 51
11 22
34 44
31 36
30 49
28 30
6 23
42 50
25 40
13 57
4 7
56 59
26 29
23 25
43 50
46 50
4 23
45 50
31 34
31 35
13 19
40 43
12 22
12 19
36 40
1 54
0 3
31 48
18 51
38 40
35 40
28 49
3 27
7 11
12 59
4 26
0 55
55 57
17 55
6 11
36 39
4 6
5 23
27 29
47 50
16 55
49 52
2 27
19 51
20 51
49 54
7 10
56 58
31 46
15 18
44 50
34 43
8 10
24 50
32 34
12 21
25 36
31 45
14 16
13 18
55 59
29 31
26 31
1 28
37 39
18 54
51 53
48 50
33 35
3 59
0 2
16 18
7 12
21 51
