0 1
1 2
2 3
3 4
4 5
5 6
6 7
7 8
8 9
9 10
10 11
11 12
12 13
13 14
14 15
15 16
16 17
17 18
18 19
19 20
20 21
21 22
22 23
23 24
24 25
25 26
26 27
27 28
28 29
29 30
30 31
31 32
32 33
33 34
34 35
35 36
36 37
37 38
38 39
39 40
40 41
41 42
42 43
43 44
44 45
45 46
46 47
47 48
48 49
49 50
50 51
51 52
52 53
53 54
54 55
55 56
56 57
57 58
58 59
59 0
30 54
32 38
14 22
52 57
31 41
5 48
2 11
12 59
2 9
49 54
31 34
28 42
17 28
22 46
36 42
4 7
28 46
21 24
0 5
5 12
19 21
35 48
22 26
33 38
17 55
20 25
22 47
20 28
18 28
14 57
8 12
43 46
0 51
44 47
1 4
13 22
29 31
21 23
38 42
1 3
4 6
6 12
2 10
0 57
38 40
16 56
0 12
5 22
7 12
29 41
0 49
0 11
49 53
12 22
10 12
22 28
0 2
31 54
55 57
20 27
7 9
45 47
42 48
39 42
34 54
0 48
22 25
16 19
26 28
17 29
33 36
21 25
32 34
16 21
35 49
31 38
17 56
4 9
12 58
35 42
52 54
15 56
16 18
49 51
51 57
49 52
14 56
0 4
20 26
12 14
39 41
0 58
29 54
33 37
29 42
34 36
35 54
42 44
9 12
3 9
14 16
14 21
18 20
29 55
23 25
28 43
36 38
50 52
38 41
43 45
54 57
12 57
42 47
5 47
0 1
1 2
2 3
3 4
4 5
5 6
6 7
7 8
8 9
9 10
10 11
11 12
12 13
13 14
14 15
15 16
16 17
17 18
18 19
19 20
20 21
21 22
22 23
23 24
24 25
25 26
26 27
27 28
28 29
29 30
30 31
31 32
32 33
33 34
34 35
35 36
36 37
37 38
38 39
39 40
40 41
41 42
42 43
43 44
44 45
45 46
46 47
47 48
48 49
49 50
50 51
51 52
52 53
53 54
54 55
55 56
56 57
57 58
58 59
59 0
30 50
46 48
9 29
9 54
40 44
14 46
38 44
38 50
15 36
10 46
38 49
52 55
14 20
11 25
31 35
0 46
15 19
17 25
9 58
1 5
11 28
28 33
16 33
3 7
55 59
41 45
30 38
11 21
18 21
40 43
9 50
6 58
30 35
39 47
17 26
39 49
2 46
3 8
11 14
25 28
37 46
46 51
11 20
0 6
41 47
31 33
18 25
17 33
40 42
41 44
9 55
29 50
51 59
3 6
47 49
9 57
39 44
37 44
30 36
1 46
11 46
13 46
7 58
51 53
41 43
15 17
2 8
15 20
18 22
44 46
11 23
15 33
36 46
48 51
15 18
12 46
30 32
56 58
9 56
52 59
30 33
46 59
15 34
56 59
40 47
51 54
8 46
41 46
11 22
9 11
1 6
17 27
27 33
28 30
11 24
15 46
18 24
9 46
18 23
2 5
2 4
50 54
30 37
48 50
11 13
15 35
25 27
9 28
53 55
6 59
33 35
3 5
8 58
