0 1
1 2
2 3
3 4
4 5
5 6
6 7
7 8
8 9
9 10
10 11
11 12
12 13
13 14
14 15
15 16
16 17
17 18
18 19
19 20
20 21
21 22
22 23
23 24
24 25
25 26
26 27
27 28
28 29
29 30
30 31
31 32
32 33
33 34
34 35
35 36
36 37
37 38
38 39
39 40
40 41
41 42
42 43
43 44
44 45
45 46
46 47
47 48
48 49
49 50
50 51
51 52
52 53
53 54
54 55
55 56
56 57
57 58
58 59
59 0
23 32
26 38
14 22
45 54
34 44
19 34
46 54
16 56
13 48
5 16
24 43
0 53
15 19
25 27
45 48
5 52
18 45
6 11
11 49
41 43
5 12
25 41
5 11
11 48
26 40
22 24
1 52
5 49
0 56
18 54
30 33
0 16
34 37
28 38
28 37
24 45
35 40
50 52
46 48
5 10
56 58
13 24
40 42
51 54
16 58
10 12
3 16
5 14
47 54
22 34
12 48
37 39
2 5
24 48
27 38
28 33
16 18
28 31
17 55
49 52
2 4
14 19
0 52
16 59
35 44
24 44
53 56
34 36
23 31
5 7
31 33
6 10
6 8
28 34
17 54
2 16
53 55
35 42
34 45
23 28
16 55
48 50
4 16
37 40
0 58
24 41
26 41
35 37
5 13
29 31
24 28
50 54
6 9
14 20
14 16
16 57
1 16
47 50
19 21
32 34
1 5
26 39
5 9
13 22
51 53
15 18
22 32
7 9
25 28
21 34
35 43
14 21
29 33
18 34
0 1
1 2
2 3
3 4
4 5
5 6
6 7
7 8
8 9
9 10
10 11
11 12
12 13
13 14
14 15
15 16
16 17
17 18
18 19
19 20
20 21
21 22
22 23
23 24
24 25
25 26
26 27
27 28
28 29
29 30
30 31
31 32
32 33
33 34
34 35
35 36
36 37
37 38
38 39
39 40
40 41
41 42
42 43
43 44
44 45
45 46
46 47
47 48
48 49
49 50
50 51
51 52
52 53
53 54
54 55
55 56
56 57
57 58
58 59
59 0
31 52
5 37
39 58
42 49
11 18
15 35
43 48
7 52
6 35
3 54
22 29
38 49
9 26
9 24
33 35
7 15
42 50
9 52
42 58
2 55
42 56
7 12
39 59
20 22
2 39
39 47
6 52
18 31
4 39
52 54
15 31
37 52
10 19
5 38
39 48
2 57
3 55
6 36
9 25
16 31
40 45
3 39
23 26
21 30
54 56
29 52
38 50
4 54
38 52
52 56
43 47
1 59
12 15
5 36
8 52
40 47
39 49
1 39
10 24
43 46
7 35
41 45
44 46
20 31
4 52
45 47
32 35
31 35
26 52
39 42
31 37
43 49
50 56
19 22
12 18
0 39
12 16
39 41
19 24
21 31
18 20
33 37
17 31
41 44
30 52
1 57
24 26
12 14
22 28
8 11
23 27
4 38
32 37
7 14
57 59
26 28
33 36
4 53
8 12
22 30
9 11
2 56
13 15
38 51
42 44
4 6
28 52
51 56
22 27
10 18
19 23
12 17
42 57
