0 1
1 2
2 3
3 4
4 5
5 6
6 7
7 8
8 9
9 10
10 11
11 12
12 13
13 14
14 15
15 16
16 17
17 18
18 19
19 20
20 21
21 22
22 23
23 24
24 25
25 26
26 27
27 28
28 29
29 30
30 31
31 32
32 33
33 34
34 35
35 36
36 37
37 38
38 39
39 40
40 41
41 42
42 43
43 44
44 45
45 46
46 47
47 48
48 49
49 50
50 51
51 52
52 53
53 54
54 55
55 56
56 57
57 58
58 59
59 0
5 8
25 45
6 22
6 23
44 50
16 50
56 59
2 55
9 55
39 56
8 10
25 47
50 56
5 32
1 56
40 45
5 58
32 56
3 8
9 16
9 50
15 21
26 28
26 38
51 53
9 15
30 33
18 25
6 24
51 56
0 2
10 12
47 49
15 19
28 35
41 56
37 39
26 36
15 20
10 15
50 54
5 28
26 37
50 55
8 12
17 48
28 32
20 23
5 7
5 25
28 34
7 22
2 9
4 58
26 40
8 21
25 46
31 33
44 56
17 49
36 56
26 45
32 34
11 14
0 4
38 40
20 22
17 47
17 19
51 55
0 3
47 50
50 53
56 58
28 33
32 58
5 24
32 36
32 57
25 27
53 55
29 31
16 19
41 43
8 15
50 52
32 35
8 13
40 44
0 58
12 14
1 55
16 49
43 56
8 14
42 44
29 32
19 24
20 24
18 24
40 56
41 44
8 22
4 8
44 46
25 28
29 33
1 59
18 47
28 36
3 9
36 39
10 14
46 50
0 1
1 2
2 3
3 4
4 5
5 6
6 7
7 8
8 9
9 10
10 11
11 12
12 13
13 14
14 15
15 16
16 17
17 18
18 19
19 20
20 21
21 22
22 23
23 24
24 25
25 26
26 27
27 28
28 29
29 30
30 31
31 32
32 33
33 34
34 35
35 36
36 37
37 38
38 39
39 40
40 41
41 42
42 43
43 44
44 45
45 46
46 47
47 48
48 49
49 50
50 51
51 52
52 53
53 54
54 55
55 56
56 57
57 58
58 59
59 0
7 26
21 25
38 56
16 42
21 42
54 58
47 55
9 58
8 17
39 43
10 17
12 49
21 39
26 29
48 52
16 45
0 35
17 20
36 58
8 23
51 58
28 39
12 46
38 47
49 51
32 38
8 25
0 6
5 9
21 23
18 42
13 15
15 45
21 40
30 34
38 44
39 41
48 50
44 47
38 57
39 42
17 23
22 25
13 17
33 36
34 36
28 38
7 29
0 7
36 38
47 54
0 30
46 48
3 6
47 52
11 58
12 45
51 54
33 37
40 42
8 24
33 38
38 43
1 4
49 58
38 55
5 59
27 29
7 25
17 21
10 58
15 17
12 58
11 17
55 57
0 5
18 21
35 58
21 28
35 59
22 24
12 15
21 27
14 17
1 3
16 44
2 4
30 32
1 5
18 20
9 17
0 34
30 38
31 38
1 6
29 38
6 9
16 18
9 59
47 53
0 29
3 5
11 13
54 57
7 9
48 51
46 49
38 58
16 43
52 54
19 21
21 26
45 47
