0 1
1 2
2 3
3 4
4 5
5 6
6 7
7 8
8 9
9 10
10 11
11 12
12 13
13 14
14 15
15 16
16 17
17 18
18 19
19 20
20 21
21 22
22 23
23 24
24 25
25 26
26 27
27 28
28 29
29 30
30 31
31 32
32 33
33 34
34 35
35 36
36 37
37 38
38 39
39 40
40 41
41 42
42 43
43 44
44 45
45 46
46 47
47 48
48 49
49 50
50 51
51 52
52 53
53 54
54 55
55 56
56 57
57 58
58 59
59 0
19 38
9 39
20 52
40 47
6 9
0 17
48 54
32 51
2 12
2 48
40 44
33 46
6 10
12 38
21 29
9 38
20 51
2 11
27 29
33 40
23 36
7 39
35 37
57 59
31 51
51 53
51 54
54 57
38 40
31 33
3 39
19 59
47 51
45 47
52 59
12 17
41 46
25 29
52 57
52 55
16 38
22 26
2 57
21 26
22 36
1 58
21 30
23 26
3 10
14 16
54 56
16 19
9 12
25 31
25 36
21 27
40 43
33 37
21 38
12 14
40 42
36 38
0 12
3 47
34 36
39 47
21 31
24 36
17 19
31 36
21 51
34 37
37 40
55 57
7 9
48 57
26 28
4 39
3 6
3 11
15 38
1 59
49 54
31 34
25 30
6 8
40 45
50 54
43 45
47 50
33 51
24 26
42 45
4 6
13 17
5 39
0 18
48 50
5 7
2 58
14 38
10 12
33 47
41 45
22 38
40 46
53 55
18 59
26 29
20 38
0 2
13 16
2 47
19 52

0 1
1 2
2 3
3 4
4 5
5 6
6 7
7 8
8 9
9 10
10 11
11 12
12 13
13 14
14 15
15 16
16 17
17 18
18 19
19 20
20 21
21 22
22 23
23 24
24 25
25 26
26 27
27 28
28 29
29 30
30 31
31 32
32 33
33 34
34 35
35 36
36 37
37 38
38 39
39 40
40 41
41 42
42 43
43 44
44 45
45 46
46 47
47 48
48 49
49 50
50 51
51 52
52 53
53 54
54 55
55 56
56 57
57 58
58 59
59 0
40 55
5 29
3 24
1 43
30 58
28 59
0 43
4 22
6 14
4 32
9 23
45 58
17 20
29 59
37 58
20 22
1 40
9 13
44 50
4 21
30 33
2 28
2 27
11 23
44 54
6 13
30 35
12 22
49 51
8 26
19 22
23 25
41 54
3 35
4 31
47 53
4 34
5 30
2 39
45 57
30 32
18 20
6 21
53 57
6 20
5 26
1 39
3 26
36 58
52 54
14 19
53 56
44 51
46 57
3 27
30 34
35 39
49 53
29 58
4 35
0 44
1 41
0 28
11 13
16 18
42 54
6 16
44 59
39 58
6 17
45 50
41 55
8 13
45 48
40 57
9 25
38 58
13 19
9 11
11 22
43 54
1 42
9 26
46 48
32 34
6 26
15 19
7 26
37 39
13 22
35 58
5 28
22 24
36 39
44 52
47 49
5 31
47 57
5 21
15 18
40 56
40 58
1 28
5 27
49 52
45 59
3 25
7 13
3 22
10 23
2 35
6 15
45 49
