0 1
1 2
2 3
3 4
4 5
5 6
6 7
7 8
8 9
9 10
10 11
11 12
12 13
13 14
14 15
15 16
16 17
17 18
18 19
19 20
20 21
21 22
22 23
23 24
24 25
25 26
26 27
27 28
28 29
29 30
30 31
31 32
32 33
33 34
34 35
35 36
36 37
37 38
38 39
39 40
40 41
41 42
42 43
43 44
44 45
45 46
46 47
47 48
48 49
49 50
50 51
51 52
52 53
53 54
54 55
55 56
56 57
57 58
58 59
59 0
48 55
36 46
34 47
31 57
43 55
9 58
7 53
47 52
19 26
22 27
17 57
47 53
5 57
6 58
34 55
30 53
31 55
12 17
3 6
40 42
16 18
18 21
7 56
8 53
16 28
37 41
34 53
22 28
9 29
30 33
4 59
31 34
16 26
44 48
23 26
39 55
26 28
17 22
37 45
36 47
12 58
55 57
36 55
0 2
57 59
2 59
51 53
36 45
12 16
28 30
12 29
42 45
19 24
8 30
1 4
24 26
12 15
34 36
20 24
48 54
4 6
22 57
13 15
11 29
38 40
18 26
30 34
50 52
38 41
48 51
1 59
38 55
4 57
49 51
10 58
51 54
43 45
6 56
20 22
30 57
13 16
19 21
12 57
9 30
15 17
22 24
2 4
11 58
6 8
42 55
31 33
28 57
19 25
8 58
39 42
22 26
37 42
12 28
7 54
44 46
6 59
12 14
44 55
36 38
47 49
47 50
54 56
35 55
10 29
3 59
17 21
44 47
6 57
32 34

0 1
1 2
2 3
3 4
4 5
5 6
6 7
7 8
8 9
9 10
10 11
11 12
12 13
13 14
14 15
15 16
16 17
17 18
18 19
19 20
20 21
21 22
22 23
23 24
24 25
25 26
26 27
27 28
28 29
29 30
30 31
31 32
32 33
33 34
34 35
35 36
36 37
37 38
38 39
39 40
40 41
41 42
42 43
43 44
44 45
45 46
46 47
47 48
48 49
49 50
50 51
51 52
52 53
53 54
54 55
55 56
56 57
57 58
58 59
59 0
25 56
20 30
11 22
31 58
12 21
0 16
30 35
25 38
10 15
32 41
17 19
40 44
25 48
38 44
26 37
5 24
16 19
24 59
44 52
33 40
32 40
56 58
10 13
49 53
20 31
45 49
25 45
18 31
44 53
54 57
26 29
2 6
50 53
25 30
18 59
12 19
0 24
9 16
18 58
45 48
25 44
5 11
15 19
37 39
5 10
25 58
1 24
35 37
32 57
46 48
27 29
36 39
41 53
25 49
10 14
17 59
20 25
28 35
36 40
9 15
22 25
0 6
23 25
30 32
0 8
0 9
14 19
42 44
49 54
53 57
41 43
28 37
27 37
6 9
5 23
0 7
2 24
45 52
3 24
25 55
32 58
10 12
26 38
2 5
45 47
13 19
49 55
35 40
12 20
19 31
11 23
4 24
12 22
32 35
32 53
0 17
41 44
43 53
39 44
21 25
6 10
45 50
24 58
45 51
26 30
3 5
33 35
34 40
7 9
25 47
1 6
29 35
