0 1
1 2
2 3
3 4
4 5
5 6
6 7
7 8
8 9
9 10
10 11
11 12
12 13
13 14
14 15
15 16
16 17
17 18
18 19
19 20
20 21
21 22
22 23
23 24
24 25
25 26
26 27
27 28
28 29
29 30
30 31
31 32
32 33
33 34
34 35
35 36
36 37
37 38
38 39
39 40
40 41
41 42
42 43
43 44
44 45
45 46
46 47
47 48
48 49
49 50
50 51
51 52
52 53
53 54
54 55
55 56
56 57
57 58
58 59
59 0
36 44
1 6
9 47
3 36
12 40
16 32
5 29
37 41
20 23
44 49
8 19
10 45
48 53
15 38
26 32
15 17
51 58
1 53
2 49
15 40
56 59
7 47
18 26
50 52
11 19
8 28
15 18
16 26
1 50
45 48
34 36
2 36
23 27
2 50
49 53
6 28
39 41
25 27
26 29
55 59
20 24
20 25
16 18
15 33
10 46
45 49
54 58
37 42
26 30
1 51
6 8
4 31
36 49
52 54
13 19
8 21
15 39
0 54
19 21
30 32
49 52
51 54
2 6
21 23
3 5
4 30
33 37
12 19
6 48
12 15
40 44
3 35
36 43
42 44
31 35
1 54
54 57
16 33
14 18
51 59
7 48
12 14
37 43
33 35
31 33
9 19
10 44
11 40
26 28
15 37
8 22
13 18
33 36
24 27
22 28
11 44
10 47
20 26
22 27
0 55
4 35
37 39
7 9
1 48
19 26
3 6
10 19
56 58
0 51
55 57
6 29
45 47
41 44
4 29
0 1
1 2
2 3
3 4
4 5
5 6
6 7
7 8
8 9
9 10
10 11
11 12
12 13
13 14
14 15
15 16
16 17
17 18
18 19
19 20
20 21
21 22
22 23
23 24
24 25
25 26
26 27
27 28
28 29
29 30
30 31
31 32
32 33
33 34
34 35
35 36
36 37
37 38
38 39
39 40
40 41
41 42
42 43
43 44
44 45
45 46
46 47
47 48
48 49
49 50
50 51
51 52
52 53
53 54
54 55
55 56
56 57
57 58
58 59
59 0
10 51
17 51
8 42
29 39
36 39
9 27
20 51
9 59
1 3
10 21
9 30
36 42
9 52
43 46
2 53
28 51
2 8
3 9
14 17
11 16
39 49
45 50
30 38
39 42
11 14
8 36
42 46
29 49
1 56
28 30
8 31
42 52
9 55
11 17
11 20
36 38
44 50
44 51
3 8
8 34
21 24
22 24
2 5
1 9
21 26
28 49
41 46
53 55
0 9
52 55
27 51
8 52
40 48
11 18
4 7
46 48
11 15
30 37
22 51
9 21
12 18
19 51
23 26
43 45
23 25
39 48
30 33
47 50
4 8
9 26
34 37
18 51
43 51
40 42
8 33
9 51
0 58
20 22
1 58
28 50
2 52
21 25
11 21
10 17
42 51
47 49
5 7
40 46
54 56
18 20
30 39
9 28
9 56
46 50
12 17
2 54
9 57
9 58
2 7
23 51
1 57
8 35
14 16
26 51
4 6
8 32
11 13
35 37
2 56
13 17
8 30
2 4
30 34
