0 1
1 2
2 3
3 4
4 5
5 6
6 7
7 8
8 9
9 10
10 11
11 12
12 13
13 14
14 15
15 16
16 17
17 18
18 19
19 20
20 21
21 22
22 23
23 24
24 25
25 26
26 27
27 28
28 29
29 30
30 31
31 32
32 33
33 34
34 35
35 36
36 37
37 38
38 39
39 40
40 41
41 42
42 43
43 44
44 45
45 46
46 47
47 48
48 49
49 50
50 51
51 52
52 53
53 54
54 55
55 56
56 57
57 58
58 59
59 0
1 32
3 42
10 31
3 39
23 26
15 26
35 48
20 35
45 58
1 44
42 44
42 46
25 31
4 38
33 50
16 26
0 32
33 51
15 35
6 36
1 43
22 26
53 55
22 31
33 56
21 35
2 7
18 20
13 31
9 13
0 56
39 41
26 30
47 57
15 31
48 57
7 10
45 59
0 58
42 45
6 8
18 21
16 19
53 56
22 25
15 20
48 54
2 43
27 29
36 47
18 26
35 50
48 51
48 50
33 53
0 57
51 54
3 5
26 29
3 41
6 38
22 35
9 14
15 28
0 44
41 47
4 39
22 32
46 58
3 6
6 14
37 47
17 19
49 51
9 12
52 54
21 26
46 57
0 45
32 35
17 26
33 52
1 31
6 37
26 28
1 10
6 35
40 47
2 42
33 35
32 56
10 13
32 34
42 47
37 40
15 30
26 31
9 11
11 13
5 38
54 57
35 47
3 7
38 40
24 26
6 9
16 20
8 10
14 31
15 29
22 24
1 7
14 35
54 56

0 1
1 2
2 3
3 4
4 5
5 6
6 7
7 8
8 9
9 10
10 11
11 12
12 13
13 14
14 15
15 16
16 17
17 18
18 19
19 20
20 21
21 22
22 23
23 24
24 25
25 26
26 27
27 28
28 29
29 30
30 31
31 32
32 33
33 34
34 35
35 36
36 37
37 38
38 39
39 40
40 41
41 42
42 43
43 44
44 45
45 46
46 47
47 48
48 49
49 50
50 51
51 52
52 53
53 54
54 55
55 56
56 57
57 58
58 59
59 0
11 36
18 33
35 54
26 56
36 52
11 45
37 42
55 59
2 6
39 43
11 56
50 52
29 56
11 39
25 32
2 45
43 51
21 32
1 46
0 50
36 54
24 32
1 4
13 35
14 34
42 52
11 19
5 59
12 14
25 56
43 45
44 47
23 56
20 23
7 59
14 33
16 33
52 55
35 55
6 45
11 38
55 58
26 32
9 45
37 41
11 43
36 53
0 4
0 55
30 35
7 56
46 48
19 23
20 33
47 51
11 15
4 59
36 42
11 16
38 41
27 31
1 3
24 56
20 32
10 45
56 58
8 11
11 18
30 32
55 57
1 49
27 32
30 33
8 56
44 46
1 48
11 35
40 42
19 33
35 56
36 38
11 14
21 24
2 46
8 45
29 35
20 22
21 23
2 5
39 42
19 56
42 51
0 52
56 59
2 4
6 59
15 33
13 34
47 50
0 49
44 51
30 34
27 30
17 33
27 56
47 49
28 56
28 30
11 17
12 35
7 45
