0 1
1 2
2 3
3 4
4 5
5 6
6 7
7 8
8 9
9 10
10 11
11 12
12 13
13 14
14 15
15 16
16 17
17 18
18 19
19 20
20 21
21 22
22 23
23 24
24 25
25 26
26 27
27 28
28 29
29 30
30 31
31 32
32 33
33 34
34 35
35 36
36 37
37 38
38 39
39 40
40 41
41 42
42 43
43 44
44 45
45 46
46 47
47 48
48 49
49 50
50 51
51 52
52 53
53 54
54 55
55 56
56 57
57 58
58 59
59 0
40 55
7 24
22 43
4 43
0 34
0 32
13 18
29 37
44 47
23 25
55 59
0 28
10 18
45 57
22 38
47 51
44 46
15 43
50 53
1 5
56 58
33 37
3 5
7 23
4 8
20 23
0 2
35 39
8 20
4 6
5 24
45 54
43 58
48 55
18 43
28 38
3 43
53 55
11 14
29 31
18 20
49 53
23 27
45 52
20 43
1 3
0 29
6 24
8 11
42 55
26 28
39 55
42 48
11 13
0 31
52 54
44 57
46 51
0 30
38 40
16 43
19 43
4 11
14 18
31 37
4 15
35 38
43 47
0 3
11 15
39 59
46 52
3 58
1 28
44 58
51 53
14 17
35 37
22 27
47 49
22 41
10 12
28 37
27 38
24 28
3 59
9 20
54 56
24 26
49 55
14 16
34 36
4 7
0 39
22 40
5 28
33 36
8 10
22 42
55 58
43 48
16 18
31 33
7 20
41 55
10 13
49 51
10 20
20 22
0 35
23 26
54 57
32 34
21 43

0 1
1 2
2 3
3 4
4 5
5 6
6 7
7 8
8 9
9 10
10 11
11 12
12 13
13 14
14 15
15 16
16 17
17 18
18 19
19 20
20 21
21 22
22 23
23 24
24 25
25 26
26 27
27 28
28 29
29 30
30 31
31 32
32 33
33 34
34 35
35 36
36 37
37 38
38 39
39 40
40 41
41 42
42 43
43 44
44 45
45 46
46 47
47 48
48 49
49 50
50 51
51 52
52 53
53 54
54 55
55 56
56 57
57 58
58 59
59 0
28 50
4 14
23 32
43 49
17 58
30 34
34 39
11 22
34 58
35 55
29 41
3 25
39 50
23 33
9 14
28 43
51 56
52 55
13 22
37 53
16 58
47 50
20 58
2 15
14 20
13 21
19 58
5 22
37 55
51 55
29 39
21 34
2 25
34 38
0 51
41 44
0 57
24 32
37 52
30 33
5 8
6 14
0 15
8 22
15 58
16 20
22 25
22 33
37 39
40 46
22 24
12 22
45 47
3 15
25 27
44 49
10 22
17 20
0 27
29 34
9 11
1 25
14 21
43 50
26 29
26 31
50 52
35 56
9 12
28 42
20 34
40 45
15 59
27 50
18 58
28 41
34 57
41 43
45 49
39 41
40 47
37 50
21 33
4 25
27 29
9 22
6 9
57 59
5 25
26 30
1 27
36 55
7 9
36 38
30 32
26 32
41 45
35 57
37 54
5 14
12 14
1 15
48 50
51 57
40 50
6 8
27 51
3 14
25 32
15 20
17 19
45 48
