0 1
1 2
2 3
3 4
4 5
5 6
6 7
7 8
8 9
9 10
10 11
11 12
12 13
13 14
14 15
15 16
16 17
17 18
18 19
19 20
20 21
21 22
22 23
23 24
24 25
25 26
26 27
27 28
28 29
29 30
30 31
31 32
32 33
33 34
34 35
35 36
36 37
37 38
38 39
39 40
40 41
41 42
42 43
43 44
44 45
45 46
46 47
47 48
48 49
49 50
50 51
51 52
52 53
53 54
54 55
55 56
56 57
57 58
58 59
59 0
3 44
2 8
38 57
26 33
2 30
12 39
12 15
3 58
52 57
21 39
27 32
10 29
11 43
35 38
45 54
21 25
35 39
14 22
48 52
9 29
43 46
4 10
19 21
39 49
15 20
39 42
2 37
2 7
11 28
47 52
25 35
4 7
9 30
22 27
1 38
28 30
22 26
40 49
15 21
12 20
53 57
38 50
2 34
26 34
13 22
12 43
13 27
45 53
34 36
48 50
36 38
3 55
0 2
50 57
2 59
3 59
39 41
2 33
16 20
51 57
5 8
16 19
11 27
46 49
27 31
18 21
4 11
46 53
12 27
44 46
41 49
20 39
10 28
4 8
57 59
38 59
17 19
44 54
48 51
2 31
25 34
23 25
43 49
26 32
15 18
15 22
4 44
23 26
41 43
22 24
3 56
8 30
2 38
47 53
4 9
2 32
4 43
3 54
21 35
0 38
46 48
12 14
27 30
39 43
6 8
39 50
54 57
3 57
2 36
16 18
21 24
2 4
55 57
5 7

0 1
1 2
2 3
3 4
4 5
5 6
6 7
7 8
8 9
9 10
10 11
11 12
12 13
13 14
14 15
15 16
16 17
17 18
18 19
19 20
20 21
21 22
22 23
23 24
24 25
25 26
26 27
27 28
28 29
29 30
30 31
31 32
32 33
33 34
34 35
35 36
36 37
37 38
38 39
39 40
40 41
41 42
42 43
43 44
44 45
45 46
46 47
47 48
48 49
49 50
50 51
51 52
52 53
53 54
54 55
55 56
56 57
57 58
58 59
59 0
24 35
7 9
25 43
22 59
43 54
32 37
0 54
12 36
8 22
10 22
24 47
2 43
44 48
43 47
24 43
28 32
22 52
22 35
28 31
14 19
24 48
1 4
24 52
44 52
22 55
25 29
13 18
12 22
32 38
0 58
4 38
5 37
5 11
29 43
43 45
0 4
44 51
27 35
4 42
14 21
24 49
28 33
11 22
32 35
8 59
0 43
18 22
29 40
11 37
6 11
22 53
12 21
4 41
22 36
30 38
14 17
29 42
45 48
26 29
24 51
38 40
11 18
11 13
8 10
22 57
24 27
28 34
29 38
13 16
13 17
4 59
52 54
13 15
14 20
32 36
5 59
7 59
22 54
27 29
32 34
23 52
22 56
15 17
24 50
0 57
13 21
7 10
12 37
2 42
19 22
25 27
1 43
43 52
4 37
44 49
3 42
31 38
7 11
0 56
23 35
0 55
1 3
29 31
6 59
27 34
20 22
49 51
29 41
4 39
14 18
22 58
4 40
45 47
