0 1
1 2
2 3
3 4
4 5
5 6
6 7
7 8
8 9
9 10
10 11
11 12
12 13
13 14
14 15
15 16
16 17
17 18
18 19
19 20
20 21
21 22
22 23
23 24
24 25
25 26
26 27
27 28
28 29
29 30
30 31
31 32
32 33
33 34
34 35
35 36
36 37
37 38
38 39
39 40
40 41
41 42
42 43
43 44
44 45
45 46
46 47
47 48
48 49
49 50
50 51
51 52
52 53
53 54
54 55
55 56
56 57
57 58
58 59
59 0
16 49
7 32
8 12
52 59
22 25
51 57
22 40
7 35
37 58
1 14
21 49
3 9
41 58
57 59
24 29
17 23
26 40
40 46
1 37
0 14
11 14
27 40
17 20
51 53
12 23
28 31
44 57
2 14
23 29
53 56
0 49
33 39
5 7
16 18
40 43
8 30
4 7
21 46
45 49
45 47
8 32
54 56
44 50
36 38
28 40
35 39
4 35
9 11
46 48
2 11
3 37
6 8
8 11
18 21
2 10
15 17
33 35
1 59
16 21
51 59
38 58
3 36
1 58
24 26
55 57
0 15
3 5
47 49
34 39
17 21
38 40
5 8
12 15
0 50
41 57
38 41
13 15
3 10
12 30
40 42
19 21
36 39
26 29
25 40
54 59
31 40
12 14
18 20
31 39
41 44
15 49
12 17
40 44
51 56
3 35
50 59
21 48
8 31
52 54
28 30
31 33
55 59
23 25
40 45
45 50
21 23
50 57
7 33
41 43
2 37
12 29
27 29
5 9
22 46

0 1
1 2
2 3
3 4
4 5
5 6
6 7
7 8
8 9
9 10
10 11
11 12
12 13
13 14
14 15
15 16
16 17
17 18
18 19
19 20
20 21
21 22
22 23
23 24
24 25
25 26
26 27
27 28
28 29
29 30
30 31
31 32
32 33
33 34
34 35
35 36
36 37
37 38
38 39
39 40
40 41
41 42
42 43
43 44
44 45
45 46
46 47
47 48
48 49
49 50
50 51
51 52
52 53
53 54
54 55
55 56
56 57
57 58
58 59
59 0
27 34
38 57
8 15
19 28
40 57
35 57
3 48
4 26
12 57
43 48
4 16
5 57
4 57
0 51
47 52
29 34
44 54
43 47
42 44
8 57
0 4
26 42
12 16
30 34
39 42
56 58
27 38
13 16
32 57
52 55
23 28
8 14
45 52
4 15
39 57
16 25
23 27
16 23
4 6
25 27
48 52
1 51
2 4
4 8
30 33
10 12
1 48
44 56
20 28
51 55
55 58
27 39
17 22
28 57
26 48
9 13
53 55
32 35
51 58
26 39
34 37
36 57
44 46
10 13
29 31
44 55
30 32
44 53
9 12
16 22
32 34
8 13
26 43
22 28
1 4
39 41
28 32
40 56
42 56
9 57
49 51
41 56
2 48
17 28
29 32
43 46
18 22
18 28
27 37
16 24
34 36
0 58
4 48
4 59
20 22
4 58
1 49
19 22
44 52
12 28
24 27
37 57
46 52
1 50
14 16
48 51
7 57
16 28
21 28
6 57
4 25
11 13
28 34
