0 1
1 2
2 3
3 4
4 5
5 6
6 7
7 8
8 9
9 10
10 11
11 12
12 13
13 14
14 15
15 16
16 17
17 18
18 19
19 20
20 21
21 22
22 23
23 24
24 25
25 26
26 27
27 28
28 29
29 30
30 31
31 32
32 33
33 34
34 35
35 36
36 37
37 38
38 39
39 40
40 41
41 42
42 43
43 44
44 45
45 46
46 47
47 48
48 49
49 50
50 51
51 52
52 53
53 54
54 55
55 56
56 57
57 58
58 59
59 0
3 59
43 55
34 42
9 14
3 13
2 8
16 24
26 52
46 54
3 37
17 36
51 53
0 8
47 49
9 25
5 8
34 38
20 35
43 54
44 47
17 20
32 35
29 44
46 48
57 59
4 7
4 13
3 8
26 30
27 49
29 47
20 25
19 23
38 59
10 13
20 31
41 59
15 37
51 54
43 58
30 34
9 55
43 57
0 3
8 57
46 51
17 23
23 25
12 14
20 30
45 54
4 6
26 50
29 43
28 30
9 15
30 32
26 55
17 19
16 25
28 49
37 59
53 55
3 14
48 51
26 49
52 55
31 35
21 25
43 45
33 35
40 59
8 13
1 3
11 13
9 11
42 58
39 59
17 35
8 59
9 57
7 13
3 15
5 7
34 41
20 22
20 26
9 13
42 59
49 51
26 51
28 47
32 34
4 8
22 25
20 23
43 56
34 37
16 23
25 55
35 37
15 17
30 43
26 28
18 20
9 56
45 47
34 43
11 14
39 41
15 36
38 41
1 8
9 16
0 1
1 2
2 3
3 4
4 5
5 6
6 7
7 8
8 9
9 10
10 11
11 12
12 13
13 14
14 15
15 16
16 17
17 18
18 19
19 20
20 21
21 22
22 23
23 24
24 25
25 26
26 27
27 28
28 29
29 30
30 31
31 32
32 33
33 34
34 35
35 36
36 37
37 38
38 39
39 40
40 41
41 42
42 43
43 44
44 45
45 46
46 47
47 48
48 49
49 50
50 51
51 52
52 53
53 54
54 55
55 56
56 57
57 58
58 59
59 0
36 51
14 44
26 58
2 23
32 55
5 59
15 25
15 22
4 21
5 21
33 36
28 34
28 43
13 51
36 43
9 17
31 56
8 18
35 42
6 55
1 59
2 5
18 21
24 26
7 55
32 36
8 10
44 49
15 24
8 21
25 27
16 21
28 56
37 40
45 48
6 21
14 47
2 24
13 52
13 15
11 54
2 4
2 58
56 58
27 43
35 39
8 54
47 50
27 58
35 40
36 55
8 19
29 56
12 54
41 43
17 21
11 17
32 56
44 48
25 44
29 32
3 23
43 49
11 15
8 17
0 5
3 22
28 57
40 42
48 50
29 34
37 39
29 33
40 43
13 53
2 59
55 58
36 49
55 59
27 57
47 51
14 25
16 22
1 5
37 43
14 46
36 39
36 54
12 15
2 26
25 43
28 35
13 54
6 8
28 42
29 31
36 53
10 54
19 21
10 17
38 40
13 47
44 46
11 16
15 23
36 50
8 55
6 59
3 21
34 36
30 56
36 52
8 20
