0 1
1 2
2 3
3 4
4 5
5 6
6 7
7 8
8 9
9 10
10 11
11 12
12 13
13 14
14 15
15 16
16 17
17 18
18 19
19 20
20 21
21 22
22 23
23 24
24 25
25 26
26 27
27 28
28 29
29 30
30 31
31 32
32 33
33 34
34 35
35 36
36 37
37 38
38 39
39 40
40 41
41 42
42 43
43 44
44 45
45 46
46 47
47 48
48 49
49 50
50 51
51 52
52 53
53 54
54 55
55 56
56 57
57 58
58 59
59 0
27 31
39 47
23 31
17 53
7 9
13 36
24 29
29 32
6 48
3 5
24 48
40 48
24 51
24 37
10 40
24 50
39 45
9 57
0 5
21 32
3 52
43 47
16 34
12 39
24 33
52 58
9 13
0 3
24 26
5 9
52 57
13 37
9 54
10 39
40 44
18 32
0 9
7 40
41 47
11 39
13 38
17 23
16 36
40 47
39 48
14 16
34 37
14 53
15 53
2 4
23 27
23 53
9 59
42 44
1 4
54 57
26 29
0 52
5 48
37 48
38 48
13 16
18 21
11 13
16 32
48 50
0 4
23 32
45 47
5 50
12 38
17 19
9 53
30 32
23 26
54 56
3 50
6 8
29 33
44 46
9 14
23 51
17 22
3 51
1 3
19 22
32 34
51 53
52 59
25 29
6 9
7 48
53 56
44 47
40 45
9 58
41 43
15 17
21 23
41 44
24 34
34 36
10 13
55 57
19 21
16 35
5 49
27 29
9 40
53 57
26 28
27 30
20 22
16 18
0 1
1 2
2 3
3 4
4 5
5 6
6 7
7 8
8 9
9 10
10 11
11 12
12 13
13 14
14 15
15 16
16 17
17 18
18 19
19 20
20 21
21 22
22 23
23 24
24 25
25 26
26 27
27 28
28 29
29 30
30 31
31 32
32 33
33 34
34 35
35 36
36 37
37 38
38 39
39 40
40 41
41 42
42 43
43 44
44 45
45 46
46 47
47 48
48 49
49 50
50 51
51 52
52 53
53 54
54 55
55 56
56 57
57 58
58 59
59 0
12 53
9 48
41 49
18 33
11 55
38 53
10 56
1 56
31 48
18 36
35 41
19 27
43 48
10 57
52 55
3 6
17 37
10 16
17 29
21 33
5 55
32 47
33 42
12 55
32 42
16 29
14 17
7 58
25 33
23 33
19 23
43 49
8 49
0 7
13 53
29 31
5 52
56 58
16 31
41 51
27 33
26 33
19 25
36 41
1 7
32 44
2 56
8 50
28 32
46 48
7 59
8 52
32 46
42 49
38 41
52 54
5 7
7 10
37 53
18 20
9 16
28 31
10 12
45 48
18 35
10 14
8 48
44 48
19 28
4 6
3 56
34 42
18 34
10 55
39 53
56 59
8 51
17 36
32 48
32 45
39 51
38 40
10 58
20 23
28 30
12 14
10 15
49 51
1 6
27 32
20 33
35 42
7 52
5 56
8 10
4 56
36 38
1 59
32 43
23 25
22 33
16 48
14 37
19 24
19 29
2 6
39 41
18 29
39 52
25 27
12 54
