0 1
1 2
2 3
3 4
4 5
5 6
6 7
7 8
8 9
9 10
10 11
11 12
12 13
13 14
14 15
15 16
16 17
17 18
18 19
19 20
20 21
21 22
22 23
23 24
24 25
25 26
26 27
27 28
28 29
29 30
30 31
31 32
32 33
33 34
34 35
35 36
36 37
37 38
38 39
39 40
40 41
41 42
42 43
43 44
44 45
45 46
46 47
47 48
48 49
49 50
50 51
51 52
52 53
53 54
54 55
55 56
56 57
57 58
58 59
59 0
3 23
22 47
10 47
0 57
29 35
8 56
31 48
7 11
15 20
42 44
27 50
29 46
1 27
37 41
18 47
1 7
2 4
1 54
34 36
21 47
39 47
15 47
29 37
5 22
13 22
10 51
32 39
50 54
7 9
1 6
11 47
9 52
38 40
23 25
37 45
52 56
3 5
1 59
24 26
31 35
32 38
2 25
30 50
20 47
31 47
42 46
34 38
56 58
44 46
11 15
54 59
7 57
37 43
8 57
14 22
23 47
26 46
31 50
9 11
31 33
33 35
47 50
0 7
32 47
29 45
2 27
41 47
50 53
53 56
48 50
8 52
39 41
26 29
55 59
51 53
15 21
41 46
47 49
41 43
10 52
18 20
15 18
10 50
26 47
17 19
54 56
3 22
13 15
17 20
24 47
29 50
57 59
6 12
27 54
37 40
12 22
30 35
16 20
6 11
43 45
28 50
2 26
1 5
56 59
15 22
27 29
1 4
32 34
16 18
35 37
36 38
5 12
12 15
3 25

0 1
1 2
2 3
3 4
4 5
5 6
6 7
7 8
8 9
9 10
10 11
11 12
12 13
13 14
14 15
15 16
16 17
17 18
18 19
19 20
20 21
21 22
22 23
23 24
24 25
25 26
26 27
27 28
28 29
29 30
30 31
31 32
32 33
33 34
34 35
35 36
36 37
37 38
38 39
39 40
40 41
41 42
42 43
43 44
44 45
45 46
46 47
47 48
48 49
49 50
50 51
51 52
52 53
53 54
54 55
55 56
56 57
57 58
58 59
59 0
29 41
9 42
3 27
13 32
28 32
5 26
10 38
7 42
1 3
6 9
12 32
19 22
4 50
45 51
1 52
14 23
51 55
28 31
5 21
15 23
30 39
12 35
22 24
3 41
15 17
4 57
1 42
21 26
53 58
6 13
22 26
32 36
55 58
50 56
4 27
45 47
1 45
19 23
6 17
45 49
29 31
4 44
27 41
0 4
48 51
6 14
6 43
13 26
8 42
4 26
1 43
51 54
4 49
17 21
10 12
9 39
45 52
26 32
2 41
9 13
14 17
14 25
26 28
52 59
0 3
53 59
12 36
45 48
7 43
52 54
44 49
4 56
11 13
5 44
30 37
32 37
30 32
16 19
5 43
15 19
39 42
13 25
30 40
1 44
10 13
19 21
14 24
9 38
12 38
50 55
46 49
54 58
32 35
2 42
30 38
20 22
6 21
4 58
29 40
12 37
4 59
12 33
40 42
12 34
28 41
49 51
22 25
55 57
46 48
6 8
18 21
0 52
