0 1
1 2
2 3
3 4
4 5
5 6
6 7
7 8
8 9
9 10
10 11
11 12
12 13
13 14
14 15
15 16
16 17
17 18
18 19
19 20
20 21
21 22
22 23
23 24
24 25
25 26
26 27
27 28
28 29
29 30
30 31
31 32
32 33
33 34
34 35
35 36
36 37
37 38
38 39
39 40
40 41
41 42
42 43
43 44
44 45
45 46
46 47
47 48
48 49
49 50
50 51
51 52
52 53
53 54
54 55
55 56
56 57
57 58
58 59
59 0
3 16
31 52
31 42
31 50
1 53
25 55
36 51
8 50
0 3
17 19
15 19
6 12
36 47
48 50
22 59
40 44
31 48
31 40
5 52
27 54
14 22
20 59
42 45
3 20
32 34
3 17
8 24
23 55
9 22
1 56
40 45
30 53
32 51
5 8
1 52
41 44
26 55
34 37
16 18
9 13
3 19
8 11
53 56
34 39
27 29
31 41
4 6
23 25
9 24
13 16
38 47
25 27
32 52
1 57
40 47
21 59
39 47
8 27
22 57
3 13
43 45
8 12
50 52
32 35
3 6
32 36
16 19
24 27
31 45
1 5
37 39
14 16
3 12
47 49
27 30
22 55
0 20
28 31
10 13
5 7
34 36
9 14
36 50
7 12
30 52
31 33
8 52
9 23
20 22
0 58
46 48
40 46
1 4
8 28
27 53
14 19
11 13
2 4
54 56
45 48
36 49
27 55
22 56
36 38
57 59
9 11
28 30
14 20
41 43
1 58
31 34
31 39
1 3
8 31
0 1
1 2
2 3
3 4
4 5
5 6
6 7
7 8
8 9
9 10
10 11
11 12
12 13
13 14
14 15
15 16
16 17
17 18
18 19
19 20
20 21
21 22
22 23
23 24
24 25
25 26
26 27
27 28
28 29
29 30
30 31
31 32
32 33
33 34
34 35
35 36
36 37
37 38
38 39
39 40
40 41
41 42
42 43
43 44
44 45
45 46
46 47
47 48
48 49
49 50
50 51
51 52
52 53
53 54
54 55
55 56
56 57
57 58
58 59
59 0
15 35
42 49
47 55
36 58
43 58
38 51
10 28
42 59
36 59
5 37
3 33
12 27
8 29
15 17
54 58
4 59
42 44
15 34
16 22
22 32
14 21
8 36
25 32
23 26
46 56
43 56
3 7
42 46
37 42
12 26
24 32
39 49
51 54
38 50
10 35
13 21
29 33
11 15
7 29
37 59
6 8
33 59
29 31
8 35
47 50
26 28
37 51
36 52
22 24
40 49
26 31
46 55
3 29
15 21
12 14
22 34
54 57
39 41
38 41
55 57
24 26
19 21
12 15
50 54
8 37
0 33
43 46
12 28
26 32
0 2
3 5
52 58
18 22
12 22
1 59
51 53
15 18
9 29
8 10
13 22
35 59
19 22
18 21
41 49
30 33
39 50
42 58
18 20
2 59
2 33
47 54
17 22
37 41
10 15
10 12
4 37
42 47
42 48
43 57
44 46
22 33
53 58
12 23
3 59
30 32
6 37
10 29
16 34
26 29
37 52
33 35
