0 1
1 2
2 3
3 4
4 5
5 6
6 7
7 8
8 9
9 10
10 11
11 12
12 13
13 14
14 15
15 16
16 17
17 18
18 19
19 20
20 21
21 22
22 23
23 24
24 25
25 26
26 27
27 28
28 29
29 30
30 31
31 32
32 33
33 34
34 35
35 36
36 37
37 38
38 39
39 40
40 41
41 42
42 43
43 44
44 45
45 46
46 47
47 48
48 49
49 50
50 51
51 52
52 53
53 54
54 55
55 56
56 57
57 58
58 59
59 0
36 45
36 48
37 47
21 50
10 30
14 22
28 34
1 16
3 53
40 45
3 45
9 34
16 20
12 14
1 3
53 59
26 50
17 21
10 14
25 50
27 49
8 16
11 25
37 43
1 55
45 50
11 22
40 43
38 43
17 52
10 34
3 36
22 24
27 29
6 8
34 48
47 50
28 30
10 27
3 8
32 34
14 16
0 53
4 34
38 46
5 9
11 14
23 25
10 16
20 22
3 54
36 43
40 46
5 8
18 21
23 50
16 22
53 58
42 44
16 19
27 30
27 48
11 26
4 7
35 48
54 57
10 33
37 48
54 56
22 50
17 51
45 51
9 16
57 59
41 45
45 52
37 46
5 7
27 34
0 16
4 35
10 32
55 59
2 54
1 59
38 40
48 50
5 34
22 25
4 8
17 19
43 45
41 43
0 52
53 57
3 52
42 45
10 31
30 32
11 13
39 46
10 12
10 26
21 51
28 32
2 55
55 57
27 50
4 36
45 47
15 22
18 20
16 52
1 8

0 1
1 2
2 3
3 4
4 5
5 6
6 7
7 8
8 9
9 10
10 11
11 12
12 13
13 14
14 15
15 16
16 17
17 18
18 19
19 20
20 21
21 22
22 23
23 24
24 25
25 26
26 27
27 28
28 29
29 30
30 31
31 32
32 33
33 34
34 35
35 36
36 37
37 38
38 39
39 40
40 41
41 42
42 43
43 44
44 45
45 46
46 47
47 48
48 49
49 50
50 51
51 52
52 53
53 54
54 55
55 56
56 57
57 58
58 59
59 0
10 58
7 21
15 41
19 32
15 19
26 54
7 13
15 54
2 24
15 49
34 41
6 9
39 42
34 49
25 59
5 23
17 20
15 44
51 53
36 39
25 56
19 26
10 13
26 28
31 52
33 52
22 26
34 46
6 21
2 5
40 42
28 53
15 55
50 53
13 16
38 42
50 52
2 4
37 42
44 47
43 46
4 23
30 52
19 22
36 46
9 58
34 52
25 57
14 58
27 31
3 24
36 38
8 13
34 39
6 58
14 55
9 12
34 36
15 47
19 34
2 59
5 59
0 2
1 25
29 52
7 17
19 27
15 42
39 41
47 49
29 53
29 31
7 16
7 20
13 58
15 53
42 46
35 46
2 25
34 47
19 31
5 21
9 13
5 22
19 41
25 58
32 52
15 18
26 55
56 58
28 54
34 50
55 58
7 9
4 24
23 26
15 50
25 55
0 25
36 42
9 11
6 59
44 46
15 17
13 15
24 26
15 43
19 33
28 31
15 48
19 21
