0 1
1 2
2 3
3 4
4 5
5 6
6 7
7 8
8 9
9 10
10 11
11 12
12 13
13 14
14 15
15 16
16 17
17 18
18 19
19 20
20 21
21 22
22 23
23 24
24 25
25 26
26 27
27 28
28 29
29 30
30 31
31 32
32 33
33 34
34 35
35 36
36 37
37 38
38 39
39 40
40 41
41 42
42 43
43 44
44 45
45 46
46 47
47 48
48 49
49 50
50 51
51 52
52 53
53 54
54 55
55 56
56 57
57 58
58 59
59 0
9 27
7 28
15 46
28 48
47 51
38 44
24 26
17 38
32 36
13 56
15 26
7 13
19 24
14 26
39 44
30 41
26 28
22 38
52 55
19 25
30 32
48 58
42 48
3 58
22 29
34 41
0 7
2 58
2 5
32 41
26 29
29 36
13 58
9 13
30 42
13 15
18 22
49 51
34 36
44 46
49 55
21 23
45 48
34 38
3 28
47 52
7 58
29 37
49 57
15 38
15 53
13 57
15 17
18 21
9 26
11 13
45 47
17 22
24 29
1 59
16 19
9 14
50 55
15 25
15 19
15 56
36 38
0 2
15 47
5 7
40 43
0 58
8 28
51 55
3 7
43 48
2 6
52 54
33 36
8 11
40 42
28 58
28 42
17 19
28 30
31 36
4 7
53 55
22 24
32 34
8 12
53 56
48 51
29 38
8 10
21 24
1 58
38 40
15 52
29 31
48 57
49 56
40 44
20 24
43 45
8 27
34 40
2 4
33 35
19 21
8 13
2 7
10 13
15 44
0 1
1 2
2 3
3 4
4 5
5 6
6 7
7 8
8 9
9 10
10 11
11 12
12 13
13 14
14 15
15 16
16 17
17 18
18 19
19 20
20 21
21 22
22 23
23 24
24 25
25 26
26 27
27 28
28 29
29 30
30 31
31 32
32 33
33 34
34 35
35 36
36 37
37 38
38 39
39 40
40 41
41 42
42 43
43 44
44 45
45 46
46 47
47 48
48 49
49 50
50 51
51 52
52 53
53 54
54 55
55 56
56 57
57 58
58 59
59 0
2 49
25 47
19 33
18 39
3 59
13 39
13 23
3 6
12 43
30 37
11 47
10 54
25 46
38 42
10 52
10 47
49 52
1 57
2 24
28 32
4 11
35 37
50 56
18 33
11 44
6 57
26 30
11 46
10 57
50 53
17 39
38 45
0 3
12 23
22 33
30 38
39 41
8 57
12 24
12 42
5 8
57 59
5 10
15 22
34 39
18 20
25 33
17 20
30 45
37 39
38 41
2 11
13 16
10 56
32 35
34 37
24 33
51 53
27 33
27 30
6 58
4 6
12 41
54 56
30 46
7 57
27 29
48 52
13 22
28 33
12 44
3 11
13 41
15 21
10 55
11 24
6 59
30 36
2 48
13 17
2 56
25 48
26 46
21 33
2 57
10 48
15 20
6 8
30 35
14 22
10 53
50 52
2 50
24 48
16 20
5 9
23 33
25 27
0 57
42 45
20 33
29 32
5 11
31 35
33 39
42 44
50 54
11 45
14 16
9 57
1 3
13 40
