0 1
1 2
2 3
3 4
4 5
5 6
6 7
7 8
8 9
9 10
10 11
11 12
12 13
13 14
14 15
15 16
16 17
17 18
18 19
19 20
20 21
21 22
22 23
23 24
24 25
25 26
26 27
27 28
28 29
29 30
30 31
31 32
32 33
33 34
34 35
35 36
36 37
37 38
38 39
39 40
40 41
41 42
42 43
43 44
44 45
45 46
46 47
47 48
48 49
49 50
50 51
51 52
52 53
53 54
54 55
55 56
56 57
57 58
58 59
59 0
5 11
33 53
20 53
13 57
3 53
9 12
43 50
9 13
36 48
40 46
3 28
36 42
6 19
54 58
9 11
3 19
11 57
47 49
3 48
32 34
11 58
3 29
1 59
17 20
36 41
36 38
3 54
5 7
22 30
39 46
4 58
19 27
13 17
36 47
41 43
20 57
20 23
24 30
45 49
0 3
26 29
33 35
6 14
41 44
3 34
20 32
24 26
2 58
11 13
29 32
36 43
50 53
44 46
38 47
20 24
37 40
43 45
6 17
43 53
19 26
35 43
26 28
5 19
3 35
40 44
2 59
38 40
38 46
21 32
3 36
46 49
8 10
25 29
3 59
48 53
49 51
24 29
49 53
20 54
2 54
4 11
1 3
3 5
30 32
13 20
6 18
22 32
3 58
20 56
43 49
8 11
37 41
8 14
6 15
5 8
23 30
6 16
6 8
29 34
22 31
15 17
17 19
20 26
20 22
19 28
9 14
56 58
14 17
54 56
51 53
33 43
32 53
49 52
20 55

0 1
1 2
2 3
3 4
4 5
5 6
6 7
7 8
8 9
9 10
10 11
11 12
12 13
13 14
14 15
15 16
16 17
17 18
18 19
19 20
20 21
21 22
22 23
23 24
24 25
25 26
26 27
27 28
28 29
29 30
30 31
31 32
32 33
33 34
34 35
35 36
36 37
37 38
38 39
39 40
40 41
41 42
42 43
43 44
44 45
45 46
46 47
47 48
48 49
49 50
50 51
51 52
52 53
53 54
54 55
55 56
56 57
57 58
58 59
59 0
7 57
25 30
0 14
7 13
21 45
19 25
9 19
28 51
40 47
51 54
25 58
36 50
24 33
30 36
21 24
39 50
11 19
32 35
45 54
21 43
51 55
21 25
4 7
2 4
26 58
23 33
19 59
22 33
33 41
22 43
39 49
7 11
0 16
35 41
4 57
22 41
8 54
52 54
28 55
40 43
35 38
8 20
17 59
12 19
39 48
7 12
27 57
14 19
45 48
25 28
27 55
40 45
20 45
30 33
7 54
13 19
0 2
36 39
55 57
39 41
32 36
49 54
28 36
1 4
2 14
0 15
4 59
2 13
8 45
14 16
26 57
7 56
35 39
29 36
7 55
57 59
7 10
25 33
19 21
36 51
8 19
35 37
46 48
4 6
4 13
0 17
39 47
25 59
18 59
5 57
22 24
0 4
25 27
50 54
7 9
37 39
48 54
3 13
21 44
31 36
45 47
22 42
50 52
6 57
16 18
10 19
16 19
31 33
28 30
34 41
40 42
