0 1
1 2
2 3
3 4
4 5
5 6
6 7
7 8
8 9
9 10
10 11
11 12
12 13
13 14
14 15
15 16
16 17
17 18
18 19
19 20
20 21
21 22
22 23
23 24
24 25
25 26
26 27
27 28
28 29
29 30
30 31
31 32
32 33
33 34
34 35
35 36
36 37
37 38
38 39
39 40
40 41
41 42
42 43
43 44
44 45
45 46
46 47
47 48
48 49
49 50
50 51
51 52
52 53
53 54
54 55
55 56
56 57
57 58
58 59
59 0
6 11
10 59
6 26
16 27
40 57
16 20
0 53
4 41
43 52
31 35
27 39
11 22
29 39
43 57
52 55
39 59
29 33
35 59
3 42
42 44
13 22
2 50
22 24
0 58
10 13
7 59
44 46
3 48
33 39
4 40
21 26
11 23
15 28
16 19
43 55
10 28
6 10
6 8
45 52
31 59
6 9
44 52
48 51
1 51
42 48
11 13
28 39
31 33
37 59
40 43
15 27
43 56
45 51
32 35
3 59
47 51
0 52
8 59
16 22
3 41
54 56
10 29
41 43
1 52
49 51
16 21
39 57
4 59
35 37
15 22
0 2
18 21
18 26
22 25
32 34
5 59
34 36
46 51
30 33
3 49
46 48
4 26
36 38
34 38
17 19
24 26
53 58
11 26
39 58
30 59
5 26
18 27
3 50
10 15
34 39
9 59
2 51
21 25
54 57
38 59
53 55
27 40
17 27
14 22
6 59
23 26
42 46
10 14
4 27
0 3
54 58
29 59
12 22
19 21
0 1
1 2
2 3
3 4
4 5
5 6
6 7
7 8
8 9
9 10
10 11
11 12
12 13
13 14
14 15
15 16
16 17
17 18
18 19
19 20
20 21
21 22
22 23
23 24
24 25
25 26
26 27
27 28
28 29
29 30
30 31
31 32
32 33
33 34
34 35
35 36
36 37
37 38
38 39
39 40
40 41
41 42
42 43
43 44
44 45
45 46
46 47
47 48
48 49
49 50
50 51
51 52
52 53
53 54
54 55
55 56
56 57
57 58
58 59
59 0
41 59
32 39
14 19
19 41
10 31
2 40
15 58
25 29
53 56
16 56
0 40
21 37
42 55
43 45
11 30
45 56
19 56
26 31
3 12
44 53
11 25
5 31
20 37
3 5
25 35
11 19
35 39
4 11
5 10
3 14
27 30
45 53
55 58
26 33
3 11
38 40
15 56
17 56
50 56
42 54
26 28
33 35
14 16
15 59
31 39
41 58
36 39
51 53
37 39
24 35
12 19
40 59
43 53
50 52
19 22
25 28
48 56
16 18
4 8
3 13
38 41
42 56
1 3
12 14
26 34
31 40
19 25
45 47
27 29
0 14
1 14
46 49
22 37
4 6
2 31
3 31
27 31
49 52
22 36
8 10
26 35
42 53
37 41
50 53
11 29
15 57
7 9
19 23
56 58
4 7
19 24
42 58
7 10
42 45
23 36
23 35
47 49
45 49
11 31
26 32
47 56
20 41
4 10
41 56
49 53
0 15
48 50
5 7
18 56
20 22
14 18
1 40
