0 1
1 2
2 3
3 4
4 5
5 6
6 7
7 8
8 9
9 10
10 11
11 12
12 13
13 14
14 15
15 16
16 17
17 18
18 19
19 20
20 21
21 22
22 23
23 24
24 25
25 26
26 27
27 28
28 29
29 30
30 31
31 32
32 33
33 34
34 35
35 36
36 37
37 38
38 39
39 40
40 41
41 42
42 43
43 44
44 45
45 46
46 47
47 48
48 49
49 50
50 51
51 52
52 53
53 54
54 55
55 56
56 57
57 58
58 59
59 0
39 48
22 48
28 57
22 42
3 17
49 59
0 21
7 13
39 56
1 17
18 48
5 13
30 56
5 11
1 21
6 17
52 55
27 59
31 40
55 57
24 30
42 47
6 16
6 19
17 48
6 9
35 37
23 59
6 13
30 37
30 42
17 59
39 54
1 20
40 42
22 24
5 17
2 19
23 26
51 55
27 29
28 58
19 48
22 44
48 59
44 48
9 13
49 52
6 8
49 58
21 48
21 59
51 57
26 59
14 17
2 6
36 39
44 47
33 39
24 27
5 9
29 57
48 52
43 46
30 40
33 40
3 5
39 42
32 37
39 52
44 46
24 42
33 37
21 23
42 48
9 12
5 12
28 59
1 3
50 52
19 21
45 47
34 37
2 4
31 33
35 39
30 57
52 54
24 29
50 58
6 18
2 20
15 17
13 15
24 26
8 13
37 56
31 37
2 5
33 35
6 15
50 57
25 27
9 11
42 46
39 55
22 43
5 10
5 14
0 17
37 39
36 38
30 41
53 55

0 1
1 2
2 3
3 4
4 5
5 6
6 7
7 8
8 9
9 10
10 11
11 12
12 13
13 14
14 15
15 16
16 17
17 18
18 19
19 20
20 21
21 22
22 23
23 24
24 25
25 26
26 27
27 28
28 29
29 30
30 31
31 32
32 33
33 34
34 35
35 36
36 37
37 38
38 39
39 40
40 41
41 42
42 43
43 44
44 45
45 46
46 47
47 48
48 49
49 50
50 51
51 52
52 53
53 54
54 55
55 56
56 57
57 58
58 59
59 0
40 59
14 36
34 39
6 53
20 48
6 59
28 44
19 26
5 55
25 47
31 34
45 56
29 43
14 59
16 48
19 23
17 28
32 40
45 59
13 50
29 36
37 59
0 4
45 53
10 53
12 52
19 22
47 52
21 25
11 13
22 25
17 20
8 14
13 51
0 58
40 44
30 32
28 47
36 59
7 14
20 22
47 51
4 57
44 59
9 14
32 34
1 57
0 3
15 29
16 28
40 43
15 28
41 43
11 53
5 57
29 35
28 45
37 40
13 48
25 48
29 41
5 59
18 20
29 40
34 38
19 28
47 50
2 57
47 49
5 56
10 14
18 28
5 53
5 54
7 10
16 20
47 53
34 36
53 56
38 40
29 34
29 44
19 25
14 48
45 57
26 47
54 56
23 25
12 53
0 5
0 2
19 24
15 36
3 57
29 42
28 46
34 40
8 10
13 49
7 59
7 53
46 53
29 32
15 48
20 25
10 13
30 34
12 51
19 27
26 28
0 57
57 59
