0 1
1 2
2 3
3 4
4 5
5 6
6 7
7 8
8 9
9 10
10 11
11 12
12 13
13 14
14 15
15 16
16 17
17 18
18 19
19 20
20 21
21 22
22 23
23 24
24 25
25 26
26 27
27 28
28 29
29 30
30 31
31 32
32 33
33 34
34 35
35 36
36 37
37 38
38 39
39 40
40 41
41 42
42 43
43 44
44 45
45 46
46 47
47 48
48 49
49 50
50 51
51 52
52 53
53 54
54 55
55 56
56 57
57 58
58 59
59 0
2 40
24 59
6 28
31 51
29 37
42 47
16 23
17 27
24 56
3 59
12 59
7 12
32 38
41 53
10 15
46 48
42 48
31 49
0 2
16 21
26 30
24 58
15 27
31 34
41 52
38 41
41 48
21 24
2 4
31 42
18 21
2 56
14 24
30 34
18 25
30 53
2 28
18 27
56 59
8 27
12 15
7 10
6 59
29 35
50 52
41 43
41 54
2 6
13 59
19 21
26 53
56 58
21 25
44 46
26 55
53 55
2 39
44 48
6 12
21 23
16 20
34 38
29 39
24 55
26 29
48 50
35 38
5 59
31 33
7 9
14 16
31 41
25 27
8 15
31 52
14 23
42 45
42 44
17 19
15 17
31 38
57 59
2 54
28 39
49 51
7 11
16 22
39 41
2 5
13 24
29 34
40 54
2 59
36 38
9 15
24 26
1 56
17 20
37 39
27 29
13 15
7 28
11 15
0 56
29 36
3 5
54 56
42 49
31 53
32 34
41 50
43 48
8 28
45 47

0 1
1 2
2 3
3 4
4 5
5 6
6 7
7 8
8 9
9 10
10 11
11 12
12 13
13 14
14 15
15 16
16 17
17 18
18 19
19 20
20 21
21 22
22 23
23 24
24 25
25 26
26 27
27 28
28 29
29 30
30 31
31 32
32 33
33 34
34 35
35 36
36 37
37 38
38 39
39 40
40 41
41 42
42 43
43 44
44 45
45 46
46 47
47 48
48 49
49 50
50 51
51 52
52 53
53 54
54 55
55 56
56 57
57 58
58 59
59 0
23 57
3 18
14 42
14 54
18 59
24 38
32 50
27 52
6 14
18 40
37 49
46 50
0 12
51 54
53 56
21 38
1 5
13 54
27 33
8 14
41 46
44 50
3 6
0 55
44 51
5 11
20 39
27 38
8 13
21 39
16 42
25 38
34 49
43 54
6 15
55 59
1 12
21 58
55 57
32 51
6 8
38 47
16 40
1 11
1 59
13 55
35 37
33 36
35 49
38 40
26 56
6 10
1 4
29 52
47 50
37 47
33 35
42 54
5 10
23 58
10 12
19 58
19 59
40 46
43 45
55 58
29 51
8 10
8 12
30 51
17 40
47 49
30 32
2 18
28 31
16 41
25 57
19 40
29 31
15 18
32 49
52 54
28 32
27 36
28 52
42 46
1 18
28 33
40 47
7 14
43 51
16 18
9 12
33 49
15 42
22 24
24 57
43 46
22 58
27 56
12 55
52 56
22 38
37 48
4 6
26 57
1 3
6 18
20 58
20 40
45 50
26 38
27 37
