0 1
1 2
2 3
3 4
4 5
5 6
6 7
7 8
8 9
9 10
10 11
11 12
12 13
13 14
14 15
15 16
16 17
17 18
18 19
19 20
20 21
21 22
22 23
23 24
24 25
25 26
26 27
27 28
28 29
29 30
30 31
31 32
32 33
33 34
34 35
35 36
36 37
37 38
38 39
39 40
40 41
41 42
42 43
43 44
44 45
45 46
46 47
47 48
48 49
49 50
50 51
51 52
52 53
53 54
54 55
55 56
56 57
57 58
58 59
59 0
0 55
15 47
40 48
23 27
14 39
18 26
8 57
29 38
34 36
18 23
10 49
5 7
32 36
29 37
32 41
28 39
39 54
11 47
52 55
39 51
40 47
12 57
1 57
16 41
40 42
8 50
9 57
4 55
19 41
15 26
33 35
5 55
36 39
41 46
11 15
9 50
17 19
41 47
3 55
15 18
23 30
22 41
35 40
54 56
11 48
57 59
28 30
39 50
15 27
9 11
30 41
43 45
6 50
40 45
0 3
56 58
35 41
14 27
42 45
2 8
13 54
12 14
1 3
42 46
50 55
17 41
21 23
12 15
21 41
3 5
13 39
18 25
48 50
54 57
2 5
0 56
23 41
0 58
1 8
28 38
10 50
13 57
33 41
5 50
20 23
29 36
7 50
24 26
39 53
33 36
45 47
36 38
16 18
36 40
40 44
19 21
29 32
50 52
53 55
40 50
0 57
16 47
10 48
29 31
5 8
18 24
27 39
11 57
23 26
19 23
39 52
31 41
27 30
40 43

0 1
1 2
2 3
3 4
4 5
5 6
6 7
7 8
8 9
9 10
10 11
11 12
12 13
13 14
14 15
15 16
16 17
17 18
18 19
19 20
20 21
21 22
22 23
23 24
24 25
25 26
26 27
27 28
28 29
29 30
30 31
31 32
32 33
33 34
34 35
35 36
36 37
37 38
38 39
39 40
40 41
41 42
42 43
43 44
44 45
45 46
46 47
47 48
48 49
49 50
50 51
51 52
52 53
53 54
54 55
55 56
56 57
57 58
58 59
59 0
29 40
38 50
24 50
23 25
51 54
1 6
3 30
1 36
14 59
5 29
42 48
31 40
52 56
13 21
27 50
18 52
1 30
15 21
15 58
38 47
38 41
5 13
0 11
21 25
18 21
1 56
23 52
31 34
30 34
16 21
7 9
37 55
13 59
29 41
41 50
1 37
38 49
56 59
14 58
38 55
38 40
37 56
23 51
13 28
44 47
28 50
17 56
7 13
1 4
42 44
25 50
15 56
30 40
35 39
7 11
19 22
13 27
23 50
41 45
15 17
32 34
2 4
22 52
50 54
41 44
44 46
33 39
18 22
1 10
1 34
18 56
35 37
5 30
34 39
8 11
18 20
21 26
6 10
6 9
31 33
17 21
1 59
43 47
6 13
43 48
11 59
37 39
22 25
28 41
13 15
4 30
42 50
1 5
1 11
13 26
38 45
15 57
52 54
20 22
12 59
38 46
38 48
7 12
26 50
42 49
38 54
31 39
13 29
51 53
1 35
2 30
8 10
