0 1
1 2
2 3
3 4
4 5
5 6
6 7
7 8
8 9
9 10
10 11
11 12
12 13
13 14
14 15
15 16
16 17
17 18
18 19
19 20
20 21
21 22
22 23
23 24
24 25
25 26
26 27
27 28
28 29
29 30
30 31
31 32
32 33
33 34
34 35
35 36
36 37
37 38
38 39
39 40
40 41
41 42
42 43
43 44
44 45
45 46
46 47
47 48
48 49
49 50
50 51
51 52
52 53
53 54
54 55
55 56
56 57
57 58
58 59
59 0
41 47
37 56
22 29
11 24
41 43
56 59
0 43
2 12
13 39
28 32
7 27
38 47
3 10
18 33
44 55
15 17
37 51
7 11
28 31
48 50
0 6
19 33
13 35
37 50
7 10
15 33
42 46
42 47
28 30
32 59
51 54
50 53
48 54
13 36
19 23
43 59
34 57
12 39
1 39
11 13
24 27
11 18
21 30
16 18
32 57
39 41
7 59
49 53
15 18
37 47
37 57
22 24
0 40
0 3
22 30
50 52
9 11
42 45
11 16
37 39
19 31
46 55
33 57
47 54
38 41
56 58
2 39
3 11
7 28
0 39
47 50
0 2
0 5
43 56
11 19
6 10
34 37
7 24
0 4
14 34
34 36
2 11
42 44
19 24
11 15
20 22
0 7
51 55
24 26
36 39
51 53
19 32
26 29
20 30
0 41
47 55
27 29
4 6
7 9
8 10
19 30
4 10
43 55
44 46
22 26
15 34
51 56
13 15
7 32
25 27
49 54
14 35
19 22
32 58
0 1
1 2
2 3
3 4
4 5
5 6
6 7
7 8
8 9
9 10
10 11
11 12
12 13
13 14
14 15
15 16
16 17
17 18
18 19
19 20
20 21
21 22
22 23
23 24
24 25
25 26
26 27
27 28
28 29
29 30
30 31
31 32
32 33
33 34
34 35
35 36
36 37
37 38
38 39
39 40
40 41
41 42
42 43
43 44
44 45
45 46
46 47
47 48
48 49
49 50
50 51
51 52
52 53
53 54
54 55
55 56
56 57
57 58
58 59
59 0
8 55
20 25
29 55
2 36
2 24
34 44
24 32
37 45
14 19
45 47
4 20
1 50
13 55
25 55
35 43
30 32
15 19
5 18
41 44
50 55
23 25
0 55
3 24
7 17
7 18
9 16
54 58
50 54
32 34
3 6
33 47
25 32
32 50
6 8
57 59
52 59
10 14
1 37
0 52
44 47
33 48
1 55
9 17
1 36
13 19
55 58
27 55
2 34
47 49
27 32
18 20
8 17
14 16
31 55
12 55
29 31
9 14
5 20
1 45
38 42
39 42
2 6
2 32
38 45
38 44
9 55
36 38
1 52
3 23
1 6
21 25
53 58
20 23
19 25
33 49
32 55
6 55
19 55
10 13
45 50
45 49
11 55
16 19
32 49
10 12
0 56
6 18
38 43
26 32
27 30
35 44
0 57
52 54
38 40
26 55
40 42
2 35
1 51
3 20
55 57
21 23
22 25
28 55
17 19
3 5
53 59
40 44
10 55
46 49
36 43
33 44
