0 1
1 2
2 3
3 4
4 5
5 6
6 7
7 8
8 9
9 10
10 11
11 12
12 13
13 14
14 15
15 16
16 17
17 18
18 19
19 20
20 21
21 22
22 23
23 24
24 25
25 26
26 27
27 28
28 29
29 30
30 31
31 32
32 33
33 34
34 35
35 36
36 37
37 38
38 39
39 40
40 41
41 42
42 43
43 44
44 45
45 46
46 47
47 48
48 49
49 50
50 51
51 52
52 53
53 54
54 55
55 56
56 57
57 58
58 59
59 0
15 44
41 45
10 55
28 55
1 51
27 44
45 51
3 14
35 39
33 55
4 9
10 58
12 22
8 12
35 44
5 12
32 34
3 48
32 35
22 44
39 54
51 56
40 51
16 18
15 45
38 43
37 43
3 15
2 10
37 39
27 55
3 10
8 11
3 46
2 50
51 58
12 19
26 55
2 49
2 51
46 48
30 32
4 13
43 45
40 53
27 29
51 55
27 32
20 22
2 59
11 26
45 48
3 49
29 55
51 53
24 27
20 44
17 20
51 54
36 39
30 33
55 57
41 51
8 10
5 13
6 8
10 59
3 45
48 50
16 19
24 26
52 54
12 20
55 58
56 58
0 51
40 42
5 7
33 39
27 30
25 27
31 33
1 59
23 26
23 44
6 9
11 23
17 44
5 9
38 40
39 53
0 58
12 16
35 37
33 54
3 47
21 44
27 35
4 14
4 10
30 55
40 43
34 39
11 55
13 15
11 22
18 20
45 50
41 43
23 27
7 12
16 44
12 15
35 43

0 1
1 2
2 3
3 4
4 5
5 6
6 7
7 8
8 9
9 10
10 11
11 12
12 13
13 14
14 15
15 16
16 17
17 18
18 19
19 20
20 21
21 22
22 23
23 24
24 25
25 26
26 27
27 28
28 29
29 30
30 31
31 32
32 33
33 34
34 35
35 36
36 37
37 38
38 39
39 40
40 41
41 42
42 43
43 44
44 45
45 46
46 47
47 48
48 49
49 50
50 51
51 52
52 53
53 54
54 55
55 56
56 57
57 58
58 59
59 0
26 53
29 56
2 15
31 42
34 44
2 27
18 55
0 4
11 56
17 55
5 15
44 55
18 27
30 51
32 46
37 44
4 7
45 53
29 51
12 55
32 41
21 23
33 44
24 53
14 55
46 53
19 53
31 41
35 38
15 27
12 14
7 10
25 53
28 53
36 44
31 50
2 57
19 26
0 10
9 14
29 43
28 56
28 51
0 11
39 42
9 11
49 51
38 44
21 24
44 54
31 46
0 57
28 57
32 45
29 31
15 55
11 59
23 53
8 14
11 58
19 22
19 25
33 40
0 2
22 53
33 35
48 53
34 36
44 53
31 47
18 53
15 18
7 9
27 57
6 15
19 21
19 27
47 53
4 6
20 24
39 41
47 50
11 14
1 3
6 14
16 55
20 25
3 5
27 53
33 38
32 44
29 44
36 38
49 52
1 4
39 44
48 52
44 56
15 17
31 43
11 13
42 44
0 7
30 50
53 55
47 49
57 59
28 52
12 56
33 41
7 14
2 5
11 57
