0 1
1 2
2 3
3 4
4 5
5 6
6 7
7 8
8 9
9 10
10 11
11 12
12 13
13 14
14 15
15 16
16 17
17 18
18 19
19 20
20 21
21 22
22 23
23 24
24 25
25 26
26 27
27 28
28 29
29 30
30 31
31 32
32 33
33 34
34 35
35 36
36 37
37 38
38 39
39 40
40 41
41 42
42 43
43 44
44 45
45 46
46 47
47 48
48 49
49 50
50 51
51 52
52 53
53 54
54 55
55 56
56 57
57 58
58 59
59 0
35 48
36 57
16 32
30 56
8 28
33 57
35 53
37 46
41 51
5 7
7 9
35 46
15 58
19 32
0 58
6 29
19 25
14 59
8 13
13 25
41 44
22 27
5 9
14 19
11 59
10 59
32 54
16 18
4 58
45 47
1 5
41 45
42 49
33 58
5 30
38 46
23 26
21 27
41 54
19 24
19 22
19 31
39 41
38 55
40 46
19 30
34 53
36 46
35 49
15 18
49 51
31 55
15 19
41 46
42 44
13 59
56 58
15 32
10 13
1 10
1 58
37 57
25 27
16 19
19 21
35 47
19 29
1 4
4 30
2 5
9 13
41 49
20 29
38 41
52 54
23 27
8 25
8 29
43 49
21 28
11 13
31 56
38 54
32 34
14 25
35 50
6 30
20 28
51 54
4 56
15 59
43 48
34 54
37 56
32 58
7 29
35 57
39 46
8 27
50 53
31 54
1 59
12 59
2 4
44 48
19 23
37 55
1 3
50 52
1 9
33 35
24 26
44 47
15 17

0 1
1 2
2 3
3 4
4 5
5 6
6 7
7 8
8 9
9 10
10 11
11 12
12 13
13 14
14 15
15 16
16 17
17 18
18 19
19 20
20 21
21 22
22 23
23 24
24 25
25 26
26 27
27 28
28 29
29 30
30 31
31 32
32 33
33 34
34 35
35 36
36 37
37 38
38 39
39 40
40 41
41 42
42 43
43 44
44 45
45 46
46 47
47 48
48 49
49 50
50 51
51 52
52 53
53 54
54 55
55 56
56 57
57 58
58 59
59 0
39 52
0 56
23 52
7 45
6 58
19 57
45 56
8 38
17 38
12 57
41 50
4 45
20 53
27 35
29 37
2 6
28 34
40 42
21 25
34 36
16 38
18 21
9 11
9 15
20 23
24 38
8 39
42 46
26 35
10 15
18 57
30 37
46 56
49 56
43 46
4 7
24 52
21 35
42 47
20 22
47 56
15 38
10 14
30 33
21 26
24 28
39 50
13 17
3 45
54 57
30 36
22 24
31 33
11 57
17 21
29 31
8 44
40 44
24 37
17 35
10 12
51 55
51 53
53 57
0 57
6 57
51 56
9 57
35 38
39 44
3 6
12 14
8 45
0 3
17 57
0 45
27 34
18 20
47 50
4 6
3 5
0 6
8 57
29 33
13 15
28 33
36 38
20 57
12 17
55 57
30 34
21 24
24 27
1 6
48 56
6 59
53 55
42 50
24 39
47 49
13 16
20 52
9 38
39 51
30 32
0 2
6 8
43 45
24 29
40 50
50 56
57 59
40 43
