0 1
1 2
2 3
3 4
4 5
5 6
6 7
7 8
8 9
9 10
10 11
11 12
12 13
13 14
14 15
15 16
16 17
17 18
18 19
19 20
20 21
21 22
22 23
23 24
24 25
25 26
26 27
27 28
28 29
29 30
30 31
31 32
32 33
33 34
34 35
35 36
36 37
37 38
38 39
39 40
40 41
41 42
42 43
43 44
44 45
45 46
46 47
47 48
48 49
49 50
50 51
51 52
52 53
53 54
54 55
55 56
56 57
57 58
58 59
59 0
9 59
16 38
1 25
10 19
27 37
15 50
19 38
43 48
20 30
37 49
29 37
9 23
12 57
37 52
54 58
37 50
20 24
3 23
41 44
20 27
12 54
15 52
37 39
19 34
56 58
11 16
35 37
38 44
41 49
27 30
10 58
55 57
25 53
45 48
29 33
42 48
38 50
25 54
12 55
2 8
54 59
44 50
44 49
2 6
13 16
33 37
26 53
43 47
20 33
2 4
30 32
16 18
28 30
46 48
13 52
6 23
3 5
14 52
20 26
4 6
20 22
52 54
10 18
9 19
40 44
37 41
50 52
8 23
5 23
37 53
19 22
36 38
21 24
2 7
44 46
16 50
27 53
9 22
37 51
0 9
16 19
1 9
31 33
42 49
10 59
2 23
37 40
43 46
27 29
30 33
2 25
17 19
13 15
25 59
34 37
29 31
20 25
10 16
41 43
2 24
34 36
55 58
38 40
22 24
19 36
44 48
11 57
6 8
12 16
2 9
10 57
12 52
0 25
19 33
0 1
1 2
2 3
3 4
4 5
5 6
6 7
7 8
8 9
9 10
10 11
11 12
12 13
13 14
14 15
15 16
16 17
17 18
18 19
19 20
20 21
21 22
22 23
23 24
24 25
25 26
26 27
27 28
28 29
29 30
30 31
31 32
32 33
33 34
34 35
35 36
36 37
37 38
38 39
39 40
40 41
41 42
42 43
43 44
44 45
45 46
46 47
47 48
48 49
49 50
50 51
51 52
52 53
53 54
54 55
55 56
56 57
57 58
58 59
59 0
5 12
37 58
27 52
19 26
17 27
27 58
20 58
4 18
8 57
6 10
32 52
21 58
47 49
35 58
32 36
44 56
19 25
3 18
32 47
40 58
38 47
9 13
13 54
14 54
48 55
29 58
9 12
2 59
13 18
19 58
46 56
41 58
6 58
42 46
47 55
48 54
27 32
49 52
18 27
5 18
32 37
42 47
38 58
1 59
23 27
2 18
32 35
39 41
45 56
29 35
43 58
47 51
31 35
33 35
36 58
9 11
5 59
23 26
32 34
42 45
49 53
16 27
38 42
12 18
7 58
16 54
13 57
30 35
2 5
32 51
15 17
16 53
19 27
44 57
21 23
49 54
21 25
19 59
6 12
22 25
29 32
44 58
10 12
0 5
15 54
15 18
46 55
7 10
23 25
18 59
39 58
54 57
24 26
14 18
9 57
31 34
6 59
42 58
8 10
39 42
23 58
49 51
1 5
8 58
28 58
47 50
16 52
43 45
32 38
28 32
54 56
19 21
