0 1
1 2
2 3
3 4
4 5
5 6
6 7
7 8
8 9
9 10
10 11
11 12
12 13
13 14
14 15
15 16
16 17
17 18
18 19
19 20
20 21
21 22
22 23
23 24
24 25
25 26
26 27
27 28
28 29
29 30
30 31
31 32
32 33
33 34
34 35
35 36
36 37
37 38
38 39
39 40
40 41
41 42
42 43
43 44
44 45
45 46
46 47
47 48
48 49
49 50
50 51
51 52
52 53
53 54
54 55
55 56
56 57
57 58
58 59
59 0
10 50
31 49
37 53
0 27
12 49
4 11
32 55
1 24
57 59
7 59
34 48
31 48
52 58
35 53
21 23
0 4
20 27
15 17
40 47
17 22
4 17
25 27
0 29
7 58
46 50
47 49
6 11
44 52
4 15
12 20
0 30
30 49
20 49
40 52
44 46
3 23
42 47
37 52
10 58
36 40
54 57
6 10
32 57
17 21
9 58
53 58
4 12
33 35
41 43
46 51
17 20
16 19
31 34
6 8
40 43
36 48
0 24
30 59
0 7
6 9
35 54
42 45
0 6
38 40
4 23
0 28
23 27
55 57
1 4
31 59
47 50
17 23
28 49
10 52
43 52
12 16
36 39
0 5
24 27
42 44
0 26
2 23
32 34
5 11
37 40
42 46
53 57
4 13
24 26
29 49
36 38
4 14
32 35
27 49
2 24
11 49
41 47
35 37
13 16
16 18
17 19
32 54
1 3
34 36
8 58
13 15
32 56
50 52
32 59
20 23
16 20
44 51
40 48
11 50
0 1
1 2
2 3
3 4
4 5
5 6
6 7
7 8
8 9
9 10
10 11
11 12
12 13
13 14
14 15
15 16
16 17
17 18
18 19
19 20
20 21
21 22
22 23
23 24
24 25
25 26
26 27
27 28
28 29
29 30
30 31
31 32
32 33
33 34
34 35
35 36
36 37
37 38
38 39
39 40
40 41
41 42
42 43
43 44
44 45
45 46
46 47
47 48
48 49
49 50
50 51
51 52
52 53
53 54
54 55
55 56
56 57
57 58
58 59
59 0
16 27
9 41
38 44
16 41
31 45
23 50
42 58
42 55
33 45
31 50
12 51
53 59
28 36
1 5
18 24
0 41
9 16
18 26
2 59
16 36
27 50
49 51
29 36
3 8
37 39
38 43
14 50
12 52
19 24
54 59
3 52
18 27
45 53
23 26
46 48
38 45
39 41
45 55
9 15
11 13
3 59
20 24
0 2
48 52
18 20
10 14
15 50
8 41
32 45
40 42
22 50
43 45
39 42
46 53
37 45
45 50
34 37
9 12
45 49
21 50
28 30
20 50
4 6
45 48
9 14
1 7
18 25
9 52
27 30
15 20
16 28
31 35
15 18
3 9
30 35
29 35
26 50
12 50
16 39
3 5
43 55
45 54
0 42
13 50
1 6
56 59
17 27
42 56
0 58
23 25
11 14
48 53
3 7
1 41
38 42
48 51
20 22
27 31
1 8
3 6
33 37
56 58
9 11
3 53
42 57
16 37
55 59
45 47
22 24
31 33
2 5
