0 1
1 2
2 3
3 4
4 5
5 6
6 7
7 8
8 9
9 10
10 11
11 12
12 13
13 14
14 15
15 16
16 17
17 18
18 19
19 20
20 21
21 22
22 23
23 24
24 25
25 26
26 27
27 28
28 29
29 30
30 31
31 32
32 33
33 34
34 35
35 36
36 37
37 38
38 39
39 40
40 41
41 42
42 43
43 44
44 45
45 46
46 47
47 48
48 49
49 50
50 51
51 52
52 53
53 54
54 55
55 56
56 57
57 58
58 59
59 0
12 53
19 54
34 45
16 41
29 32
13 52
36 39
33 48
2 8
0 58
12 18
16 52
7 11
23 35
27 48
54 56
25 49
28 35
24 52
16 23
16 20
42 50
44 48
4 8
19 21
6 59
23 27
23 38
23 53
49 51
19 57
29 48
39 43
0 5
36 38
8 11
53 55
43 50
23 41
19 22
30 48
9 11
10 56
34 46
23 28
7 58
26 48
2 5
36 45
41 50
37 39
36 44
19 53
16 51
0 2
1 56
0 56
23 52
11 56
12 57
23 36
13 53
28 48
2 10
12 56
33 35
45 47
7 57
23 40
14 18
12 14
32 35
32 48
46 48
41 51
0 57
2 56
20 23
5 7
6 58
21 23
3 5
15 52
26 49
44 49
24 49
33 46
43 49
18 20
28 32
2 9
19 56
16 18
39 42
44 47
15 18
23 25
53 56
22 53
18 57
14 52
36 43
15 17
23 26
49 52
30 32
35 45
11 57
2 4
29 31
4 7
39 41
5 59
23 39

0 1
1 2
2 3
3 4
4 5
5 6
6 7
7 8
8 9
9 10
10 11
11 12
12 13
13 14
14 15
15 16
16 17
17 18
18 19
19 20
20 21
21 22
22 23
23 24
24 25
25 26
26 27
27 28
28 29
29 30
30 31
31 32
32 33
33 34
34 35
35 36
36 37
37 38
38 39
39 40
40 41
41 42
42 43
43 44
44 45
45 46
46 47
47 48
48 49
49 50
50 51
51 52
52 53
53 54
54 55
55 56
56 57
57 58
58 59
59 0
47 56
24 47
24 42
57 59
2 59
25 56
23 55
26 37
28 33
0 19
25 47
39 47
14 59
50 53
52 54
28 30
26 40
27 36
6 17
8 10
21 25
19 55
9 17
19 25
0 3
6 14
26 32
24 43
25 32
3 59
25 39
47 55
47 49
25 37
22 25
41 46
17 58
40 42
27 37
22 24
14 16
6 8
49 54
6 13
9 13
24 51
4 59
41 45
17 56
20 55
29 33
0 25
0 18
6 12
37 40
8 17
50 52
27 30
1 59
6 18
4 6
14 17
24 50
40 46
25 38
43 47
47 50
13 15
4 18
41 43
24 55
28 36
7 12
18 56
9 12
34 37
51 54
47 54
3 18
18 55
25 40
31 33
56 58
17 59
20 22
26 31
48 50
33 36
34 36
22 55
1 3
9 16
26 30
40 47
20 25
43 45
25 34
5 14
24 40
56 59
51 55
8 12
25 59
49 53
4 14
41 44
30 33
43 46
9 15
32 34
35 37
38 40
10 12
