0 1
1 2
2 3
3 4
4 5
5 6
6 7
7 8
8 9
9 10
10 11
11 12
12 13
13 14
14 15
15 16
16 17
17 18
18 19
19 20
20 21
21 22
22 23
23 24
24 25
25 26
26 27
27 28
28 29
29 30
30 31
31 32
32 33
33 34
34 35
35 36
36 37
37 38
38 39
39 40
40 41
41 42
42 43
43 44
44 45
45 46
46 47
47 48
48 49
49 50
50 51
51 52
52 53
53 54
54 55
55 56
56 57
57 58
58 59
59 0
43 57
33 54
30 55
25 58
28 55
3 14
22 26
7 11
49 52
26 42
12 18
14 16
33 43
22 43
1 18
8 23
22 25
27 56
33 53
45 55
34 43
30 37
30 36
12 19
12 14
3 8
29 42
0 8
36 41
33 49
20 43
30 54
44 48
2 8
8 22
13 16
50 55
44 56
43 48
13 15
38 41
25 27
44 47
52 55
33 36
25 56
45 47
30 42
23 25
20 57
35 43
48 50
6 14
19 58
1 8
38 42
44 57
4 7
1 16
34 36
37 40
31 36
5 7
37 42
21 43
9 19
4 6
28 56
10 12
8 20
8 25
8 10
25 59
36 42
45 56
33 48
9 12
47 50
31 33
51 55
3 16
12 16
9 20
16 18
26 28
8 21
0 18
1 17
19 57
8 59
46 50
33 52
37 41
4 8
37 39
36 43
2 16
56 58
19 59
0 19
38 40
7 14
4 14
11 14
8 11
32 54
31 54
26 43
45 50
28 30
22 24
26 29
52 54
49 51
0 1
1 2
2 3
3 4
4 5
5 6
6 7
7 8
8 9
9 10
10 11
11 12
12 13
13 14
14 15
15 16
16 17
17 18
18 19
19 20
20 21
21 22
22 23
23 24
24 25
25 26
26 27
27 28
28 29
29 30
30 31
31 32
32 33
33 34
34 35
35 36
36 37
37 38
38 39
39 40
40 41
41 42
42 43
43 44
44 45
45 46
46 47
47 48
48 49
49 50
50 51
51 52
52 53
53 54
54 55
55 56
56 57
57 58
58 59
59 0
31 48
20 40
42 51
1 55
22 27
4 58
21 36
1 57
19 54
27 29
21 48
3 54
5 56
41 56
33 41
18 56
5 58
57 59
21 30
24 32
16 19
8 14
22 29
7 16
23 32
21 52
42 48
3 59
33 38
42 54
33 40
47 49
4 19
34 38
20 39
8 15
41 48
7 13
20 38
17 56
16 56
21 53
22 36
21 49
13 56
36 38
40 56
24 27
8 16
44 51
1 59
46 48
46 51
54 56
7 19
21 37
33 39
21 29
24 26
19 40
26 30
32 41
4 59
9 13
46 49
25 31
43 46
10 14
15 56
50 52
42 56
21 50
24 31
2 59
10 13
2 54
23 36
18 40
1 56
32 34
26 31
5 19
7 56
35 38
6 19
42 44
20 53
11 13
42 53
20 54
8 13
21 31
45 51
3 19
32 35
0 2
32 36
6 56
5 57
9 14
42 46
20 37
22 28
44 46
14 56
9 11
17 19
32 48
51 53
23 27
27 30
2 55
