0 1
1 2
2 3
3 4
4 5
5 6
6 7
7 8
8 9
9 10
10 11
11 12
12 13
13 14
14 15
15 16
16 17
17 18
18 19
19 20
20 21
21 22
22 23
23 24
24 25
25 26
26 27
27 28
28 29
29 30
30 31
31 32
32 33
33 34
34 35
35 36
36 37
37 38
38 39
39 40
40 41
41 42
42 43
43 44
44 45
45 46
46 47
47 48
48 49
49 50
50 51
51 52
52 53
53 54
54 55
55 56
56 57
57 58
58 59
59 0
5 55
31 51
17 58
19 32
34 58
46 58
33 48
53 57
8 19
24 52
10 19
7 58
36 47
19 27
26 31
36 45
15 18
43 45
36 44
56 59
46 57
41 58
46 49
49 53
3 56
6 22
48 50
22 27
10 58
35 47
12 18
0 4
4 58
7 22
35 39
7 21
1 56
0 2
32 34
13 16
4 56
8 20
5 24
35 40
5 22
18 32
25 31
11 16
10 12
33 35
35 58
41 43
17 34
37 41
33 51
26 29
19 31
15 17
37 40
37 42
14 16
20 27
13 15
46 53
55 57
8 58
32 51
24 27
8 10
10 16
1 3
49 52
36 46
18 34
35 41
56 58
11 13
24 53
0 3
28 30
5 53
5 58
26 28
35 38
8 21
26 30
48 51
13 18
38 40
36 38
16 58
42 44
19 28
5 23
5 54
0 56
4 55
20 22
36 42
31 52
9 58
35 48
47 49
24 26
4 59
12 19
43 58
53 55
5 7
19 30
45 58
50 52
24 31
23 27

0 1
1 2
2 3
3 4
4 5
5 6
6 7
7 8
8 9
9 10
10 11
11 12
12 13
13 14
14 15
15 16
16 17
17 18
18 19
19 20
20 21
21 22
22 23
23 24
24 25
25 26
26 27
27 28
28 29
29 30
30 31
31 32
32 33
33 34
34 35
35 36
36 37
37 38
38 39
39 40
40 41
41 42
42 43
43 44
44 45
45 46
46 47
47 48
48 49
49 50
50 51
51 52
52 53
53 54
54 55
55 56
56 57
57 58
58 59
59 0
17 36
53 59
11 53
4 41
13 40
25 38
1 53
27 35
47 51
19 39
11 40
4 15
45 55
25 34
3 41
6 10
42 59
20 23
25 32
18 21
7 13
40 49
25 37
38 41
24 34
20 38
21 24
30 33
47 50
41 59
44 46
7 12
18 40
13 17
1 11
17 37
1 41
57 59
47 54
43 57
23 25
42 57
40 47
42 58
6 13
18 20
7 11
44 57
25 36
28 35
4 38
30 35
54 57
22 24
44 47
28 31
11 50
5 10
19 38
54 59
1 5
2 41
21 34
18 35
51 53
11 49
25 35
39 41
27 32
0 53
46 54
41 44
11 51
28 32
40 44
15 37
14 17
45 54
2 5
19 40
1 10
6 9
6 8
17 40
30 32
17 35
6 15
7 10
47 52
21 23
29 31
30 34
40 48
26 32
1 59
44 56
15 38
16 37
23 38
25 27
47 53
21 35
6 14
12 40
45 56
29 35
54 56
7 9
5 15
25 33
3 5
