0 1
1 2
2 3
3 4
4 5
5 6
6 7
7 8
8 9
9 10
10 11
11 12
12 13
13 14
14 15
15 16
16 17
17 18
18 19
19 20
20 21
21 22
22 23
23 24
24 25
25 26
26 27
27 28
28 29
29 30
30 31
31 32
32 33
33 34
34 35
35 36
36 37
37 38
38 39
39 40
40 41
41 42
42 43
43 44
44 45
45 46
46 47
47 48
48 49
49 50
50 51
51 52
52 53
53 54
54 55
55 56
56 57
57 58
58 59
59 0
34 57
34 44
2 57
1 33
10 16
2 27
19 56
14 16
19 49
34 43
1 27
4 20
20 23
36 42
9 57
27 48
2 20
42 52
3 6
16 20
23 27
30 44
33 59
29 46
1 28
29 44
43 45
27 49
25 49
38 54
11 20
50 52
20 27
26 49
0 57
50 53
45 52
12 16
28 46
36 39
48 50
30 33
7 11
39 52
10 57
37 54
15 20
40 42
16 19
29 45
3 9
34 42
47 51
12 20
40 52
19 22
13 20
19 55
27 46
19 24
10 19
28 31
16 18
19 21
34 37
33 57
46 48
8 10
28 32
34 54
13 16
49 53
39 54
10 56
39 53
46 52
24 49
23 26
36 38
0 33
19 53
28 30
30 34
17 19
54 57
20 22
46 51
36 41
43 52
4 6
1 32
22 24
24 26
7 9
10 17
39 41
4 11
33 58
5 7
57 59
54 56
11 16
13 15
3 20
34 36
47 50
1 57
5 11
3 57
6 9
30 32
7 10
19 54
35 37

0 1
1 2
2 3
3 4
4 5
5 6
6 7
7 8
8 9
9 10
10 11
11 12
12 13
13 14
14 15
15 16
16 17
17 18
18 19
19 20
20 21
21 22
22 23
23 24
24 25
25 26
26 27
27 28
28 29
29 30
30 31
31 32
32 33
33 34
34 35
35 36
36 37
37 38
38 39
39 40
40 41
41 42
42 43
43 44
44 45
45 46
46 47
47 48
48 49
49 50
50 51
51 52
52 53
53 54
54 55
55 56
56 57
57 58
58 59
59 0
30 43
29 58
4 49
44 49
6 19
22 35
38 42
2 6
5 10
45 51
19 58
16 41
6 15
22 26
21 40
29 53
49 58
35 42
7 12
44 52
20 58
10 13
44 47
38 40
15 41
6 18
29 54
45 47
22 32
42 49
44 46
23 31
50 55
22 39
29 57
13 42
5 8
17 41
29 31
18 20
21 58
33 42
22 40
10 12
17 21
13 49
0 19
23 25
22 34
14 41
6 12
0 6
22 33
3 59
38 41
28 58
30 53
25 27
3 58
13 41
33 43
5 49
1 6
6 17
49 51
35 38
3 5
49 56
25 31
43 53
26 58
52 55
42 44
5 13
22 31
12 14
49 57
22 37
37 39
31 43
0 3
11 13
27 29
31 33
17 20
19 59
45 49
24 31
44 53
9 12
12 15
27 31
17 40
53 55
1 3
3 49
33 35
44 51
22 58
51 55
6 8
8 12
47 49
22 36
55 57
22 25
49 55
15 17
27 58
45 48
5 9
29 55
2 5
