0 1
1 2
2 3
3 4
4 5
5 6
6 7
7 8
8 9
9 10
10 11
11 12
12 13
13 14
14 15
15 16
16 17
17 18
18 19
19 20
20 21
21 22
22 23
23 24
24 25
25 26
26 27
27 28
28 29
29 30
30 31
31 32
32 33
33 34
34 35
35 36
36 37
37 38
38 39
39 40
40 41
41 42
42 43
43 44
44 45
45 46
46 47
47 48
48 49
49 50
50 51
51 52
52 53
53 54
54 55
55 56
56 57
57 58
58 59
59 0
44 51
1 35
38 46
23 46
15 26
5 13
8 21
23 26
30 33
39 53
4 31
22 57
12 18
2 32
6 57
24 30
35 55
49 55
3 59
13 27
6 22
18 23
8 18
37 46
3 58
43 52
17 26
30 35
38 44
3 31
17 23
1 3
28 31
0 58
1 32
52 54
45 51
55 57
6 12
36 54
14 16
32 35
35 57
22 47
25 30
42 52
18 21
35 37
20 23
31 33
39 52
22 55
27 31
13 16
13 18
5 57
39 43
38 43
7 12
40 42
47 55
46 50
9 12
30 34
10 18
26 28
23 35
15 27
46 49
9 11
38 54
26 30
6 21
5 27
29 31
48 55
8 12
32 34
39 41
4 27
3 32
39 54
3 5
44 46
37 54
8 10
51 55
24 35
10 12
35 46
18 20
41 52
1 57
49 51
20 22
1 59
14 27
16 18
46 48
22 46
0 57
43 51
15 17
5 12
52 55
46 51
23 25
22 56
6 8
19 23
40 43
35 54
3 57
26 29

0 1
1 2
2 3
3 4
4 5
5 6
6 7
7 8
8 9
9 10
10 11
11 12
12 13
13 14
14 15
15 16
16 17
17 18
18 19
19 20
20 21
21 22
22 23
23 24
24 25
25 26
26 27
27 28
28 29
29 30
30 31
31 32
32 33
33 34
34 35
35 36
36 37
37 38
38 39
39 40
40 41
41 42
42 43
43 44
44 45
45 46
46 47
47 48
48 49
49 50
50 51
51 52
52 53
53 54
54 55
55 56
56 57
57 58
58 59
59 0
23 27
40 51
11 54
14 54
24 50
38 55
40 46
3 30
3 13
23 54
50 53
31 35
29 34
36 56
40 49
29 44
9 13
23 30
36 39
25 44
40 47
21 23
39 51
51 53
14 19
41 45
0 8
10 58
2 31
1 56
3 6
24 49
45 47
31 34
44 49
18 54
42 45
40 45
43 45
45 48
29 43
5 9
29 39
19 22
37 56
31 36
24 26
2 8
24 27
4 6
25 49
13 19
10 54
2 36
20 30
9 59
7 9
28 44
2 6
47 49
29 41
24 53
2 7
19 21
30 32
29 40
37 55
54 58
19 30
56 59
1 8
13 30
45 49
34 39
15 54
14 18
38 52
29 33
55 58
14 17
9 58
19 54
21 30
27 29
35 39
2 30
0 9
29 32
57 59
40 50
15 18
36 38
13 54
25 27
6 9
23 53
56 58
23 29
10 13
3 9
27 44
53 55
0 56
38 51
1 36
4 9
22 54
41 43
38 53
12 54
11 13
