0 1
1 2
2 3
3 4
4 5
5 6
6 7
7 8
8 9
9 10
10 11
11 12
12 13
13 14
14 15
15 16
16 17
17 18
18 19
19 20
20 21
21 22
22 23
23 24
24 25
25 26
26 27
27 28
28 29
29 30
30 31
31 32
32 33
33 34
34 35
35 36
36 37
37 38
38 39
39 40
40 41
41 42
42 43
43 44
44 45
45 46
46 47
47 48
48 49
49 50
50 51
51 52
52 53
53 54
54 55
55 56
56 57
57 58
58 59
59 0
10 44
5 23
2 24
18 43
38 58
7 59
12 43
48 57
42 54
21 38
35 38
7 20
42 55
42 51
45 59
29 59
29 34
11 15
30 58
8 18
40 42
1 25
48 50
22 25
5 21
31 34
48 54
25 59
21 25
43 48
10 15
11 43
37 58
21 34
35 58
42 56
19 42
26 34
0 25
13 16
42 48
50 54
55 57
3 6
21 42
46 59
2 7
6 21
39 57
13 43
25 28
39 56
8 20
42 49
18 20
50 53
35 37
28 34
8 17
30 33
39 41
13 18
51 53
48 55
14 16
44 46
8 45
33 58
38 57
19 21
4 6
42 52
1 24
2 59
43 46
34 38
38 41
7 45
57 59
8 16
49 51
36 58
38 42
5 22
47 59
30 32
30 34
0 2
2 4
21 26
39 42
2 5
31 33
26 28
9 44
12 15
8 15
13 17
19 43
11 44
8 44
22 24
48 59
13 15
6 20
25 29
5 24
9 15
52 54
29 58
3 7
46 48
34 58
27 34

0 1
1 2
2 3
3 4
4 5
5 6
6 7
7 8
8 9
9 10
10 11
11 12
12 13
13 14
14 15
15 16
16 17
17 18
18 19
19 20
20 21
21 22
22 23
23 24
24 25
25 26
26 27
27 28
28 29
29 30
30 31
31 32
32 33
33 34
34 35
35 36
36 37
37 38
38 39
39 40
40 41
41 42
42 43
43 44
44 45
45 46
46 47
47 48
48 49
49 50
50 51
51 52
52 53
53 54
54 55
55 56
56 57
57 58
58 59
59 0
22 58
21 47
33 56
35 56
32 43
48 53
1 13
20 51
20 57
3 12
18 57
2 6
0 12
41 55
54 57
26 57
43 55
29 44
18 22
36 39
28 44
33 36
36 42
51 57
51 54
21 27
44 54
17 59
14 18
21 50
1 11
27 46
44 55
7 10
26 29
33 57
36 38
0 11
49 53
5 11
14 17
22 26
30 43
3 11
33 43
17 57
24 26
37 40
24 27
7 9
25 27
37 42
27 45
5 7
12 58
9 11
16 18
14 22
34 36
28 45
19 22
35 41
30 57
21 24
45 54
35 55
21 49
12 14
1 10
19 57
5 8
21 46
0 14
5 9
1 12
50 52
12 59
45 53
54 56
47 49
22 57
31 57
1 7
33 42
45 47
20 50
37 41
14 59
1 6
38 40
36 41
2 12
27 29
29 57
32 57
17 58
12 22
3 5
20 22
30 44
0 13
47 53
15 17
33 35
4 11
15 18
31 43
36 40
23 26
49 52
21 23
41 43
