0 1
1 2
2 3
3 4
4 5
5 6
6 7
7 8
8 9
9 10
10 11
11 12
12 13
13 14
14 15
15 16
16 17
17 18
18 19
19 20
20 21
21 22
22 23
23 24
24 25
25 26
26 27
27 28
28 29
29 30
30 31
31 32
32 33
33 34
34 35
35 36
36 37
37 38
38 39
39 40
40 41
41 42
42 43
43 44
44 45
45 46
46 47
47 48
48 49
49 50
50 51
51 52
52 53
53 54
54 55
55 56
56 57
57 58
58 59
59 0
38 53
3 16
4 31
19 37
1 46
28 36
8 20
45 53
6 30
9 15
23 36
0 55
0 50
22 27
14 19
39 53
38 55
34 44
20 37
2 33
14 20
0 3
29 36
8 28
3 7
23 26
38 42
3 8
14 18
45 50
16 18
50 57
3 37
2 44
3 19
56 59
33 44
6 28
50 58
8 16
51 57
22 24
45 47
12 20
30 35
1 48
17 19
23 28
36 44
8 22
50 53
38 54
57 59
39 44
5 30
11 20
4 33
22 25
3 38
53 55
33 35
26 28
52 57
38 43
44 46
9 13
38 44
0 38
5 31
34 36
9 20
32 35
30 32
47 49
22 26
40 44
40 42
10 13
8 27
4 6
3 33
13 20
22 37
9 16
10 20
28 30
1 49
51 53
2 46
30 36
36 38
6 8
39 41
0 58
38 41
46 48
0 49
16 19
40 43
13 15
14 16
23 25
4 7
52 55
23 37
0 2
4 32
10 12
44 53
55 57
0 56
47 50
21 37
20 22
0 1
1 2
2 3
3 4
4 5
5 6
6 7
7 8
8 9
9 10
10 11
11 12
12 13
13 14
14 15
15 16
16 17
17 18
18 19
19 20
20 21
21 22
22 23
23 24
24 25
25 26
26 27
27 28
28 29
29 30
30 31
31 32
32 33
33 34
34 35
35 36
36 37
37 38
38 39
39 40
40 41
41 42
42 43
43 44
44 45
45 46
46 47
47 48
48 49
49 50
50 51
51 52
52 53
53 54
54 55
55 56
56 57
57 58
58 59
59 0
33 36
7 21
6 11
17 52
7 29
0 48
37 40
7 47
7 20
27 30
7 37
29 32
1 4
20 47
16 53
5 11
19 51
4 13
1 14
27 29
25 40
31 40
42 47
41 47
23 45
3 47
1 13
38 40
50 52
18 51
32 36
48 59
30 40
22 28
2 48
1 54
25 45
49 59
32 37
31 36
50 54
35 37
15 54
50 56
8 17
21 28
18 52
27 40
31 37
31 39
0 57
37 39
11 16
7 17
11 14
44 47
20 23
7 10
5 7
20 45
1 3
4 47
7 19
7 18
11 15
11 13
41 43
48 51
37 47
24 45
4 12
43 47
33 37
1 57
47 51
7 9
20 46
1 15
50 55
25 28
17 53
2 47
7 11
26 40
21 23
41 45
16 54
49 56
5 12
52 54
5 47
37 41
43 45
48 50
54 57
56 58
25 27
10 17
21 29
8 10
40 45
7 32
29 31
19 47
54 56
11 17
49 58
24 28
34 37
