0 1
1 2
2 3
3 4
4 5
5 6
6 7
7 8
8 9
9 10
10 11
11 12
12 13
13 14
14 15
15 16
16 17
17 18
18 19
19 20
20 21
21 22
22 23
23 24
24 25
25 26
26 27
27 28
28 29
29 30
30 31
31 32
32 33
33 34
34 35
35 36
36 37
37 38
38 39
39 40
40 41
41 42
42 43
43 44
44 45
45 46
46 47
47 48
48 49
49 50
50 51
51 52
52 53
53 54
54 55
55 56
56 57
57 58
58 59
59 0
0 23
17 31
27 41
1 40
13 21
1 7
26 42
43 45
3 12
42 56
43 55
9 22
54 57
28 32
43 58
2 14
46 57
34 38
4 8
1 33
4 12
15 33
22 28
18 21
41 56
3 13
27 37
28 35
46 52
48 54
43 48
49 54
16 31
40 58
30 32
34 40
22 26
54 56
46 53
44 47
1 23
1 34
29 31
9 13
2 7
16 20
56 58
4 6
23 25
26 28
23 58
47 52
17 28
0 58
18 20
5 7
34 36
14 21
10 12
8 10
45 58
53 57
48 50
4 11
43 47
47 51
35 37
29 32
23 59
37 41
45 57
7 22
17 20
3 14
8 22
28 31
17 21
49 53
37 40
49 52
7 23
23 26
43 56
41 58
6 8
2 33
34 37
28 33
4 7
25 43
15 32
48 55
26 43
17 22
34 39
15 21
9 12
24 26
1 58
3 7
45 47
9 21
15 20
47 50
8 11
25 58
19 21
14 33
16 32
28 37
37 39
33 35
49 51
27 42
0 1
1 2
2 3
3 4
4 5
5 6
6 7
7 8
8 9
9 10
10 11
11 12
12 13
13 14
14 15
15 16
16 17
17 18
18 19
19 20
20 21
21 22
22 23
23 24
24 25
25 26
26 27
27 28
28 29
29 30
30 31
31 32
32 33
33 34
34 35
35 36
36 37
37 38
38 39
39 40
40 41
41 42
42 43
43 44
44 45
45 46
46 47
47 48
48 49
49 50
50 51
51 52
52 53
53 54
54 55
55 56
56 57
57 58
58 59
59 0
30 55
1 42
10 42
26 40
3 42
11 14
26 31
6 58
0 52
46 49
15 28
31 53
11 41
11 42
41 51
30 54
11 25
43 52
55 57
10 13
15 25
16 25
16 19
42 50
16 24
13 58
6 42
14 28
26 38
25 28
51 53
5 58
52 56
26 39
27 30
21 25
14 20
14 17
28 55
42 51
45 51
21 24
12 14
32 35
52 59
31 35
25 40
16 23
36 39
7 13
27 29
2 4
19 22
53 56
28 30
30 53
4 42
4 58
35 41
35 53
46 48
42 44
44 46
14 55
43 51
33 38
19 23
31 33
46 50
42 47
2 42
42 46
52 57
15 17
14 18
53 55
0 4
9 42
57 59
13 57
26 33
35 38
8 42
8 13
11 20
47 49
7 42
13 55
36 41
14 19
11 40
11 21
41 53
0 43
44 51
5 42
27 31
25 27
16 18
39 41
20 22
4 59
0 2
36 38
1 43
32 34
11 13
7 58
45 50
42 49
22 24
