0 1
1 2
2 3
3 4
4 5
5 6
6 7
7 8
8 9
9 10
10 11
11 12
12 13
13 14
14 15
15 16
16 17
17 18
18 19
19 20
20 21
21 22
22 23
23 24
24 25
25 26
26 27
27 28
28 29
29 30
30 31
31 32
32 33
33 34
34 35
35 36
36 37
37 38
38 39
39 40
40 41
41 42
42 43
43 44
44 45
45 46
46 47
47 48
48 49
49 50
50 51
51 52
52 53
53 54
54 55
55 56
56 57
57 58
58 59
59 0
36 43
5 21
27 38
14 56
39 56
0 34
14 19
36 55
25 56
4 22
19 25
28 33
1 26
4 58
40 42
42 54
15 19
9 18
49 51
23 26
22 25
32 35
34 36
46 55
26 39
43 51
3 58
45 55
26 33
0 33
18 20
34 55
6 20
10 56
51 55
26 28
7 10
47 55
5 7
37 41
13 56
9 12
35 38
39 55
56 58
5 10
0 26
43 47
28 31
9 11
13 16
14 25
36 44
10 57
4 26
26 56
31 35
44 55
30 35
45 47
11 56
38 41
2 58
43 45
9 17
43 49
22 24
27 30
6 9
52 55
36 41
4 23
16 18
52 54
0 2
40 55
13 15
42 52
35 37
0 56
31 33
4 57
33 35
48 55
26 38
0 58
39 41
48 51
20 25
12 56
0 55
9 16
28 30
2 59
27 35
43 48
43 52
4 10
41 43
1 3
53 55
5 22
6 18
16 19
9 13
8 10
3 26
42 55
20 22
6 21
29 31
23 25
43 50
6 8
0 1
1 2
2 3
3 4
4 5
5 6
6 7
7 8
8 9
9 10
10 11
11 12
12 13
13 14
14 15
15 16
16 17
17 18
18 19
19 20
20 21
21 22
22 23
23 24
24 25
25 26
26 27
27 28
28 29
29 30
30 31
31 32
32 33
33 34
34 35
35 36
36 37
37 38
38 39
39 40
40 41
41 42
42 43
43 44
44 45
45 46
46 47
47 48
48 49
49 50
50 51
51 52
52 53
53 54
54 55
55 56
56 57
57 58
58 59
59 0
36 56
9 26
47 57
35 46
8 26
1 23
27 58
41 46
30 46
1 47
7 23
49 52
38 42
26 47
37 39
7 47
46 56
29 58
11 17
21 25
8 21
14 26
41 44
16 20
38 40
35 57
4 6
10 14
1 4
43 46
28 58
5 47
36 38
29 32
24 59
25 58
51 57
53 56
1 57
13 17
1 58
55 57
10 17
10 20
42 56
0 24
42 46
3 5
10 12
14 21
7 26
47 56
11 13
32 58
48 52
47 53
36 39
35 56
47 50
21 24
10 18
54 57
40 46
17 20
54 56
15 17
1 5
28 46
34 46
25 59
30 34
15 20
35 58
10 13
25 27
33 58
17 19
7 21
51 54
36 42
6 23
1 6
10 21
10 19
34 58
6 47
47 49
35 40
10 26
1 24
48 53
42 44
21 26
44 46
1 59
30 32
29 46
31 34
14 20
36 40
2 4
51 53
47 51
32 34
50 52
2 5
27 47
21 23
28 47
41 45
9 21
7 22
14 17
