0 1
1 2
2 3
3 4
4 5
5 6
6 7
7 8
8 9
9 10
10 11
11 12
12 13
13 14
14 15
15 16
16 17
17 18
18 19
19 20
20 21
21 22
22 23
23 24
24 25
25 26
26 27
27 28
28 29
29 30
30 31
31 32
32 33
33 34
34 35
35 36
36 37
37 38
38 39
39 40
40 41
41 42
42 43
43 44
44 45
45 46
46 47
47 48
48 49
49 50
50 51
51 52
52 53
53 54
54 55
55 56
56 57
57 58
58 59
59 0
26 28
28 56
3 7
7 50
18 40
40 55
9 18
5 15
42 53
56 59
3 25
33 38
5 23
17 19
0 51
40 42
34 56
53 55
22 32
46 50
40 47
44 52
51 55
48 50
45 50
8 10
10 14
40 49
17 23
23 31
32 56
20 23
27 56
43 53
45 52
18 38
24 29
28 32
41 55
5 14
13 16
18 32
47 50
12 17
8 50
25 28
7 51
34 55
12 16
6 14
1 3
33 36
0 3
12 18
34 37
55 58
8 49
18 21
11 18
18 49
3 6
25 29
6 8
28 30
23 32
28 31
3 26
1 7
26 56
23 29
23 25
55 59
10 12
42 44
5 16
9 49
0 2
36 38
9 11
41 53
1 51
40 46
38 55
18 33
5 17
45 51
18 20
20 22
0 26
40 44
43 52
4 25
34 36
4 23
18 22
33 56
55 57
6 10
29 31
19 23
40 45
0 56
47 49
4 6
10 13
51 53
0 55
33 35
38 40
18 39
41 54
34 38
13 15
57 59
0 1
1 2
2 3
3 4
4 5
5 6
6 7
7 8
8 9
9 10
10 11
11 12
12 13
13 14
14 15
15 16
16 17
17 18
18 19
19 20
20 21
21 22
22 23
23 24
24 25
25 26
26 27
27 28
28 29
29 30
30 31
31 32
32 33
33 34
34 35
35 36
36 37
37 38
38 39
39 40
40 41
41 42
42 43
43 44
44 45
45 46
46 47
47 48
48 49
49 50
50 51
51 52
52 53
53 54
54 55
55 56
56 57
57 58
58 59
59 0
28 34
7 55
19 57
10 50
27 53
11 13
8 14
12 40
20 33
20 30
36 51
39 48
11 47
31 34
18 57
21 25
16 40
21 29
19 21
17 38
39 46
37 49
1 58
7 14
25 57
5 55
52 55
24 57
1 55
39 41
12 44
11 14
14 40
0 17
11 44
10 52
2 17
0 57
38 48
19 38
2 7
30 33
2 14
17 39
12 14
26 53
23 57
21 24
1 56
20 37
33 37
2 4
14 17
35 51
11 46
29 34
12 43
40 43
30 32
0 18
3 5
9 55
6 55
2 55
19 22
38 49
27 34
3 55
25 55
42 45
21 28
16 39
14 16
10 55
36 49
41 46
10 47
32 34
35 52
20 29
27 52
50 52
27 35
22 57
43 45
15 40
21 26
8 11
25 56
10 48
36 50
1 59
4 7
7 9
44 46
41 45
20 38
35 37
56 58
25 53
10 49
21 27
30 34
22 24
1 17
52 54
5 7
0 58
46 48
25 54
41 43
