0 1
1 2
2 3
3 4
4 5
5 6
6 7
7 8
8 9
9 10
10 11
11 12
12 13
13 14
14 15
15 16
16 17
17 18
18 19
19 20
20 21
21 22
22 23
23 24
24 25
25 26
26 27
27 28
28 29
29 30
30 31
31 32
32 33
33 34
34 35
35 36
36 37
37 38
38 39
39 40
40 41
41 42
42 43
43 44
44 45
45 46
46 47
47 48
48 49
49 50
50 51
51 52
52 53
53 54
54 55
55 56
56 57
57 58
58 59
59 0
49 58
14 59
15 22
3 46
21 59
7 22
29 34
12 14
23 46
22 38
8 14
28 35
31 34
10 59
43 58
21 42
3 8
28 38
25 30
51 57
51 54
14 22
23 39
6 46
23 44
4 46
8 13
22 24
23 36
3 5
53 55
15 20
8 59
49 54
49 56
25 28
7 23
18 22
39 43
23 33
33 35
44 46
38 41
6 23
47 56
2 46
20 59
15 19
9 13
52 57
51 58
1 3
15 18
47 59
26 30
10 13
46 59
23 30
46 58
43 45
55 57
19 22
27 30
48 56
43 59
48 58
11 59
0 8
52 55
0 3
3 6
30 34
19 21
31 33
24 28
1 46
23 37
22 28
1 59
57 59
16 22
37 39
52 54
11 14
7 14
39 41
49 55
50 58
21 38
28 37
49 51
28 36
56 59
14 20
24 30
15 17
47 58
38 40
42 59
30 32
23 43
16 18
43 46
25 27
27 29
28 34
39 42
21 41
4 6
9 59
33 36
10 12
6 8
23 32
0 1
1 2
2 3
3 4
4 5
5 6
6 7
7 8
8 9
9 10
10 11
11 12
12 13
13 14
14 15
15 16
16 17
17 18
18 19
19 20
20 21
21 22
22 23
23 24
24 25
25 26
26 27
27 28
28 29
29 30
30 31
31 32
32 33
33 34
34 35
35 36
36 37
37 38
38 39
39 40
40 41
41 42
42 43
43 44
44 45
45 46
46 47
47 48
48 49
49 50
50 51
51 52
52 53
53 54
54 55
55 56
56 57
57 58
58 59
59 0
27 49
4 47
21 28
9 12
45 47
27 54
35 37
20 35
6 25
21 32
15 46
29 40
13 15
14 19
27 55
0 49
4 26
14 16
3 47
0 48
13 47
38 42
37 45
7 47
41 47
22 26
17 19
7 20
34 38
3 27
55 59
21 27
16 46
16 35
13 19
2 47
8 20
7 12
21 30
54 59
21 26
31 39
27 48
0 52
35 46
5 25
27 58
20 34
36 45
6 20
5 26
40 48
3 26
14 18
34 39
11 13
21 24
16 19
41 43
27 56
43 47
29 31
27 40
2 59
50 52
49 53
6 24
2 58
31 40
55 58
7 9
37 43
13 20
0 50
38 43
37 44
20 32
44 47
27 57
21 23
0 47
8 11
51 53
28 40
33 39
52 59
21 29
13 46
53 59
6 21
5 47
35 45
23 26
6 47
40 47
16 20
9 11
32 39
1 47
7 13
14 17
40 42
8 10
24 26
21 31
34 37
50 53
27 53
11 20
0 2
56 58
2 27
32 34
