0 1
1 2
2 3
3 4
4 5
5 6
6 7
7 8
8 9
9 10
10 11
11 12
12 13
13 14
14 15
15 16
16 17
17 18
18 19
19 20
20 21
21 22
22 23
23 24
24 25
25 26
26 27
27 28
28 29
29 30
30 31
31 32
32 33
33 34
34 35
35 36
36 37
37 38
38 39
39 40
40 41
41 42
42 43
43 44
44 45
45 46
46 47
47 48
48 49
49 50
50 51
51 52
52 53
53 54
54 55
55 56
56 57
57 58
58 59
59 0
40 53
37 41
27 49
23 53
29 53
29 35
4 57
17 54
29 33
7 25
46 53
15 21
46 50
42 49
1 25
36 40
1 55
3 25
8 16
31 33
21 53
28 49
8 10
7 14
27 53
7 10
49 52
5 57
26 49
18 53
34 40
2 25
9 13
38 41
56 59
0 3
49 53
7 23
24 26
0 56
17 57
40 46
35 41
37 40
46 48
32 53
29 32
26 54
3 7
14 16
37 39
14 22
18 21
30 32
6 17
16 18
24 27
29 34
50 53
7 22
42 46
32 34
40 43
19 21
17 53
18 20
5 17
3 6
19 53
28 53
50 52
22 53
7 13
25 55
43 45
54 56
41 43
0 58
24 53
7 24
51 53
8 14
4 6
7 11
28 42
29 42
35 42
9 12
42 45
8 13
35 40
14 21
6 8
54 57
0 57
26 55
38 40
42 47
1 3
26 53
29 31
56 58
9 11
44 46
3 57
36 41
43 46
6 16
48 50
42 48
34 53
11 13
15 18
1 56
0 1
1 2
2 3
3 4
4 5
5 6
6 7
7 8
8 9
9 10
10 11
11 12
12 13
13 14
14 15
15 16
16 17
17 18
18 19
19 20
20 21
21 22
22 23
23 24
24 25
25 26
26 27
27 28
28 29
29 30
30 31
31 32
32 33
33 34
34 35
35 36
36 37
37 38
38 39
39 40
40 41
41 42
42 43
43 44
44 45
45 46
46 47
47 48
48 49
49 50
50 51
51 52
52 53
53 54
54 55
55 56
56 57
57 58
58 59
59 0
33 35
10 16
20 46
0 28
19 56
16 56
45 54
31 39
11 57
21 26
7 26
22 28
21 46
21 33
8 17
31 36
32 35
17 56
1 4
23 25
31 42
47 55
34 46
21 24
44 56
7 9
7 28
20 55
19 26
0 29
20 56
30 44
36 46
21 30
38 42
15 57
7 58
30 43
21 28
36 42
44 55
7 17
7 59
44 58
31 38
49 51
21 34
30 59
13 15
36 45
45 47
1 28
6 59
48 55
9 57
52 54
16 57
47 50
1 59
10 17
22 26
6 28
12 14
32 36
11 14
13 16
5 28
1 6
11 16
2 28
3 5
31 37
21 32
12 16
36 43
46 55
3 28
23 26
45 53
39 42
31 41
2 4
47 52
28 30
36 38
7 57
49 55
45 55
17 19
22 24
35 46
30 42
1 5
17 26
22 27
39 41
7 27
20 26
44 59
47 51
47 53
36 44
18 26
40 42
21 25
29 59
10 57
51 55
52 55
44 57
47 49
21 31
11 15
9 17
