0 1
1 2
2 3
3 4
4 5
5 6
6 7
7 8
8 9
9 10
10 11
11 12
12 13
13 14
14 15
15 16
16 17
17 18
18 19
19 20
20 21
21 22
22 23
23 24
24 25
25 26
26 27
27 28
28 29
29 30
30 31
31 32
32 33
33 34
34 35
35 36
36 37
37 38
38 39
39 40
40 41
41 42
42 43
43 44
44 45
45 46
46 47
47 48
48 49
49 50
50 51
51 52
52 53
53 54
54 55
55 56
56 57
57 58
58 59
59 0
39 46
28 55
22 24
23 56
5 45
14 33
22 57
21 32
34 43
28 32
4 6
51 58
13 19
53 55
30 46
30 32
10 43
7 57
43 45
31 37
37 42
17 33
34 42
10 13
45 58
22 56
49 51
41 45
46 51
52 54
10 19
15 19
26 32
22 25
27 32
13 33
1 59
23 28
20 22
7 43
31 39
0 3
28 51
46 50
6 59
14 17
7 22
24 27
14 16
28 56
29 50
28 53
1 3
5 43
29 46
33 35
35 42
7 19
0 6
17 20
32 36
37 39
9 19
39 42
4 58
22 32
10 12
39 45
51 56
24 26
35 37
32 37
0 2
12 19
40 45
51 54
28 30
15 18
5 58
28 50
48 51
3 59
14 19
7 20
31 46
42 44
8 19
7 10
28 52
47 50
10 33
20 33
32 35
7 59
5 7
39 41
7 9
41 44
46 48
20 32
4 59
18 20
48 50
38 42
16 18
46 58
11 13
3 6
7 58
51 57
22 26
23 27
33 43
54 56
0 1
1 2
2 3
3 4
4 5
5 6
6 7
7 8
8 9
9 10
10 11
11 12
12 13
13 14
14 15
15 16
16 17
17 18
18 19
19 20
20 21
21 22
22 23
23 24
24 25
25 26
26 27
27 28
28 29
29 30
30 31
31 32
32 33
33 34
34 35
35 36
36 37
37 38
38 39
39 40
40 41
41 42
42 43
43 44
44 45
45 46
46 47
47 48
48 49
49 50
50 51
51 52
52 53
53 54
54 55
55 56
56 57
57 58
58 59
59 0
2 31
29 39
4 20
21 58
10 28
33 53
43 58
4 9
52 56
36 46
29 42
11 20
10 23
35 39
14 22
13 18
48 53
33 48
49 57
33 59
33 39
19 21
57 59
30 39
5 10
14 21
36 42
15 17
9 11
29 40
48 58
36 41
12 18
21 59
6 8
0 33
11 19
23 29
1 4
36 43
2 4
36 47
18 21
4 31
29 43
52 55
13 17
16 21
37 41
24 29
44 48
44 58
15 21
34 36
10 24
36 48
20 59
50 57
23 58
27 29
34 39
53 59
12 23
10 25
9 20
2 32
10 29
0 32
5 29
54 59
8 10
38 41
6 10
25 28
13 22
56 59
1 32
3 31
36 45
11 23
29 58
21 23
50 56
48 52
5 8
34 48
48 57
45 48
29 41
5 30
11 18
4 8
13 23
17 21
26 29
4 30
25 27
31 33
25 29
55 59
36 39
13 15
30 33
36 38
36 44
50 52
0 4
49 52
45 47
0 20
38 40
