0 1
1 2
2 3
3 4
4 5
5 6
6 7
7 8
8 9
9 10
10 11
11 12
12 13
13 14
14 15
15 16
16 17
17 18
18 19
19 20
20 21
21 22
22 23
23 24
24 25
25 26
26 27
27 28
28 29
29 30
30 31
31 32
32 33
33 34
34 35
35 36
36 37
37 38
38 39
39 40
40 41
41 42
42 43
43 44
44 45
45 46
46 47
47 48
48 49
49 50
50 51
51 52
52 53
53 54
54 55
55 56
56 57
57 58
58 59
59 0
16 21
13 20
37 44
31 57
26 58
3 56
42 46
10 20
34 48
26 32
0 8
15 55
39 55
25 58
22 39
5 10
0 57
10 58
46 52
36 45
28 58
24 34
4 14
35 37
30 32
40 54
3 57
23 25
46 49
6 9
40 42
34 55
23 35
40 55
46 48
10 12
34 56
41 46
17 21
43 45
0 3
21 25
1 4
51 53
11 13
28 30
23 38
40 52
40 53
30 57
34 50
11 20
35 48
1 7
13 16
4 15
26 28
0 2
18 21
13 19
24 26
37 40
0 7
45 47
5 9
5 14
38 40
1 3
0 10
26 30
20 25
50 55
17 19
26 29
32 56
22 55
51 55
51 54
40 43
12 14
27 29
41 52
35 38
24 35
22 25
3 55
32 34
48 50
8 10
4 7
15 21
50 52
57 59
3 15
4 6
26 34
36 48
33 56
49 52
6 8
32 57
10 59
10 25
37 45
13 17
42 45
19 21
21 55
30 58
22 38
45 48
37 43
14 16
5 12
0 1
1 2
2 3
3 4
4 5
5 6
6 7
7 8
8 9
9 10
10 11
11 12
12 13
13 14
14 15
15 16
16 17
17 18
18 19
19 20
20 21
21 22
22 23
23 24
24 25
25 26
26 27
27 28
28 29
29 30
30 31
31 32
32 33
33 34
34 35
35 36
36 37
37 38
38 39
39 40
40 41
41 42
42 43
43 44
44 45
45 46
46 47
47 48
48 49
49 50
50 51
51 52
52 53
53 54
54 55
55 56
56 57
57 58
58 59
59 0
2 27
10 37
0 29
8 21
34 59
37 49
4 47
28 34
3 23
12 27
1 51
9 18
11 16
44 48
15 19
50 58
1 50
23 27
1 54
3 27
37 48
3 50
5 47
11 28
53 55
38 48
9 42
37 50
10 36
29 59
6 43
15 20
50 59
0 27
11 35
5 45
7 43
38 43
15 26
35 50
4 48
8 22
8 19
39 43
41 43
9 37
4 8
11 18
29 31
51 56
10 35
20 22
0 56
13 27
37 41
31 59
5 7
56 59
32 59
5 43
30 59
3 48
31 34
12 28
11 15
9 19
7 9
52 54
44 46
50 56
20 23
9 43
37 42
15 17
29 34
9 11
54 56
11 14
24 27
16 18
50 57
25 27
5 44
11 34
3 49
8 20
15 23
37 39
5 46
52 55
8 23
38 44
33 59
2 50
39 41
15 27
15 18
0 28
35 59
4 23
15 25
14 27
36 50
44 47
1 56
15 24
5 8
56 58
31 33
1 52
1 27
52 56
