0 1
1 2
2 3
3 4
4 5
5 6
6 7
7 8
8 9
9 10
10 11
11 12
12 13
13 14
14 15
15 16
16 17
17 18
18 19
19 20
20 21
21 22
22 23
23 24
24 25
25 26
26 27
27 28
28 29
29 30
30 31
31 32
32 33
33 34
34 35
35 36
36 37
37 38
38 39
39 40
40 41
41 42
42 43
43 44
44 45
45 46
46 47
47 48
48 49
49 50
50 51
51 52
52 53
53 54
54 55
55 56
56 57
57 58
58 59
59 0
33 57
33 37
38 46
5 39
20 26
14 20
12 15
19 25
19 59
46 54
49 55
27 38
39 57
39 47
23 26
7 12
16 18
2 57
9 39
21 24
5 12
25 27
51 55
28 32
0 2
31 36
47 54
19 28
6 39
10 39
47 57
52 55
20 23
41 44
2 4
18 59
31 38
4 12
1 16
11 39
1 4
34 36
32 34
42 46
28 57
47 53
34 37
14 19
8 39
32 35
8 12
12 27
9 12
4 39
29 31
4 15
37 57
50 52
2 59
38 44
10 12
41 47
12 38
38 57
17 59
36 38
38 55
28 58
49 51
19 27
47 52
15 18
12 39
19 24
47 49
48 55
41 43
12 14
38 45
43 45
40 47
47 55
14 27
19 21
40 44
29 38
30 32
41 46
14 18
29 32
2 58
39 44
23 25
28 59
1 3
7 39
1 17
32 36
4 57
13 15
20 27
38 56
28 33
28 38
21 23
47 56
6 12
38 54
0 17
43 46
20 22
4 16
49 52
53 55

0 1
1 2
2 3
3 4
4 5
5 6
6 7
7 8
8 9
9 10
10 11
11 12
12 13
13 14
14 15
15 16
16 17
17 18
18 19
19 20
20 21
21 22
22 23
23 24
24 25
25 26
26 27
27 28
28 29
29 30
30 31
31 32
32 33
33 34
34 35
35 36
36 37
37 38
38 39
39 40
40 41
41 42
42 43
43 44
44 45
45 46
46 47
47 48
48 49
49 50
50 51
51 52
52 53
53 54
54 55
55 56
56 57
57 58
58 59
59 0
13 57
14 58
14 43
27 31
20 52
21 38
47 58
15 39
22 43
14 44
46 48
44 47
16 55
5 57
43 48
6 11
25 36
9 14
34 39
32 39
48 53
21 36
3 59
28 35
53 58
24 39
20 54
7 11
57 59
13 56
14 59
15 56
20 43
24 26
44 58
48 50
20 55
26 36
26 31
8 14
48 51
31 33
17 39
12 57
6 14
15 40
4 14
54 56
27 35
22 36
23 39
11 14
48 58
8 11
15 41
28 30
18 39
11 57
9 11
24 32
40 42
34 38
27 29
35 37
15 55
20 51
45 47
20 39
2 5
19 39
39 43
17 19
11 13
1 57
20 49
14 41
22 25
26 32
14 56
21 43
33 39
43 49
21 37
52 54
44 46
56 58
31 34
19 55
51 53
44 48
6 8
31 35
35 38
14 42
15 17
0 3
27 36
30 35
27 30
22 24
20 38
39 42
3 5
1 5
4 6
53 56
3 14
8 10
6 57
16 19
1 59
22 39
20 50
