0 1
1 2
2 3
3 4
4 5
5 6
6 7
7 8
8 9
9 10
10 11
11 12
12 13
13 14
14 15
15 16
16 17
17 18
18 19
19 20
20 21
21 22
22 23
23 24
24 25
25 26
26 27
27 28
28 29
29 30
30 31
31 32
32 33
33 34
34 35
35 36
36 37
37 38
38 39
39 40
40 41
41 42
42 43
43 44
44 45
45 46
46 47
47 48
48 49
49 50
50 51
51 52
52 53
53 54
54 55
55 56
56 57
57 58
58 59
59 0
33 53
40 59
29 53
38 52
33 39
0 30
10 20
14 30
8 12
49 56
24 27
8 30
10 15
26 59
41 56
2 7
38 42
22 25
44 49
28 53
16 29
16 28
38 43
10 26
4 6
40 56
4 7
31 53
44 52
50 53
34 53
30 33
0 39
0 33
12 15
3 30
18 21
53 57
34 36
7 26
17 24
50 54
2 5
9 11
1 26
34 52
49 54
16 18
44 47
19 21
21 26
0 3
26 28
42 46
33 38
2 4
35 37
53 55
53 56
15 19
34 38
47 56
8 10
53 59
16 30
47 49
44 48
21 24
3 8
24 28
10 21
16 19
38 40
8 14
18 24
44 51
30 53
1 7
8 26
49 51
54 56
14 16
51 53
1 59
39 59
35 38
22 26
33 37
22 24
16 24
45 47
33 36
57 59
42 56
25 27
0 2
15 20
53 58
5 7
43 46
56 59
38 44
10 12
8 13
43 45
3 7
23 25
32 53
13 15
26 53
30 32
40 42
46 56
8 11

0 1
1 2
2 3
3 4
4 5
5 6
6 7
7 8
8 9
9 10
10 11
11 12
12 13
13 14
14 15
15 16
16 17
17 18
18 19
19 20
20 21
21 22
22 23
23 24
24 25
25 26
26 27
27 28
28 29
29 30
30 31
31 32
32 33
33 34
34 35
35 36
36 37
37 38
38 39
39 40
40 41
41 42
42 43
43 44
44 45
45 46
46 47
47 48
48 49
49 50
50 51
51 52
52 53
53 54
54 55
55 56
56 57
57 58
58 59
59 0
44 46
8 23
26 47
35 50
18 32
7 13
32 45
1 6
51 58
11 14
17 23
40 45
23 50
4 8
34 39
26 50
30 47
13 52
28 32
8 15
29 32
2 50
18 33
52 55
3 5
20 28
19 28
41 43
36 48
0 55
41 46
13 53
51 55
34 37
37 40
0 50
9 12
21 23
4 50
7 53
14 18
36 47
41 44
7 55
41 45
13 50
21 28
36 41
17 20
9 15
56 58
15 23
33 50
32 40
51 59
31 47
51 57
14 17
6 8
32 34
23 28
13 33
36 49
12 14
37 39
51 56
8 50
23 27
2 6
0 58
17 22
17 19
34 50
36 50
26 29
19 32
7 54
29 31
14 33
9 14
52 54
6 55
37 41
42 45
47 50
23 26
29 47
20 22
0 6
31 45
34 40
50 59
50 52
27 29
10 14
1 50
41 47
16 23
55 58
7 12
42 44
7 9
5 8
31 46
24 50
3 6
15 17
48 50
3 50
25 50
24 26
