0 1
1 2
2 3
3 4
4 5
5 6
6 7
7 8
8 9
9 10
10 11
11 12
12 13
13 14
14 15
15 16
16 17
17 18
18 19
19 20
20 21
21 22
22 23
23 24
24 25
25 26
26 27
27 28
28 29
29 30
30 31
31 32
32 33
33 34
34 35
35 36
36 37
37 38
38 39
39 40
40 41
41 42
42 43
43 44
44 45
45 46
46 47
47 48
48 49
49 50
50 51
51 52
52 53
53 54
54 55
55 56
56 57
57 58
58 59
59 0
27 49
15 18
15 27
33 38
6 49
50 55
41 51
0 38
11 49
33 40
31 49
25 34
24 26
15 19
29 34
39 58
21 25
7 35
15 49
40 43
46 49
9 12
41 50
35 37
18 25
13 16
33 49
41 56
0 37
42 48
6 55
36 38
2 6
18 20
2 58
40 56
11 13
50 53
5 56
2 4
28 30
19 27
12 17
29 31
7 49
7 17
11 15
1 6
3 57
1 58
32 49
17 25
15 17
0 7
44 47
20 23
1 59
25 35
18 21
41 43
27 29
33 45
39 59
33 46
53 56
27 31
34 38
43 47
0 35
7 11
24 27
31 34
7 25
3 56
27 34
33 43
6 50
41 49
5 55
32 34
41 48
11 14
51 56
23 25
35 38
33 44
12 16
8 10
20 24
3 5
3 58
7 9
40 58
44 46
25 27
38 59
27 30
8 11
40 57
1 7
10 12
38 40
7 12
20 22
22 25
14 16
19 24
50 54
42 47
4 6
51 53
53 55
50 52
47 49

0 1
1 2
2 3
3 4
4 5
5 6
6 7
7 8
8 9
9 10
10 11
11 12
12 13
13 14
14 15
15 16
16 17
17 18
18 19
19 20
20 21
21 22
22 23
23 24
24 25
25 26
26 27
27 28
28 29
29 30
30 31
31 32
32 33
33 34
34 35
35 36
36 37
37 38
38 39
39 40
40 41
41 42
42 43
43 44
44 45
45 46
46 47
47 48
48 49
49 50
50 51
51 52
52 53
53 54
54 55
55 56
56 57
57 58
58 59
59 0
21 55
13 54
14 22
34 43
7 59
35 45
6 17
22 26
22 30
24 51
26 49
8 58
22 43
34 49
16 20
36 41
45 52
0 6
2 18
43 54
8 15
23 53
2 5
3 17
1 19
25 50
13 56
1 21
35 49
56 59
26 33
21 43
34 37
13 23
30 43
30 32
13 55
9 13
23 54
12 15
31 43
39 42
43 45
22 29
15 20
37 39
2 19
7 58
21 59
34 39
7 16
21 56
47 50
44 54
47 51
41 45
45 51
37 40
14 20
29 32
46 51
16 19
23 26
35 48
24 53
34 36
39 41
14 23
45 48
0 21
25 49
27 32
37 41
46 48
3 18
13 15
44 52
14 21
57 59
8 12
36 45
52 54
56 58
3 6
24 52
22 28
19 21
16 18
8 16
26 32
42 45
31 33
9 56
0 2
39 43
10 13
6 16
26 34
24 50
8 56
43 55
0 5
28 32
22 27
48 50
6 59
9 11
