0 1
1 2
2 3
3 4
4 5
5 6
6 7
7 8
8 9
9 10
10 11
11 12
12 13
13 14
14 15
15 16
16 17
17 18
18 19
19 20
20 21
21 22
22 23
23 24
24 25
25 26
26 27
27 28
28 29
29 30
30 31
31 32
32 33
33 34
34 35
35 36
36 37
37 38
38 39
39 40
40 41
41 42
42 43
43 44
44 45
45 46
46 47
47 48
48 49
49 50
50 51
51 52
52 53
53 54
54 55
55 56
56 57
57 58
58 59
59 0
10 24
1 31
1 20
14 24
5 31
40 42
26 44
4 9
32 40
34 53
22 47
32 41
16 22
13 16
35 48
22 58
27 29
12 19
9 28
26 29
12 20
34 54
38 45
18 22
18 20
34 37
48 55
15 23
8 29
38 47
26 30
26 41
50 55
1 11
48 51
1 34
24 28
34 39
22 46
4 10
34 56
13 15
21 58
26 43
10 28
1 32
11 20
11 24
34 48
40 45
3 5
0 34
47 57
49 55
6 9
48 50
52 54
34 40
1 58
13 19
1 4
24 26
48 52
36 48
23 44
25 27
5 30
12 14
34 58
23 26
48 56
41 43
7 29
20 22
35 37
34 38
11 14
30 41
4 6
37 47
1 3
6 29
2 4
22 57
31 41
6 8
23 45
0 58
52 55
36 47
1 33
56 58
32 34
25 28
54 56
38 40
16 18
40 44
1 10
48 57
20 58
9 29
1 5
1 59
15 22
5 29
17 22
13 18
34 52
50 52
22 45
38 46
14 23
42 44

0 1
1 2
2 3
3 4
4 5
5 6
6 7
7 8
8 9
9 10
10 11
11 12
12 13
13 14
14 15
15 16
16 17
17 18
18 19
19 20
20 21
21 22
22 23
23 24
24 25
25 26
26 27
27 28
28 29
29 30
30 31
31 32
32 33
33 34
34 35
35 36
36 37
37 38
38 39
39 40
40 41
41 42
42 43
43 44
44 45
45 46
46 47
47 48
48 49
49 50
50 51
51 52
52 53
53 54
54 55
55 56
56 57
57 58
58 59
59 0
20 28
47 54
10 55
19 39
37 56
16 48
29 57
28 38
1 19
20 24
34 57
48 53
24 29
47 55
9 19
17 19
11 19
14 54
11 17
23 29
8 57
19 23
12 16
19 21
31 36
4 58
39 45
12 15
2 8
17 42
0 4
18 42
45 56
5 8
31 37
19 38
12 55
2 9
23 58
47 49
1 23
16 47
20 26
30 33
41 44
31 35
12 54
49 53
36 56
39 56
3 6
15 48
4 59
31 34
35 57
30 32
18 39
17 45
5 7
1 9
13 54
18 40
10 57
3 7
24 27
47 52
37 39
18 41
28 30
48 54
31 33
23 57
26 28
4 8
20 23
45 55
0 23
55 57
0 2
49 51
23 59
39 44
43 45
3 8
42 45
19 22
50 53
10 12
15 54
30 57
28 37
33 57
46 55
10 19
9 57
21 23
20 38
49 52
12 17
36 57
28 31
39 41
0 3
17 46
4 57
17 47
20 25
51 53
47 53
