0 1
1 2
2 3
3 4
4 5
5 6
6 7
7 8
8 9
9 10
10 11
11 12
12 13
13 14
14 15
15 16
16 17
17 18
18 19
19 20
20 21
21 22
22 23
23 24
24 25
25 26
26 27
27 28
28 29
29 30
30 31
31 32
32 33
33 34
34 35
35 36
36 37
37 38
38 39
39 40
40 41
41 42
42 43
43 44
44 45
45 46
46 47
47 48
48 49
49 50
50 51
51 52
52 53
53 54
54 55
55 56
56 57
57 58
58 59
59 0
5 29
30 57
3 57
5 41
12 31
50 52
16 21
38 43
34 36
7 26
18 30
19 27
33 57
0 30
2 30
35 55
11 16
42 51
37 40
4 53
54 57
6 32
8 23
38 40
6 11
41 53
6 26
6 8
41 43
46 48
38 54
34 41
45 54
4 29
20 26
22 25
45 49
18 28
6 31
57 59
17 20
11 15
43 46
43 50
36 55
20 25
16 20
3 58
43 45
42 50
45 53
33 41
4 57
36 54
40 43
30 33
11 22
45 47
6 28
47 49
13 15
8 26
15 31
8 24
0 58
12 14
35 57
16 31
42 53
10 22
43 54
44 46
1 30
22 24
53 57
30 32
9 23
51 53
19 26
5 33
0 2
2 29
9 22
17 31
6 27
11 13
17 30
6 33
12 15
45 52
3 29
9 11
36 38
39 43
43 48
49 52
35 56
30 59
21 25
28 30
18 20
4 41
0 3
43 49
16 22
34 37
55 57
5 28
18 27
8 25
8 11
33 35
34 40
6 12
0 1
1 2
2 3
3 4
4 5
5 6
6 7
7 8
8 9
9 10
10 11
11 12
12 13
13 14
14 15
15 16
16 17
17 18
18 19
19 20
20 21
21 22
22 23
23 24
24 25
25 26
26 27
27 28
28 29
29 30
30 31
31 32
32 33
33 34
34 35
35 36
36 37
37 38
38 39
39 40
40 41
41 42
42 43
43 44
44 45
45 46
46 47
47 48
48 49
49 50
50 51
51 52
52 53
53 54
54 55
55 56
56 57
57 58
58 59
59 0
31 55
32 54
27 30
22 32
28 59
14 41
12 48
34 53
10 58
22 59
18 37
6 9
6 16
50 53
36 48
11 58
5 9
21 34
20 22
9 13
2 18
4 16
22 28
37 39
7 9
39 42
39 47
22 34
15 17
41 48
22 27
42 46
12 58
15 37
23 27
1 3
18 59
8 13
8 16
23 26
12 51
37 47
41 45
49 51
12 41
19 21
28 58
30 58
8 14
36 49
35 49
39 46
24 31
56 58
18 35
1 59
29 58
31 58
53 55
10 12
15 41
17 37
52 57
32 34
4 58
48 51
52 55
19 59
32 53
2 17
4 10
1 18
27 29
49 53
15 39
55 58
4 9
41 47
51 57
42 44
19 34
38 47
25 31
25 30
25 27
7 16
32 55
22 33
18 36
23 25
3 59
40 42
39 41
4 59
23 32
23 31
35 53
20 59
37 48
0 18
42 45
3 16
5 16
10 13
41 44
12 57
8 15
18 34
3 17
52 56
13 41
41 46
