0 1
1 2
2 3
3 4
4 5
5 6
6 7
7 8
8 9
9 10
10 11
11 12
12 13
13 14
14 15
15 16
16 17
17 18
18 19
19 20
20 21
21 22
22 23
23 24
24 25
25 26
26 27
27 28
28 29
29 30
30 31
31 32
32 33
33 34
34 35
35 36
36 37
37 38
38 39
39 40
40 41
41 42
42 43
43 44
44 45
45 46
46 47
47 48
48 49
49 50
50 51
51 52
52 53
53 54
54 55
55 56
56 57
57 58
58 59
59 0
4 12
18 22
46 49
51 59
27 45
39 43
19 46
10 28
47 50
39 49
32 59
14 53
0 53
33 59
16 53
12 23
32 44
42 46
1 14
17 47
21 24
0 5
5 9
18 23
11 26
9 11
26 28
39 50
56 58
18 20
2 5
32 38
8 29
37 51
32 36
27 29
4 11
31 45
41 43
32 45
55 59
30 32
16 47
6 32
52 54
25 45
15 53
47 53
23 25
34 59
27 31
2 4
21 23
50 52
23 26
54 58
47 52
55 58
15 23
3 5
0 55
2 14
39 42
37 59
20 45
19 45
32 39
16 23
11 23
33 35
6 59
54 57
46 48
21 25
9 29
29 32
51 58
35 59
10 26
21 45
6 8
17 46
38 50
52 58
32 37
29 31
6 9
39 41
13 15
1 53
7 9
43 45
0 54
4 14
5 59
40 42
39 44
16 18
36 59
5 11
4 13
47 49
0 2
37 50
9 28
55 57
20 22
8 32
12 15
39 46
18 46
42 45
26 45
33 36

0 1
1 2
2 3
3 4
4 5
5 6
6 7
7 8
8 9
9 10
10 11
11 12
12 13
13 14
14 15
15 16
16 17
17 18
18 19
19 20
20 21
21 22
22 23
23 24
24 25
25 26
26 27
27 28
28 29
29 30
30 31
31 32
32 33
33 34
34 35
35 36
36 37
37 38
38 39
39 40
40 41
41 42
42 43
43 44
44 45
45 46
46 47
47 48
48 49
49 50
50 51
51 52
52 53
53 54
54 55
55 56
56 57
57 58
58 59
59 0
16 35
45 59
11 48
25 37
3 18
22 27
16 42
28 31
0 23
0 7
17 29
3 15
26 34
36 41
10 13
19 28
47 54
50 58
49 58
0 21
2 6
0 48
8 15
45 47
43 47
19 22
37 43
3 19
26 32
10 15
25 59
8 10
46 56
13 43
0 3
49 54
15 42
47 55
3 6
34 36
48 54
45 58
17 32
45 57
36 38
7 11
0 20
47 56
50 53
0 24
50 55
22 24
50 57
13 42
44 59
1 7
1 6
4 7
10 12
3 7
25 36
37 41
7 48
8 11
38 40
15 17
3 17
22 25
27 32
19 21
16 34
17 34
48 59
44 47
26 36
51 54
0 19
19 29
12 47
16 41
26 33
13 47
50 54
38 41
32 34
17 31
12 48
28 30
51 55
17 19
0 25
22 28
48 58
17 30
5 7
25 27
1 3
36 39
10 14
28 32
43 59
25 43
7 15
16 36
37 42
51 53
14 42
46 57
9 15
50 56
36 40
0 22
4 6
