0 1
1 2
2 3
3 4
4 5
5 6
6 7
7 8
8 9
9 10
10 11
11 12
12 13
13 14
14 15
15 16
16 17
17 18
18 19
19 20
20 21
21 22
22 23
23 24
24 25
25 26
26 27
27 28
28 29
29 30
30 31
31 32
32 33
33 34
34 35
35 36
36 37
37 38
38 39
39 40
40 41
41 42
42 43
43 44
44 45
45 46
46 47
47 48
48 49
49 50
50 51
51 52
52 53
53 54
54 55
55 56
56 57
57 58
58 59
59 0
12 30
14 16
36 58
4 18
32 41
3 56
31 59
11 15
8 10
6 51
3 18
44 53
18 24
6 43
47 51
31 35
3 54
11 18
36 55
21 27
3 51
0 28
11 42
17 26
11 17
11 31
41 55
7 42
26 30
12 17
9 18
46 53
33 39
10 42
19 24
35 38
11 16
17 25
21 28
35 37
11 30
30 59
7 18
2 59
1 28
3 28
36 41
35 59
43 50
44 47
2 56
7 9
44 50
32 35
42 44
53 55
22 27
26 29
2 57
42 55
18 21
3 55
21 23
0 29
0 2
47 53
24 27
18 20
35 39
1 3
3 52
6 42
49 51
22 24
29 59
32 34
12 14
10 18
48 51
33 41
44 48
55 58
37 39
44 55
4 6
4 7
18 25
19 23
43 51
13 15
31 42
3 21
32 42
44 49
33 35
20 23
25 27
57 59
26 28
45 53
3 53
36 40
55 57
12 16
33 40
45 47
36 39
8 42
36 59
47 52
12 26
3 6
3 5
12 15
0 1
1 2
2 3
3 4
4 5
5 6
6 7
7 8
8 9
9 10
10 11
11 12
12 13
13 14
14 15
15 16
16 17
17 18
18 19
19 20
20 21
21 22
22 23
23 24
24 25
25 26
26 27
27 28
28 29
29 30
30 31
31 32
32 33
33 34
34 35
35 36
36 37
37 38
38 39
39 40
40 41
41 42
42 43
43 44
44 45
45 46
46 47
47 48
48 49
49 50
50 51
51 52
52 53
53 54
54 55
55 56
56 57
57 58
58 59
59 0
0 39
20 42
7 37
11 20
46 59
6 10
46 52
39 56
14 59
25 37
1 39
22 29
6 59
6 8
49 54
42 45
9 21
19 59
41 45
27 31
29 32
8 21
37 42
46 51
44 59
7 38
5 39
25 31
50 54
46 48
54 56
11 59
23 27
51 53
20 59
8 36
13 59
52 56
37 41
21 42
46 58
39 55
40 45
39 47
1 59
2 5
8 29
25 42
15 20
43 59
48 50
28 31
22 28
0 58
2 4
44 46
49 55
5 59
53 56
16 59
8 35
7 39
8 37
39 58
21 25
34 37
22 25
16 19
40 47
23 25
18 59
8 32
16 18
25 34
2 39
47 49
3 39
13 20
5 7
24 26
8 34
56 58
26 31
4 39
10 20
31 33
34 36
42 59
8 22
17 19
23 28
39 49
25 33
29 31
8 33
46 57
14 20
15 59
46 50
10 59
50 53
6 9
23 26
39 41
28 30
12 59
46 56
16 20
10 21
43 45
40 46
1 5
12 20
38 41
