0 1
1 2
2 3
3 4
4 5
5 6
6 7
7 8
8 9
9 10
10 11
11 12
12 13
13 14
14 15
15 16
16 17
17 18
18 19
19 20
20 21
21 22
22 23
23 24
24 25
25 26
26 27
27 28
28 29
29 30
30 31
31 32
32 33
33 34
34 35
35 36
36 37
37 38
38 39
39 40
40 41
41 42
42 43
43 44
44 45
45 46
46 47
47 48
48 49
49 50
50 51
51 52
52 53
53 54
54 55
55 56
56 57
57 58
58 59
59 0
6 26
14 31
26 35
1 39
11 41
39 59
11 55
11 42
7 11
46 56
46 49
43 56
43 49
17 19
15 24
20 24
22 29
29 35
8 55
33 40
7 14
1 37
1 59
42 58
18 22
17 24
18 30
23 25
48 51
13 32
1 4
49 53
52 54
2 35
48 50
51 54
6 56
50 53
1 36
40 58
24 26
50 52
22 24
42 56
31 35
12 41
0 39
44 49
43 54
43 45
16 31
32 34
35 40
4 59
51 56
47 49
5 59
36 38
29 31
45 49
38 40
8 56
18 31
42 54
1 3
31 34
16 24
7 26
12 40
40 59
25 29
4 6
25 28
13 31
27 29
13 40
32 40
11 13
18 20
57 59
3 26
8 11
10 55
23 29
33 35
1 38
5 57
9 11
41 58
20 22
7 24
49 54
21 24
47 51
14 16
7 13
36 40
16 18
8 10
3 35
43 46
19 24
51 55
42 55
25 27
46 51
6 8
42 57
2 36
5 56
14 24
4 26
22 30
27 35
0 1
1 2
2 3
3 4
4 5
5 6
6 7
7 8
8 9
9 10
10 11
11 12
12 13
13 14
14 15
15 16
16 17
17 18
18 19
19 20
20 21
21 22
22 23
23 24
24 25
25 26
26 27
27 28
28 29
29 30
30 31
31 32
32 33
33 34
34 35
35 36
36 37
37 38
38 39
39 40
40 41
41 42
42 43
43 44
44 45
45 46
46 47
47 48
48 49
49 50
50 51
51 52
52 53
53 54
54 55
55 56
56 57
57 58
58 59
59 0
26 46
41 57
31 39
16 51
20 35
13 53
6 14
9 54
39 46
0 5
5 17
14 53
39 42
0 9
10 53
9 12
54 57
42 51
52 55
17 50
3 20
17 22
49 51
32 38
37 59
2 5
14 51
35 59
33 36
40 57
0 6
26 31
7 9
3 19
0 57
34 36
1 5
22 46
18 21
31 46
8 13
17 48
39 58
43 47
6 15
29 46
25 32
16 50
51 57
27 31
45 47
31 38
24 46
36 59
32 37
37 58
10 54
52 56
40 42
0 58
26 29
27 30
0 3
4 17
52 57
0 20
22 25
22 48
30 46
17 21
9 57
20 59
26 28
42 45
14 52
0 2
25 35
9 13
6 13
25 46
5 16
39 57
3 17
23 46
39 45
32 36
46 48
3 5
42 49
12 53
25 33
20 25
0 7
42 48
15 51
53 55
37 39
10 12
5 15
21 25
25 31
3 18
44 47
17 49
43 48
55 57
25 34
11 53
28 30
42 44
41 51
19 21
