0 1
1 2
2 3
3 4
4 5
5 6
6 7
7 8
8 9
9 10
10 11
11 12
12 13
13 14
14 15
15 16
16 17
17 18
18 19
19 20
20 21
21 22
22 23
23 24
24 25
25 26
26 27
27 28
28 29
29 30
30 31
31 32
32 33
33 34
34 35
35 36
36 37
37 38
38 39
39 40
40 41
41 42
42 43
43 44
44 45
45 46
46 47
47 48
48 49
49 50
50 51
51 52
52 53
53 54
54 55
55 56
56 57
57 58
58 59
59 0
38 48
22 26
13 49
16 33
43 48
24 38
53 57
14 43
33 57
22 41
15 59
16 21
39 46
13 54
16 18
36 50
21 42
21 29
17 20
3 57
11 55
0 58
36 52
2 7
37 50
2 12
24 30
7 56
36 38
20 32
49 52
33 38
24 41
20 31
0 13
48 50
17 21
9 12
15 21
2 4
14 59
9 11
2 6
40 44
5 7
35 57
52 54
23 41
33 58
21 41
35 53
40 43
5 57
24 32
16 20
49 51
11 56
1 57
44 46
43 49
13 59
4 6
21 31
36 51
14 42
39 44
39 48
39 41
12 54
25 27
35 38
20 33
10 56
32 38
53 55
24 29
24 27
33 59
22 27
27 29
17 19
24 28
34 38
34 57
39 45
21 27
38 41
23 25
5 56
8 10
24 31
7 9
14 21
55 57
0 2
43 47
2 57
15 33
13 52
29 31
8 56
22 25
13 43
11 54
7 12
1 58
44 47
0 12
36 53
37 48
46 48
4 57
16 19
40 42
0 1
1 2
2 3
3 4
4 5
5 6
6 7
7 8
8 9
9 10
10 11
11 12
12 13
13 14
14 15
15 16
16 17
17 18
18 19
19 20
20 21
21 22
22 23
23 24
24 25
25 26
26 27
27 28
28 29
29 30
30 31
31 32
32 33
33 34
34 35
35 36
36 37
37 38
38 39
39 40
40 41
41 42
42 43
43 44
44 45
45 46
46 47
47 48
48 49
49 50
50 51
51 52
52 53
53 54
54 55
55 56
56 57
57 58
58 59
59 0
25 34
19 48
25 56
27 32
8 25
31 46
1 51
7 18
43 53
56 59
45 51
13 24
12 24
39 43
1 8
37 54
8 24
8 15
30 48
37 44
15 20
21 25
34 45
8 59
1 5
1 59
51 59
10 14
25 59
34 46
8 16
15 19
15 17
3 5
4 50
6 48
46 49
10 13
6 19
4 51
43 52
42 44
13 15
34 36
36 56
1 4
9 24
36 54
53 59
56 58
25 30
54 57
20 30
38 54
27 31
54 56
44 52
30 47
51 53
46 50
36 55
35 44
26 32
11 13
37 40
15 23
2 5
31 34
37 42
8 18
5 8
7 19
57 59
20 22
9 15
22 24
10 24
5 49
37 39
35 45
25 33
41 43
11 24
10 15
28 31
21 24
47 49
15 18
8 17
39 54
31 47
54 59
20 25
0 8
28 30
20 23
37 41
39 53
36 44
1 3
13 23
34 56
26 28
45 52
45 50
20 48
26 30
6 8
6 49
31 33
5 50
26 29
26 33
