0 1
1 2
2 3
3 4
4 5
5 6
6 7
7 8
8 9
9 10
10 11
11 12
12 13
13 14
14 15
15 16
16 17
17 18
18 19
19 20
20 21
21 22
22 23
23 24
24 25
25 26
26 27
27 28
28 29
29 30
30 31
31 32
32 33
33 34
34 35
35 36
36 37
37 38
38 39
39 40
40 41
41 42
42 43
43 44
44 45
45 46
46 47
47 48
48 49
49 50
50 51
51 52
52 53
53 54
54 55
55 56
56 57
57 58
58 59
59 0
25 42
6 23
9 58
18 24
15 47
13 16
5 50
5 52
27 38
29 45
33 40
24 48
12 14
1 6
48 58
30 34
35 38
0 53
6 19
11 47
38 42
49 57
53 58
29 46
54 58
50 55
11 16
25 43
8 10
25 29
27 37
12 16
6 16
17 45
24 46
2 4
30 36
16 19
50 56
53 59
30 35
32 45
9 59
34 39
19 22
8 59
5 53
9 47
51 54
0 6
6 20
24 50
35 37
33 39
0 2
10 47
51 55
54 57
41 43
31 45
25 38
0 4
30 45
22 24
26 38
33 44
6 8
55 57
51 53
47 58
23 50
27 36
16 47
1 5
18 43
8 11
40 42
3 5
34 38
6 22
28 36
19 21
27 29
33 43
0 7
48 50
33 45
11 15
26 29
11 14
0 5
5 23
24 43
40 43
29 36
5 51
16 18
31 33
25 46
31 34
0 8
49 58
1 3
20 22
39 42
43 45
14 16
45 47
24 47
6 11
17 47
19 24
49 56
18 45
0 1
1 2
2 3
3 4
4 5
5 6
6 7
7 8
8 9
9 10
10 11
11 12
12 13
13 14
14 15
15 16
16 17
17 18
18 19
19 20
20 21
21 22
22 23
23 24
24 25
25 26
26 27
27 28
28 29
29 30
30 31
31 32
32 33
33 34
34 35
35 36
36 37
37 38
38 39
39 40
40 41
41 42
42 43
43 44
44 45
45 46
46 47
47 48
48 49
49 50
50 51
51 52
52 53
53 54
54 55
55 56
56 57
57 58
58 59
59 0
37 42
6 46
10 15
24 57
11 45
11 25
49 54
14 24
49 55
33 51
23 58
29 40
37 40
7 45
27 57
51 57
2 59
16 58
38 40
2 47
24 58
10 12
1 57
34 46
13 15
24 26
32 34
19 58
5 16
31 40
9 15
31 39
9 45
17 20
1 47
1 59
5 9
34 36
11 41
2 16
33 48
27 33
50 52
4 6
21 24
46 48
47 55
28 40
29 31
16 24
9 11
34 45
7 9
15 24
47 49
8 45
12 15
21 58
35 39
3 6
30 33
29 33
25 28
52 57
32 39
34 48
16 21
28 33
12 25
47 56
33 50
41 45
34 42
33 49
22 58
16 20
9 16
53 56
42 45
36 39
5 7
34 44
53 55
18 58
17 19
6 47
32 35
13 24
11 28
6 45
26 57
20 58
3 47
26 28
0 58
50 54
11 40
2 5
0 57
50 53
13 25
2 58
33 57
36 38
47 57
36 42
52 56
37 41
42 44
17 58
30 32
21 23
34 43
