0 1
1 2
2 3
3 4
4 5
5 6
6 7
7 8
8 9
9 10
10 11
11 12
12 13
13 14
14 15
15 16
16 17
17 18
18 19
19 20
20 21
21 22
22 23
23 24
24 25
25 26
26 27
27 28
28 29
29 30
30 31
31 32
32 33
33 34
34 35
35 36
36 37
37 38
38 39
39 40
40 41
41 42
42 43
43 44
44 45
45 46
46 47
47 48
48 49
49 50
50 51
51 52
52 53
53 54
54 55
55 56
56 57
57 58
58 59
59 0
30 35
43 51
23 59
33 57
20 42
4 9
44 53
23 40
2 57
15 57
10 14
15 44
33 52
42 44
46 48
29 59
44 51
0 10
8 12
31 34
4 12
50 53
27 37
2 15
44 50
15 23
24 37
43 52
24 38
45 47
23 26
10 15
16 19
20 22
0 2
8 11
49 53
37 40
33 59
10 13
6 8
45 48
36 41
33 43
8 10
30 32
27 36
1 3
10 59
16 44
15 19
45 50
4 8
22 41
36 40
4 15
35 42
47 49
16 18
29 32
0 9
30 34
4 14
52 57
0 3
53 56
19 21
23 38
7 9
47 53
26 29
15 22
15 56
11 13
0 58
19 42
22 42
4 7
55 57
32 34
15 21
33 35
10 23
44 56
24 27
54 56
45 49
33 58
23 41
3 9
24 26
51 53
26 28
18 44
32 59
23 39
33 42
38 40
28 30
5 8
36 42
2 4
4 13
53 57
17 19
30 36
2 58
53 55
26 59
23 25
5 7
45 53
18 42
28 36
0 1
1 2
2 3
3 4
4 5
5 6
6 7
7 8
8 9
9 10
10 11
11 12
12 13
13 14
14 15
15 16
16 17
17 18
18 19
19 20
20 21
21 22
22 23
23 24
24 25
25 26
26 27
27 28
28 29
29 30
30 31
31 32
32 33
33 34
34 35
35 36
36 37
37 38
38 39
39 40
40 41
41 42
42 43
43 44
44 45
45 46
46 47
47 48
48 49
49 50
50 51
51 52
52 53
53 54
54 55
55 56
56 57
57 58
58 59
59 0
23 57
40 57
24 35
11 59
9 27
24 55
9 15
46 52
1 9
9 33
45 51
24 33
0 34
35 41
42 57
17 57
39 41
23 55
26 30
19 27
13 57
46 57
9 59
29 33
25 27
1 34
25 31
9 12
9 17
0 40
27 33
24 44
13 15
36 39
0 6
2 6
37 39
24 53
35 40
24 51
1 5
21 23
18 21
7 59
47 50
43 45
40 59
27 29
6 59
18 27
9 11
43 46
1 4
14 16
11 57
3 5
2 5
17 21
42 46
20 23
2 9
57 59
19 24
46 50
46 55
24 32
41 57
16 57
19 23
6 9
24 54
17 23
12 15
38 41
24 41
13 16
9 16
40 58
24 42
28 33
1 33
48 50
17 27
46 51
25 32
29 31
35 37
52 55
25 30
27 30
1 6
23 56
35 39
49 52
10 12
19 25
49 51
24 52
24 43
34 40
37 41
31 33
17 22
18 20
24 34
47 52
52 54
24 45
12 57
46 56
8 59
48 52
