0 1
1 2
2 3
3 4
4 5
5 6
6 7
7 8
8 9
9 10
10 11
11 12
12 13
13 14
14 15
15 16
16 17
17 18
18 19
19 20
20 21
21 22
22 23
23 24
24 25
25 26
26 27
27 28
28 29
29 30
30 31
31 32
32 33
33 34
34 35
35 36
36 37
37 38
38 39
39 40
40 41
41 42
42 43
43 44
44 45
45 46
46 47
47 48
48 49
49 50
50 51
51 52
52 53
53 54
54 55
55 56
56 57
57 58
58 59
59 0
5 25
25 40
24 57
36 43
36 42
4 21
15 21
42 55
13 24
25 34
6 14
44 53
35 43
10 25
34 56
7 10
6 15
42 44
0 28
38 41
34 36
1 21
0 2
42 45
0 3
27 31
20 24
28 59
25 41
17 24
47 53
46 48
57 59
3 28
17 20
56 59
3 25
50 53
5 15
42 56
22 59
12 14
47 54
24 56
26 28
49 52
19 21
6 10
44 50
44 49
17 21
35 53
44 46
2 4
30 59
26 33
45 47
16 24
25 38
24 42
32 59
7 12
8 10
29 31
37 42
32 34
18 20
39 41
17 19
35 55
20 22
35 56
14 16
27 32
10 24
28 30
27 29
25 39
34 38
6 12
45 54
14 24
7 9
31 59
9 12
24 41
27 33
50 52
22 57
6 25
49 51
22 58
11 13
3 26
47 52
11 24
21 59
4 25
35 54
15 17
36 38
9 11
37 41
47 49
25 33
1 4
43 53
44 48
1 59
5 21
20 23
32 56
23 57
45 55

0 1
1 2
2 3
3 4
4 5
5 6
6 7
7 8
8 9
9 10
10 11
11 12
12 13
13 14
14 15
15 16
16 17
17 18
18 19
19 20
20 21
21 22
22 23
23 24
24 25
25 26
26 27
27 28
28 29
29 30
30 31
31 32
32 33
33 34
34 35
35 36
36 37
37 38
38 39
39 40
40 41
41 42
42 43
43 44
44 45
45 46
46 47
47 48
48 49
49 50
50 51
51 52
52 53
53 54
54 55
55 56
56 57
57 58
58 59
59 0
31 48
12 31
22 30
21 28
10 30
15 31
5 40
12 16
11 19
48 57
18 21
37 48
43 50
41 55
21 24
43 46
30 35
1 48
26 29
55 58
5 11
50 55
40 55
30 40
38 42
4 48
48 59
11 48
37 45
49 55
2 59
43 54
30 33
4 55
14 31
33 36
21 29
35 37
15 22
37 46
51 54
37 44
3 59
19 30
37 39
1 3
24 26
32 48
24 30
35 39
20 29
56 58
3 55
38 43
47 50
24 27
5 55
39 42
55 59
8 40
11 30
11 16
5 48
18 22
9 40
0 48
53 55
16 19
33 37
52 54
9 30
51 55
32 37
7 40
49 57
8 11
7 11
33 35
13 15
37 47
22 31
16 22
41 54
5 7
46 50
21 23
25 27
37 43
30 34
43 45
52 55
48 58
31 33
48 50
24 29
49 56
42 54
23 30
11 31
13 16
50 54
6 11
24 28
30 39
3 48
19 29
16 18
40 42
13 31
17 22
