0 1
1 2
2 3
3 4
4 5
5 6
6 7
7 8
8 9
9 10
10 11
11 12
12 13
13 14
14 15
15 16
16 17
17 18
18 19
19 20
20 21
21 22
22 23
23 24
24 25
25 26
26 27
27 28
28 29
29 30
30 31
31 32
32 33
33 34
34 35
35 36
36 37
37 38
38 39
39 40
40 41
41 42
42 43
43 44
44 45
45 46
46 47
47 48
48 49
49 50
50 51
51 52
52 53
53 54
54 55
55 56
56 57
57 58
58 59
59 0
50 59
31 56
43 56
25 50
41 44
32 34
24 57
44 55
4 17
27 31
9 22
27 38
42 56
54 56
30 33
52 56
30 36
31 39
17 22
22 59
38 45
19 59
24 59
17 20
1 8
10 12
6 11
49 52
12 14
8 23
41 56
2 59
25 31
8 58
23 58
4 6
13 15
33 35
36 39
5 13
31 40
47 49
4 19
5 15
45 55
26 47
29 38
14 16
23 59
27 45
11 13
38 40
48 53
40 45
46 48
14 17
6 13
26 46
29 36
19 22
9 12
3 19
34 36
29 31
44 56
28 38
45 53
2 8
7 10
9 14
20 22
45 48
27 29
6 8
31 34
1 59
40 56
23 57
25 49
52 54
57 59
30 32
25 57
34 39
14 22
48 52
6 10
52 57
0 58
4 18
52 59
19 21
29 37
3 59
36 38
4 16
18 20
25 47
45 54
40 44
26 31
25 56
8 22
49 51
3 8
1 58
50 52
3 6
5 16
33 36
25 59
41 43
26 45
8 10

0 1
1 2
2 3
3 4
4 5
5 6
6 7
7 8
8 9
9 10
10 11
11 12
12 13
13 14
14 15
15 16
16 17
17 18
18 19
19 20
20 21
21 22
22 23
23 24
24 25
25 26
26 27
27 28
28 29
29 30
30 31
31 32
32 33
33 34
34 35
35 36
36 37
37 38
38 39
39 40
40 41
41 42
42 43
43 44
44 45
45 46
46 47
47 48
48 49
49 50
50 51
51 52
52 53
53 54
54 55
55 56
56 57
57 58
58 59
59 0
45 50
15 48
16 39
17 58
16 33
2 9
16 38
13 57
18 24
20 51
24 43
3 7
12 58
25 30
7 13
46 50
28 36
15 51
23 50
19 23
2 15
7 14
28 39
6 14
0 9
16 40
22 50
27 41
9 59
26 28
20 52
18 58
55 57
29 34
42 45
24 50
19 54
17 24
16 25
12 57
19 56
15 49
27 40
29 32
19 57
40 47
14 55
45 47
16 58
16 48
25 32
24 44
53 55
37 39
20 50
26 42
18 23
51 53
10 59
15 53
1 16
2 5
25 42
16 24
14 57
5 7
28 30
3 5
19 55
7 12
9 11
2 7
20 54
0 16
44 50
16 32
48 50
0 2
41 45
1 15
19 58
27 42
2 6
4 7
28 35
11 59
35 37
8 11
25 28
6 15
29 35
8 12
42 44
34 37
12 59
33 37
20 53
7 9
15 50
24 42
21 50
28 37
27 39
15 55
47 50
29 33
20 23
40 48
16 37
41 47
16 59
21 23
