0 1
1 2
2 3
3 4
4 5
5 6
6 7
7 8
8 9
9 10
10 11
11 12
12 13
13 14
14 15
15 16
16 17
17 18
18 19
19 20
20 21
21 22
22 23
23 24
24 25
25 26
26 27
27 28
28 29
29 30
30 31
31 32
32 33
33 34
34 35
35 36
36 37
37 38
38 39
39 40
40 41
41 42
42 43
43 44
44 45
45 46
46 47
47 48
48 49
49 50
50 51
51 52
52 53
53 54
54 55
55 56
56 57
57 58
58 59
59 0
11 54
32 51
19 31
12 23
30 57
35 38
13 51
15 23
4 7
23 58
42 53
37 51
6 23
18 22
34 38
42 56
40 45
31 57
11 55
25 27
14 23
11 57
19 25
2 23
41 56
48 50
16 32
24 28
41 45
1 59
4 11
15 32
11 13
26 29
42 55
43 46
19 21
31 33
46 50
38 48
4 9
24 29
46 49
10 12
36 38
7 12
41 44
40 56
51 54
3 58
4 8
39 45
19 30
12 14
3 59
24 58
2 6
34 40
2 5
14 51
51 53
19 23
34 37
30 58
44 46
14 32
40 57
39 47
23 25
18 21
17 31
34 51
31 34
42 54
8 12
37 50
24 30
0 23
16 31
18 23
16 23
3 5
4 58
2 59
39 48
38 50
9 12
50 52
20 22
17 23
42 50
35 37
38 40
39 46
11 58
55 57
31 40
18 31
24 27
19 26
4 10
26 28
26 30
4 6
0 2
41 43
32 34
0 58
6 12
11 51
50 53
43 50
46 48
19 22
0 1
1 2
2 3
3 4
4 5
5 6
6 7
7 8
8 9
9 10
10 11
11 12
12 13
13 14
14 15
15 16
16 17
17 18
18 19
19 20
20 21
21 22
22 23
23 24
24 25
25 26
26 27
27 28
28 29
29 30
30 31
31 32
32 33
33 34
34 35
35 36
36 37
37 38
38 39
39 40
40 41
41 42
42 43
43 44
44 45
45 46
46 47
47 48
48 49
49 50
50 51
51 52
52 53
53 54
54 55
55 56
56 57
57 58
58 59
59 0
5 18
6 52
36 59
31 37
46 55
3 27
24 50
3 21
19 52
29 59
5 12
41 58
6 15
6 17
40 49
38 59
22 51
43 56
31 59
5 7
8 11
27 39
7 14
8 10
24 39
26 39
48 54
35 59
2 54
29 39
42 57
5 10
44 55
43 47
2 58
42 47
47 49
41 57
28 59
30 39
1 28
32 35
22 24
5 13
2 56
39 50
6 16
3 25
5 9
6 54
22 25
39 49
40 58
2 27
2 28
32 37
38 58
21 25
2 57
13 16
23 51
48 53
24 26
48 51
49 51
7 15
21 52
18 52
8 13
7 13
41 47
47 54
16 18
3 6
52 54
17 52
4 19
54 56
34 59
28 39
23 50
5 19
4 20
3 26
30 38
0 28
46 54
22 52
40 47
31 38
7 9
5 16
37 59
44 56
45 55
3 54
29 31
45 47
5 11
20 52
33 59
1 58
32 59
4 21
44 47
13 15
48 52
32 36
33 35
39 58
43 57
