0 1
1 2
2 3
3 4
4 5
5 6
6 7
7 8
8 9
9 10
10 11
11 12
12 13
13 14
14 15
15 16
16 17
17 18
18 19
19 20
20 21
21 22
22 23
23 24
24 25
25 26
26 27
27 28
28 29
29 30
30 31
31 32
32 33
33 34
34 35
35 36
36 37
37 38
38 39
39 40
40 41
41 42
42 43
43 44
44 45
45 46
46 47
47 48
48 49
49 50
50 51
51 52
52 53
53 54
54 55
55 56
56 57
57 58
58 59
59 0
19 21
26 42
44 58
27 49
3 57
45 54
15 51
13 56
15 27
14 59
10 56
22 27
43 47
18 58
18 20
6 59
55 58
5 9
51 55
11 56
26 36
20 25
31 36
27 30
1 6
24 27
10 57
33 38
48 51
31 35
46 52
33 37
26 40
25 42
16 58
6 11
11 14
55 57
18 27
30 40
15 56
37 40
42 58
46 54
30 33
35 37
11 59
4 57
21 25
34 37
28 30
1 59
47 49
33 39
0 58
14 56
46 48
30 36
43 58
30 42
2 58
2 6
52 54
6 9
54 58
26 41
19 27
2 4
16 27
43 45
30 32
42 47
45 47
36 40
12 56
31 33
46 53
15 59
26 30
5 8
27 50
42 49
20 42
2 5
33 40
15 50
28 49
0 2
51 54
16 59
5 57
15 55
40 42
7 9
25 27
19 22
46 51
48 50
17 58
5 10
11 13
27 29
5 7
37 39
31 34
44 54
9 11
21 23
28 42
17 27
18 42
2 57
22 24
21 24
0 1
1 2
2 3
3 4
4 5
5 6
6 7
7 8
8 9
9 10
10 11
11 12
12 13
13 14
14 15
15 16
16 17
17 18
18 19
19 20
20 21
21 22
22 23
23 24
24 25
25 26
26 27
27 28
28 29
29 30
30 31
31 32
32 33
33 34
34 35
35 36
36 37
37 38
38 39
39 40
40 41
41 42
42 43
43 44
44 45
45 46
46 47
47 48
48 49
49 50
50 51
51 52
52 53
53 54
54 55
55 56
56 57
57 58
58 59
59 0
42 59
30 53
17 31
35 41
22 59
8 19
32 36
42 57
46 49
6 42
46 56
13 35
37 48
11 35
38 42
32 51
29 57
20 59
27 58
18 23
20 23
12 16
5 19
29 56
9 18
27 57
49 52
4 6
14 32
31 53
10 42
49 53
0 19
3 5
57 59
0 5
25 31
9 42
36 49
39 41
17 23
32 53
14 35
42 46
0 42
1 5
11 42
28 57
17 24
38 46
9 16
33 35
16 31
35 40
44 46
50 52
29 55
16 18
32 49
22 58
27 31
14 31
19 23
3 6
23 27
42 56
29 31
49 55
0 6
9 12
6 19
36 48
49 56
36 38
38 41
10 12
13 15
51 53
30 55
0 3
32 35
11 41
35 38
8 18
17 25
23 58
45 56
49 51
34 36
43 56
12 15
33 36
49 54
28 31
38 47
30 54
37 47
7 19
38 40
23 25
14 16
7 42
42 44
44 56
21 59
19 59
1 3
8 42
12 35
20 22
26 31
23 26
