0 1
1 2
2 3
3 4
4 5
5 6
6 7
7 8
8 9
9 10
10 11
11 12
12 13
13 14
14 15
15 16
16 17
17 18
18 19
19 20
20 21
21 22
22 23
23 24
24 25
25 26
26 27
27 28
28 29
29 30
30 31
31 32
32 33
33 34
34 35
35 36
36 37
37 38
38 39
39 40
40 41
41 42
42 43
43 44
44 45
45 46
46 47
47 48
48 49
49 50
50 51
51 52
52 53
53 54
54 55
55 56
56 57
57 58
58 59
59 0
21 27
15 30
42 56
41 48
4 8
37 57
40 53
2 12
14 57
24 30
22 34
12 56
15 56
0 3
21 42
13 58
32 36
21 56
6 57
50 56
6 12
30 57
7 10
21 34
2 58
4 7
8 10
4 57
18 30
36 39
4 58
22 27
18 56
54 57
5 57
51 55
19 27
45 47
40 50
40 54
1 3
20 56
1 58
50 55
34 42
24 29
35 41
25 28
23 27
30 34
24 34
4 59
19 21
46 49
19 30
27 29
31 34
7 9
45 49
40 51
19 56
14 58
43 47
35 40
51 53
12 14
43 45
39 54
4 10
39 57
31 33
49 56
42 45
33 36
3 12
23 25
35 39
40 49
16 30
37 39
42 44
40 48
51 54
47 49
31 36
19 29
41 43
23 34
12 15
7 12
43 48
2 13
14 30
38 57
0 4
25 27
4 11
17 56
16 56
4 12
36 57
1 59
30 36
34 36
35 42
6 56
7 11
24 28
40 52
17 30
54 56
4 6
26 28
45 56
0 1
1 2
2 3
3 4
4 5
5 6
6 7
7 8
8 9
9 10
10 11
11 12
12 13
13 14
14 15
15 16
16 17
17 18
18 19
19 20
20 21
21 22
22 23
23 24
24 25
25 26
26 27
27 28
28 29
29 30
30 31
31 32
32 33
33 34
34 35
35 36
36 37
37 38
38 39
39 40
40 41
41 42
42 43
43 44
44 45
45 46
46 47
47 48
48 49
49 50
50 51
51 52
52 53
53 54
54 55
55 56
56 57
57 58
58 59
59 0
23 47
3 14
41 44
10 56
21 31
41 50
20 52
10 57
31 57
13 15
12 18
21 52
2 17
31 47
3 57
23 30
3 15
31 41
50 53
32 42
0 21
2 19
53 55
5 7
4 9
3 17
11 14
32 40
23 26
5 14
34 41
15 18
50 52
31 50
18 53
3 59
44 46
17 19
32 43
23 51
37 40
31 44
34 40
47 50
34 37
18 20
21 25
36 38
21 23
23 52
2 21
6 14
5 8
1 21
2 59
3 58
33 39
12 55
4 14
15 17
26 29
53 57
23 29
18 52
44 50
22 24
23 50
33 38
45 50
9 14
8 14
21 28
10 12
34 38
21 30
50 57
2 20
9 11
21 57
38 40
18 54
32 44
32 34
0 57
23 49
21 24
23 31
3 16
6 8
24 26
3 9
5 9
9 57
21 29
18 55
23 48
32 39
31 40
35 38
48 50
13 18
55 57
11 13
35 37
0 58
44 47
10 55
46 50
21 26
0 2
32 41
