0 1
1 2
2 3
3 4
4 5
5 6
6 7
7 8
8 9
9 10
10 11
11 12
12 13
13 14
14 15
15 16
16 17
17 18
18 19
19 20
20 21
21 22
22 23
23 24
24 25
25 26
26 27
27 28
28 29
29 30
30 31
31 32
32 33
33 34
34 35
35 36
36 37
37 38
38 39
39 40
40 41
41 42
42 43
43 44
44 45
45 46
46 47
47 48
48 49
49 50
50 51
51 52
52 53
53 54
54 55
55 56
56 57
57 58
58 59
59 0
7 23
12 56
38 56
18 39
8 56
5 25
28 38
0 2
32 39
47 52
9 19
14 44
20 28
50 54
11 16
4 56
45 52
30 39
15 40
40 53
33 36
29 35
39 56
48 54
11 56
32 36
1 7
19 21
13 48
33 35
23 25
25 27
41 53
15 44
35 38
4 59
9 16
48 52
11 13
7 22
48 56
22 28
2 6
17 19
8 19
29 39
13 16
8 59
22 27
44 48
45 53
30 34
48 50
52 54
25 28
45 47
41 44
23 27
29 38
10 56
16 18
25 56
42 53
3 5
4 25
39 53
1 59
8 21
18 40
44 46
43 53
4 57
19 28
29 34
8 57
39 54
49 52
15 41
32 38
16 40
30 32
9 56
6 23
48 55
39 55
28 56
0 3
2 7
14 48
44 53
13 15
41 43
51 54
5 23
7 21
57 59
44 47
35 37
0 4
36 38
26 28
18 29
16 19
1 8
32 34
18 28
4 58
10 16
31 34
21 28
5 24
50 52
12 48
3 6

0 1
1 2
2 3
3 4
4 5
5 6
6 7
7 8
8 9
9 10
10 11
11 12
12 13
13 14
14 15
15 16
16 17
17 18
18 19
19 20
20 21
21 22
22 23
23 24
24 25
25 26
26 27
27 28
28 29
29 30
30 31
31 32
32 33
33 34
34 35
35 36
36 37
37 38
38 39
39 40
40 41
41 42
42 43
43 44
44 45
45 46
46 47
47 48
48 49
49 50
50 51
51 52
52 53
53 54
54 55
55 56
56 57
57 58
58 59
59 0
14 27
25 49
15 54
1 36
16 23
11 15
14 16
42 48
22 25
49 55
11 27
5 10
47 55
9 29
46 57
37 57
15 25
4 15
29 40
20 25
39 45
16 20
29 48
41 48
2 8
8 32
2 58
18 22
18 21
28 48
37 45
1 34
42 45
16 25
12 15
32 37
53 55
22 24
0 57
0 36
47 56
30 38
50 55
32 35
9 28
1 35
43 45
17 23
11 14
49 53
2 34
24 27
2 33
15 57
55 57
39 43
5 7
9 11
4 10
31 38
8 10
3 8
7 10
18 23
2 59
4 11
47 49
21 25
30 40
39 41
36 57
29 41
42 46
37 46
2 57
26 49
47 57
15 53
31 37
42 47
4 7
17 20
2 4
12 14
51 55
42 44
8 29
49 51
27 48
2 15
29 31
14 24
18 20
15 55
38 40
15 49
6 10
11 28
4 8
38 45
27 49
39 42
14 23
24 26
2 32
8 31
52 55
51 53
0 58
