0 1
1 2
2 3
3 4
4 5
5 6
6 7
7 8
8 9
9 10
10 11
11 12
12 13
13 14
14 15
15 16
16 17
17 18
18 19
19 20
20 21
21 22
22 23
23 24
24 25
25 26
26 27
27 28
28 29
29 30
30 31
31 32
32 33
33 34
34 35
35 36
36 37
37 38
38 39
39 40
40 41
41 42
42 43
43 44
44 45
45 46
46 47
47 48
48 49
49 50
50 51
51 52
52 53
53 54
54 55
55 56
56 57
57 58
58 59
59 0
49 59
51 57
32 49
15 28
16 27
34 49
34 57
42 45
13 19
15 29
52 56
48 53
42 48
35 57
9 20
26 59
10 32
36 41
41 49
41 45
48 57
3 33
27 29
41 43
8 32
5 7
49 51
1 9
11 20
36 42
17 20
5 8
21 59
37 40
1 33
17 22
13 17
37 49
1 7
21 24
30 32
50 53
41 47
48 56
38 41
42 46
1 6
35 48
16 25
41 44
30 59
38 40
1 5
49 57
9 11
12 19
9 21
22 24
43 45
53 56
26 29
2 5
24 59
14 31
33 57
5 32
52 57
34 37
46 48
4 32
51 53
13 18
13 15
25 27
33 59
54 56
47 49
52 55
1 59
45 47
14 30
17 24
16 24
20 22
11 32
40 49
12 32
1 21
49 53
33 49
11 19
0 21
36 38
15 30
49 58
52 54
36 48
13 31
8 10
3 32
24 26
2 33
32 59
21 23
34 36
12 31
17 19
16 28
39 41
57 59
29 59
2 4
1 8
13 16
0 1
1 2
2 3
3 4
4 5
5 6
6 7
7 8
8 9
9 10
10 11
11 12
12 13
13 14
14 15
15 16
16 17
17 18
18 19
19 20
20 21
21 22
22 23
23 24
24 25
25 26
26 27
27 28
28 29
29 30
30 31
31 32
32 33
33 34
34 35
35 36
36 37
37 38
38 39
39 40
40 41
41 42
42 43
43 44
44 45
45 46
46 47
47 48
48 49
49 50
50 51
51 52
52 53
53 54
54 55
55 56
56 57
57 58
58 59
59 0
36 56
4 45
16 31
0 14
48 54
9 17
25 30
4 49
9 41
16 29
3 12
23 30
9 16
31 40
19 22
39 45
2 58
49 55
3 8
6 9
45 56
45 48
32 57
18 22
55 58
53 55
40 43
4 46
16 32
9 30
14 32
24 28
24 27
32 38
14 58
1 14
40 42
3 13
2 49
16 18
3 49
45 55
6 42
16 21
9 15
1 3
45 54
25 29
3 9
14 57
51 55
37 45
36 57
18 21
40 44
4 42
36 45
11 13
31 39
38 45
10 14
18 23
23 29
32 39
3 5
1 58
35 37
15 32
40 45
14 59
4 47
33 35
3 11
6 8
16 23
3 7
4 43
31 41
4 44
3 14
9 31
32 35
9 18
9 42
24 29
50 55
32 34
10 13
49 52
16 22
2 55
56 58
0 58
34 38
4 48
48 52
50 52
9 23
4 6
16 30
10 15
25 28
24 30
32 36
19 21
18 20
26 28
3 10
35 38
3 6
