0 1
1 2
2 3
3 4
4 5
5 6
6 7
7 8
8 9
9 10
10 11
11 12
12 13
13 14
14 15
15 16
16 17
17 18
18 19
19 20
20 21
21 22
22 23
23 24
24 25
25 26
26 27
27 28
28 29
29 30
30 31
31 32
32 33
33 34
34 35
35 36
36 37
37 38
38 39
39 40
40 41
41 42
42 43
43 44
44 45
45 46
46 47
47 48
48 49
49 50
50 51
51 52
52 53
53 54
54 55
55 56
56 57
57 58
58 59
59 0
25 45
26 39
33 36
9 26
21 58
9 21
30 32
38 58
21 48
6 27
40 49
14 58
14 18
48 51
34 38
5 10
7 9
39 49
52 57
28 36
49 53
54 58
50 52
39 45
29 38
22 47
40 43
11 59
15 58
37 39
10 12
42 49
40 45
10 14
1 58
28 32
28 58
30 34
1 28
44 49
10 59
10 19
54 56
33 35
19 58
7 10
6 26
1 4
21 26
20 58
44 48
23 26
27 39
22 45
16 18
9 20
52 56
35 37
51 57
18 58
5 27
0 2
0 10
53 56
6 10
6 9
31 33
30 33
44 46
35 38
41 43
49 52
39 54
45 47
3 10
10 20
21 57
6 8
13 58
28 38
12 58
23 25
14 17
22 48
24 26
22 25
10 13
28 30
38 54
36 39
2 4
44 47
4 10
56 58
1 27
2 10
40 44
48 57
15 17
1 59
4 27
39 53
16 58
10 18
55 58
42 44
30 38
32 36
41 49
22 26
11 58
49 51
25 39
27 36

0 1
1 2
2 3
3 4
4 5
5 6
6 7
7 8
8 9
9 10
10 11
11 12
12 13
13 14
14 15
15 16
16 17
17 18
18 19
19 20
20 21
21 22
22 23
23 24
24 25
25 26
26 27
27 28
28 29
29 30
30 31
31 32
32 33
33 34
34 35
35 36
36 37
37 38
38 39
39 40
40 41
41 42
42 43
43 44
44 45
45 46
46 47
47 48
48 49
49 50
50 51
51 52
52 53
53 54
54 55
55 56
56 57
57 58
58 59
59 0
30 42
3 14
10 55
19 24
11 17
10 24
20 59
0 16
36 57
4 14
51 55
38 43
27 46
38 51
2 57
38 57
30 58
27 43
19 21
22 29
11 14
24 47
34 57
18 20
8 14
17 20
52 54
37 57
31 37
32 34
23 29
18 24
10 54
2 15
32 37
11 13
38 49
3 9
8 13
24 29
30 41
21 30
33 58
14 16
27 45
30 40
38 44
16 20
52 55
38 48
27 42
35 57
25 29
38 47
3 8
4 8
21 23
47 49
22 30
10 17
38 42
25 47
16 59
25 46
55 57
24 51
51 53
0 57
39 42
32 58
24 54
2 16
34 36
9 57
3 57
5 14
29 42
10 57
17 24
8 11
7 14
51 54
51 56
8 10
19 23
8 12
3 15
27 44
38 46
39 41
25 27
30 39
27 29
24 49
31 58
26 46
33 57
34 37
24 50
31 39
38 50
38 56
57 59
21 59
5 7
1 57
5 8
6 14
25 28
11 16
1 16
30 59
31 38
38 45
