0 1
1 2
2 3
3 4
4 5
5 6
6 7
7 8
8 9
9 10
10 11
11 12
12 13
13 14
14 15
15 16
16 17
17 18
18 19
19 20
20 21
21 22
22 23
23 24
24 25
25 26
26 27
27 28
28 29
29 30
30 31
31 32
32 33
33 34
34 35
35 36
36 37
37 38
38 39
39 40
40 41
41 42
42 43
43 44
44 45
45 46
46 47
47 48
48 49
49 50
50 51
51 52
52 53
53 54
54 55
55 56
56 57
57 58
58 59
59 0
53 55
19 25
29 31
12 20
28 32
32 50
14 46
13 16
34 50
13 50
36 46
26 54
12 24
0 50
31 46
12 57
36 45
33 46
1 10
41 43
7 12
6 59
50 57
13 47
35 43
34 45
12 19
0 13
3 7
52 57
21 25
4 7
2 5
1 7
13 46
46 48
35 46
20 23
24 55
16 31
43 45
17 28
28 54
12 17
17 19
17 27
8 10
36 43
18 26
34 44
1 5
36 39
21 23
15 46
6 12
0 12
1 12
51 54
36 41
40 43
9 11
53 57
35 49
38 41
1 3
25 54
24 57
10 12
6 57
50 52
33 50
28 30
35 40
33 45
17 26
9 12
31 33
0 57
47 49
7 10
35 39
32 51
19 21
30 32
32 54
27 54
14 16
6 58
35 48
25 55
34 43
16 28
55 57
22 25
18 25
16 46
13 17
0 5
23 25
57 59
5 59
53 56
8 12
3 5
36 38
52 54
4 6
40 42
16 29
39 41
34 49
13 49
37 39
12 23
0 1
1 2
2 3
3 4
4 5
5 6
6 7
7 8
8 9
9 10
10 11
11 12
12 13
13 14
14 15
15 16
16 17
17 18
18 19
19 20
20 21
21 22
22 23
23 24
24 25
25 26
26 27
27 28
28 29
29 30
30 31
31 32
32 33
33 34
34 35
35 36
36 37
37 38
38 39
39 40
40 41
41 42
42 43
43 44
44 45
45 46
46 47
47 48
48 49
49 50
50 51
51 52
52 53
53 54
54 55
55 56
56 57
57 58
58 59
59 0
4 28
17 39
30 39
23 39
7 59
5 15
4 52
6 14
32 37
24 29
5 18
43 52
17 54
1 57
11 14
33 52
17 49
4 53
1 58
40 49
10 16
47 52
45 47
7 57
20 26
4 19
20 27
25 28
1 59
33 39
46 49
32 35
40 45
16 54
7 58
6 8
4 57
40 44
11 16
5 16
4 33
4 18
9 55
39 52
30 37
2 4
2 7
18 20
26 28
42 52
41 44
8 55
48 50
51 53
35 38
54 57
20 25
29 39
29 32
40 52
6 10
25 29
16 55
20 39
45 49
19 27
49 51
48 52
30 38
17 53
45 52
34 39
21 24
12 15
17 51
54 56
32 34
22 39
6 9
31 37
39 49
2 6
29 33
6 11
48 51
4 27
3 57
9 16
20 24
11 15
5 17
7 56
32 36
24 39
4 29
7 55
12 14
5 14
22 24
17 20
0 58
2 59
4 54
2 57
41 52
44 52
42 44
20 22
11 13
34 38
35 37
