0 1
1 2
2 3
3 4
4 5
5 6
6 7
7 8
8 9
9 10
10 11
11 12
12 13
13 14
14 15
15 16
16 17
17 18
18 19
19 20
20 21
21 22
22 23
23 24
24 25
25 26
26 27
27 28
28 29
29 30
30 31
31 32
32 33
33 34
34 35
35 36
36 37
37 38
38 39
39 40
40 41
41 42
42 43
43 44
44 45
45 46
46 47
47 48
48 49
49 50
50 51
51 52
52 53
53 54
54 55
55 56
56 57
57 58
58 59
59 0
39 54
8 22
52 56
10 30
28 52
2 30
43 48
39 42
38 48
34 37
29 52
8 28
42 47
29 37
31 39
28 59
8 14
18 20
40 43
3 28
11 30
19 28
3 9
43 49
15 29
18 28
30 32
43 53
14 22
33 36
4 9
29 36
17 28
32 34
30 56
12 30
48 50
31 54
20 28
9 11
16 20
2 56
1 3
21 23
28 57
50 53
38 47
48 52
9 13
22 24
44 46
14 21
8 27
8 26
22 25
31 55
2 58
23 25
11 13
13 15
3 5
21 28
4 7
52 54
16 21
50 52
45 48
26 28
51 53
0 28
37 39
15 28
32 37
42 44
40 54
2 57
46 48
2 10
43 50
3 6
40 42
9 14
54 56
8 25
21 26
3 10
38 42
28 56
5 7
39 41
1 59
7 9
32 39
43 54
1 58
44 48
6 8
13 29
15 21
42 46
16 18
3 8
33 35
15 17
29 48
30 55
21 25
35 37
0 3
13 30
37 48
30 36
57 59
30 33
0 1
1 2
2 3
3 4
4 5
5 6
6 7
7 8
8 9
9 10
10 11
11 12
12 13
13 14
14 15
15 16
16 17
17 18
18 19
19 20
20 21
21 22
22 23
23 24
24 25
25 26
26 27
27 28
28 29
29 30
30 31
31 32
32 33
33 34
34 35
35 36
36 37
37 38
38 39
39 40
40 41
41 42
42 43
43 44
44 45
45 46
46 47
47 48
48 49
49 50
50 51
51 52
52 53
53 54
54 55
55 56
56 57
57 58
58 59
59 0
13 51
20 35
5 20
36 39
5 8
51 58
34 46
4 56
18 38
31 33
4 21
31 51
35 38
0 21
4 58
5 10
12 53
18 48
10 56
16 19
14 51
20 29
56 58
36 38
55 58
34 47
32 47
18 42
18 50
25 59
30 51
5 15
7 56
23 29
11 55
39 43
34 45
28 58
21 59
34 44
27 29
35 39
4 6
43 45
11 56
11 53
3 21
27 58
25 27
18 40
27 59
20 38
41 43
11 54
26 29
21 29
13 53
34 39
25 29
8 56
16 51
5 11
5 21
30 34
31 47
24 59
12 14
13 52
24 29
0 58
14 16
48 51
55 57
11 15
18 51
21 24
3 58
2 21
43 46
31 48
39 44
5 9
28 51
15 19
19 38
22 29
20 34
29 51
49 51
18 49
54 58
38 40
31 34
11 14
29 34
33 47
15 20
18 41
0 2
18 47
43 47
53 58
18 43
52 58
6 56
8 10
17 51
1 21
17 19
