0 1
1 2
2 3
3 4
4 5
5 6
6 7
7 8
8 9
9 10
10 11
11 12
12 13
13 14
14 15
15 16
16 17
17 18
18 19
19 20
20 21
21 22
22 23
23 24
24 25
25 26
26 27
27 28
28 29
29 30
30 31
31 32
32 33
33 34
34 35
35 36
36 37
37 38
38 39
39 40
40 41
41 42
42 43
43 44
44 45
45 46
46 47
47 48
48 49
49 50
50 51
51 52
52 53
53 54
54 55
55 56
56 57
57 58
58 59
59 0
29 34
6 26
16 18
15 31
4 9
18 23
5 7
4 37
3 14
6 34
56 58
14 22
3 10
9 14
18 30
3 46
47 54
52 55
48 53
33 45
34 43
11 14
2 15
6 27
0 3
41 46
2 58
10 14
17 19
49 52
49 55
4 35
8 14
55 58
54 59
45 57
19 23
8 23
15 57
27 30
35 40
31 57
49 57
9 12
18 26
14 17
48 51
48 54
15 58
6 29
17 22
3 41
3 38
15 30
7 23
33 44
20 22
20 23
17 20
52 54
14 16
14 23
41 45
2 59
32 34
35 37
6 28
11 13
32 45
6 24
3 39
29 31
41 43
6 23
21 23
29 32
18 27
49 56
3 15
6 25
34 41
45 48
36 38
47 59
36 40
3 9
35 41
16 30
31 45
4 34
48 50
42 44
9 13
38 40
4 38
46 48
7 9
1 3
48 52
3 40
4 7
0 47
54 58
5 34
18 25
0 2
9 11
34 44
23 25
3 47
27 29
50 52
45 49
42 45

0 1
1 2
2 3
3 4
4 5
5 6
6 7
7 8
8 9
9 10
10 11
11 12
12 13
13 14
14 15
15 16
16 17
17 18
18 19
19 20
20 21
21 22
22 23
23 24
24 25
25 26
26 27
27 28
28 29
29 30
30 31
31 32
32 33
33 34
34 35
35 36
36 37
37 38
38 39
39 40
40 41
41 42
42 43
43 44
44 45
45 46
46 47
47 48
48 49
49 50
50 51
51 52
52 53
53 54
54 55
55 56
56 57
57 58
58 59
59 0
50 56
27 55
3 34
32 41
9 22
5 58
4 12
32 49
41 57
50 57
42 47
3 18
18 29
1 37
29 52
11 19
32 36
8 57
10 19
32 51
46 50
32 52
0 4
46 49
7 57
4 15
4 13
32 40
29 33
4 59
13 18
50 53
21 26
7 58
19 29
23 26
26 56
43 50
39 57
32 50
26 29
5 11
36 39
0 38
18 33
2 4
44 50
5 9
29 53
22 26
31 33
32 42
3 37
3 33
4 14
9 57
21 24
30 32
13 15
0 39
9 19
30 52
39 58
4 58
24 26
53 55
3 16
45 47
40 57
45 50
12 18
54 56
19 21
32 47
9 20
47 49
50 54
3 36
9 21
51 53
32 39
29 55
9 26
19 26
39 59
28 55
26 57
33 35
12 19
37 39
32 48
43 45
13 16
34 36
21 25
13 17
43 47
6 58
6 8
4 11
22 24
1 4
33 36
26 28
43 57
5 10
5 8
27 56
3 17
2 37
1 38
4 16
30 33
42 57
