0 1
1 2
2 3
3 4
4 5
5 6
6 7
7 8
8 9
9 10
10 11
11 12
12 13
13 14
14 15
15 16
16 17
17 18
18 19
19 20
20 21
21 22
22 23
23 24
24 25
25 26
26 27
27 28
28 29
29 30
30 31
31 32
32 33
33 34
34 35
35 36
36 37
37 38
38 39
39 40
40 41
41 42
42 43
43 44
44 45
45 46
46 47
47 48
48 49
49 50
50 51
51 52
52 53
53 54
54 55
55 56
56 57
57 58
58 59
59 0
45 57
18 58
29 41
31 47
2 22
24 49
18 53
30 47
8 10
45 54
35 38
3 6
34 44
41 43
45 50
24 41
8 59
13 21
33 40
41 45
28 47
45 55
18 52
21 23
7 13
51 53
3 8
23 59
7 22
27 41
14 16
32 41
8 11
13 59
6 8
16 58
34 43
44 47
11 59
16 59
15 17
21 50
1 3
36 41
38 40
17 58
37 41
17 19
26 28
18 50
24 48
47 49
41 44
45 51
2 4
3 59
22 59
45 58
54 56
13 17
18 54
34 39
26 41
18 57
44 46
13 15
34 41
34 38
46 50
17 21
55 57
24 47
29 32
28 41
24 50
9 59
47 50
4 6
34 47
50 52
41 58
42 44
0 3
7 11
23 50
13 22
35 41
4 7
12 59
17 20
32 40
18 20
24 59
33 39
41 59
54 57
2 59
28 30
13 16
4 22
38 41
24 26
20 50
5 7
36 38
31 34
32 34
25 41
26 47
51 54
30 32
11 13
10 59
1 59

0 1
1 2
2 3
3 4
4 5
5 6
6 7
7 8
8 9
9 10
10 11
11 12
12 13
13 14
14 15
15 16
16 17
17 18
18 19
19 20
20 21
21 22
22 23
23 24
24 25
25 26
26 27
27 28
28 29
29 30
30 31
31 32
32 33
33 34
34 35
35 36
36 37
37 38
38 39
39 40
40 41
41 42
42 43
43 44
44 45
45 46
46 47
47 48
48 49
49 50
50 51
51 52
52 53
53 54
54 55
55 56
56 57
57 58
58 59
59 0
11 18
39 56
3 26
27 53
1 10
12 14
36 50
13 30
21 27
35 58
14 17
11 32
16 19
31 33
3 56
46 53
11 58
49 53
9 20
14 20
0 56
40 56
2 5
31 50
21 28
20 26
7 10
29 53
5 8
15 19
5 10
43 50
26 55
41 56
5 9
49 51
13 29
6 10
38 57
10 58
42 45
25 27
32 35
20 25
35 37
37 50
21 29
41 50
20 29
3 20
38 56
33 50
33 36
12 32
0 58
45 47
42 53
11 20
21 25
13 20
44 49
43 49
42 50
11 14
56 59
23 25
31 53
22 25
31 52
2 56
4 20
11 19
47 53
3 55
26 54
20 22
39 41
1 5
11 35
22 24
7 9
38 50
56 58
15 20
11 17
1 58
33 35
13 32
0 2
38 58
9 11
30 53
3 5
53 56
16 18
42 56
45 48
37 58
21 24
26 53
44 48
31 51
48 53
5 20
43 45
49 52
39 50
27 29
13 31
42 46
34 36
53 55
