0 1
1 2
2 3
3 4
4 5
5 6
6 7
7 8
8 9
9 10
10 11
11 12
12 13
13 14
14 15
15 16
16 17
17 18
18 19
19 20
20 21
21 22
22 23
23 24
24 25
25 26
26 27
27 28
28 29
29 30
30 31
31 32
32 33
33 34
34 35
35 36
36 37
37 38
38 39
39 40
40 41
41 42
42 43
43 44
44 45
45 46
46 47
47 48
48 49
49 50
50 51
51 52
52 53
53 54
54 55
55 56
56 57
57 58
58 59
59 0
38 54
34 41
12 50
1 6
4 18
13 22
43 45
31 34
1 51
19 58
19 57
31 33
28 42
26 30
16 18
26 28
20 25
55 59
38 49
33 41
14 21
36 56
8 50
38 52
27 45
43 47
44 46
52 59
2 18
21 23
27 47
38 41
24 49
13 23
42 49
30 35
31 35
28 33
53 55
17 19
34 36
19 36
52 55
26 49
51 59
15 21
2 6
36 57
4 10
12 15
2 4
56 58
0 58
49 51
25 35
37 55
4 12
1 8
29 32
42 48
18 58
33 42
15 17
26 35
55 58
39 41
12 18
20 36
3 5
14 22
4 6
34 39
9 12
13 15
1 7
27 48
9 50
38 53
34 38
1 59
41 49
42 45
4 11
15 19
28 45
28 32
8 51
12 23
12 16
23 49
25 36
9 11
38 51
19 21
37 54
12 49
1 18
43 48
20 23
0 18
44 47
38 40
36 55
4 8
34 37
28 30
8 10
25 49
4 7
45 47
26 48
2 5
23 25
30 32

0 1
1 2
2 3
3 4
4 5
5 6
6 7
7 8
8 9
9 10
10 11
11 12
12 13
13 14
14 15
15 16
16 17
17 18
18 19
19 20
20 21
21 22
22 23
23 24
24 25
25 26
26 27
27 28
28 29
29 30
30 31
31 32
32 33
33 34
34 35
35 36
36 37
37 38
38 39
39 40
40 41
41 42
42 43
43 44
44 45
45 46
46 47
47 48
48 49
49 50
50 51
51 52
52 53
53 54
54 55
55 56
56 57
57 58
58 59
59 0
17 58
39 57
9 25
33 49
27 35
35 57
5 35
8 11
6 12
10 23
21 57
39 46
12 20
39 45
36 40
1 5
13 19
5 17
54 57
6 9
4 58
35 59
26 55
34 43
50 57
33 35
36 39
47 57
33 46
50 52
47 49
39 47
18 20
33 53
20 57
54 56
22 55
33 43
14 16
36 42
36 41
26 31
37 40
27 31
35 39
18 57
51 53
6 17
6 13
26 33
25 27
41 44
48 50
1 3
13 20
32 35
42 44
35 42
1 58
26 29
20 22
35 58
9 27
15 18
9 35
22 57
6 11
50 53
6 14
49 53
10 12
40 45
6 8
37 39
55 57
1 35
7 9
51 57
25 55
10 22
10 24
24 55
46 49
53 57
43 46
1 4
10 20
13 18
26 53
48 57
6 16
34 42
5 58
26 54
26 32
5 9
2 58
23 55
27 32
40 44
10 25
14 18
29 31
17 57
3 58
27 29
0 35
36 38
27 30
