0 1
1 2
2 3
3 4
4 5
5 6
6 7
7 8
8 9
9 10
10 11
11 12
12 13
13 14
14 15
15 16
16 17
17 18
18 19
19 20
20 21
21 22
22 23
23 24
24 25
25 26
26 27
27 28
28 29
29 30
30 31
31 32
32 33
33 34
34 35
35 36
36 37
37 38
38 39
39 40
40 41
41 42
42 43
43 44
44 45
45 46
46 47
47 48
48 49
49 50
50 51
51 52
52 53
53 54
54 55
55 56
56 57
57 58
58 59
59 0
28 39
12 44
47 49
7 29
4 57
30 52
8 28
53 56
37 44
18 40
49 56
44 59
2 5
30 36
47 57
8 11
12 16
30 50
19 25
13 26
7 10
21 25
6 29
33 45
5 30
16 22
16 25
25 39
52 55
27 39
45 49
18 44
8 29
13 15
29 36
5 59
8 26
16 26
34 44
40 42
25 40
51 55
39 44
31 33
14 16
0 4
30 34
12 26
47 59
0 5
5 12
29 37
18 21
30 57
22 24
10 12
3 5
4 59
12 17
16 21
0 3
25 27
12 15
18 20
32 34
33 49
33 44
34 37
5 44
22 25
4 58
16 24
26 28
13 16
6 10
53 57
38 44
30 35
5 57
31 34
42 44
29 39
37 39
17 44
48 56
16 18
19 21
19 40
30 53
54 56
8 12
30 49
23 25
52 54
34 36
47 56
44 47
44 46
50 55
39 43
39 42
46 49
6 12
47 58
1 5
49 55
50 52
9 11
7 9
30 33
39 41
0 2
18 42
6 30

0 1
1 2
2 3
3 4
4 5
5 6
6 7
7 8
8 9
9 10
10 11
11 12
12 13
13 14
14 15
15 16
16 17
17 18
18 19
19 20
20 21
21 22
22 23
23 24
24 25
25 26
26 27
27 28
28 29
29 30
30 31
31 32
32 33
33 34
34 35
35 36
36 37
37 38
38 39
39 40
40 41
41 42
42 43
43 44
44 45
45 46
46 47
47 48
48 49
49 50
50 51
51 52
52 53
53 54
54 55
55 56
56 57
57 58
58 59
59 0
7 59
4 41
42 49
48 55
31 59
50 56
29 38
18 22
21 28
31 41
32 36
13 18
9 24
15 38
10 22
0 44
8 24
18 29
44 49
50 53
16 29
21 26
25 59
41 56
31 36
45 58
12 40
24 59
14 17
5 8
0 42
24 26
14 39
12 39
21 29
12 41
48 57
42 50
9 23
43 49
21 27
26 59
33 39
10 18
9 22
45 47
1 7
1 4
32 39
3 41
5 11
4 6
1 59
45 57
26 30
31 38
45 48
31 56
5 41
32 40
20 29
51 54
22 26
33 36
35 39
13 39
56 59
15 17
46 48
19 29
5 10
44 58
6 8
42 56
33 35
27 30
20 22
13 17
1 3
5 9
50 54
2 4
17 29
1 42
35 37
11 13
31 37
27 29
1 6
29 31
48 50
7 24
16 38
35 38
44 48
0 43
11 41
46 57
31 40
55 57
34 39
48 54
57 59
3 42
23 26
30 59
48 51
11 18
51 53
19 22
15 39
0 58
