0 1
1 2
2 3
3 4
4 5
5 6
6 7
7 8
8 9
9 10
10 11
11 12
12 13
13 14
14 15
15 16
16 17
17 18
18 19
19 20
20 21
21 22
22 23
23 24
24 25
25 26
26 27
27 28
28 29
29 30
30 31
31 32
32 33
33 34
34 35
35 36
36 37
37 38
38 39
39 40
40 41
41 42
42 43
43 44
44 45
45 46
46 47
47 48
48 49
49 50
50 51
51 52
52 53
53 54
54 55
55 56
56 57
57 58
58 59
59 0
12 43
19 59
20 24
3 57
15 43
12 17
0 19
45 53
42 50
24 41
10 56
38 57
3 18
38 54
17 42
12 54
49 52
26 38
20 22
11 56
20 58
45 54
22 33
6 9
33 37
40 51
23 33
4 17
5 8
3 9
10 12
39 51
23 32
42 46
4 18
1 59
12 16
9 12
47 53
21 57
25 39
24 27
34 57
32 37
3 58
17 43
37 57
7 9
6 17
12 45
33 35
26 29
9 57
12 15
47 49
28 31
24 26
5 7
40 50
29 31
3 5
33 57
35 57
24 32
42 49
10 57
44 46
9 17
0 3
42 47
13 43
38 56
38 55
11 54
25 38
12 14
24 42
5 17
27 29
5 9
42 44
28 32
43 45
36 57
30 32
52 54
0 2
48 53
40 42
13 15
38 51
26 37
2 59
15 17
19 42
50 52
24 28
3 19
21 58
33 36
51 54
49 53
11 55
25 41
30 37
39 41
17 19
20 59
26 30
2 58
20 23
21 33
20 42
45 47

0 1
1 2
2 3
3 4
4 5
5 6
6 7
7 8
8 9
9 10
10 11
11 12
12 13
13 14
14 15
15 16
16 17
17 18
18 19
19 20
20 21
21 22
22 23
23 24
24 25
25 26
26 27
27 28
28 29
29 30
30 31
31 32
32 33
33 34
34 35
35 36
36 37
37 38
38 39
39 40
40 41
41 42
42 43
43 44
44 45
45 46
46 47
47 48
48 49
49 50
50 51
51 52
52 53
53 54
54 55
55 56
56 57
57 58
58 59
59 0
17 21
10 58
7 56
11 50
48 51
15 40
37 41
11 15
37 56
19 58
27 32
13 47
5 57
37 48
29 57
15 22
4 57
15 26
4 10
37 52
44 47
15 45
22 26
23 58
5 10
29 58
11 14
7 50
42 45
29 36
12 49
6 10
42 48
29 35
57 59
16 18
37 51
51 55
23 25
50 55
27 37
25 58
30 33
51 53
41 48
38 40
50 56
2 57
15 58
37 40
8 10
13 45
44 48
7 11
26 40
29 32
54 56
1 58
15 42
37 54
16 58
8 11
24 58
38 41
29 37
25 27
15 21
32 34
2 4
27 35
29 33
10 15
23 26
27 34
18 21
27 40
6 57
11 49
12 47
27 36
15 41
9 11
43 48
48 50
19 22
2 10
25 29
53 55
7 57
29 34
12 48
31 33
37 39
18 20
1 57
37 53
7 10
16 21
0 57
19 23
29 56
0 58
19 21
14 45
25 28
13 46
16 19
11 13
1 10
3 10
