0 1
1 2
2 3
3 4
4 5
5 6
6 7
7 8
8 9
9 10
10 11
11 12
12 13
13 14
14 15
15 16
16 17
17 18
18 19
19 20
20 21
21 22
22 23
23 24
24 25
25 26
26 27
27 28
28 29
29 30
30 31
31 32
32 33
33 34
34 35
35 36
36 37
37 38
38 39
39 40
40 41
41 42
42 43
43 44
44 45
45 46
46 47
47 48
48 49
49 50
50 51
51 52
52 53
53 54
54 55
55 56
56 57
57 58
58 59
59 0
13 38
49 59
0 56
39 54
1 41
39 42
24 54
6 19
28 35
31 35
6 40
43 51
21 54
52 57
14 35
53 57
6 54
33 54
15 19
29 31
48 51
44 48
49 58
14 24
36 54
43 49
14 26
3 56
28 32
45 47
15 24
42 51
6 18
8 16
6 39
35 54
50 57
35 38
2 40
5 55
52 54
35 37
41 59
46 51
9 13
41 49
27 54
12 39
8 12
20 22
8 18
50 58
8 39
13 16
20 23
14 28
54 56
15 18
43 45
20 54
13 35
28 30
11 13
43 46
56 58
51 54
7 18
3 40
8 17
31 33
44 49
34 54
56 59
19 54
2 56
9 12
1 40
22 24
24 26
10 12
4 56
38 54
37 54
14 16
50 52
15 17
3 5
27 33
3 6
0 41
49 51
0 2
29 35
9 16
33 35
25 54
39 51
15 20
45 48
25 27
47 51
20 24
41 43
13 39
30 32
28 33
22 54
53 56
39 41
4 55
5 54
7 39
14 27
9 11
0 1
1 2
2 3
3 4
4 5
5 6
6 7
7 8
8 9
9 10
10 11
11 12
12 13
13 14
14 15
15 16
16 17
17 18
18 19
19 20
20 21
21 22
22 23
23 24
24 25
25 26
26 27
27 28
28 29
29 30
30 31
31 32
32 33
33 34
34 35
35 36
36 37
37 38
38 39
39 40
40 41
41 42
42 43
43 44
44 45
45 46
46 47
47 48
48 49
49 50
50 51
51 52
52 53
53 54
54 55
55 56
56 57
57 58
58 59
59 0
4 33
7 23
9 38
8 59
6 33
44 54
10 21
8 21
46 54
3 53
45 49
22 35
36 49
40 56
48 53
7 32
40 44
11 35
38 45
20 35
36 53
2 7
9 39
10 38
8 23
39 43
25 29
7 33
0 3
29 32
4 53
0 7
36 51
27 29
8 58
46 49
11 21
16 20
25 34
8 56
26 31
29 33
11 19
12 20
3 58
16 19
13 19
12 16
3 59
7 26
46 48
12 14
11 37
49 52
17 19
22 25
37 45
55 57
35 53
44 46
46 53
36 52
4 34
11 38
40 43
3 54
23 25
38 44
3 55
44 56
3 7
8 40
26 32
7 24
12 19
4 6
26 29
12 21
26 28
14 17
1 3
28 31
14 18
44 55
13 18
12 15
4 35
8 22
47 49
36 50
21 35
8 57
5 7
7 25
38 43
19 35
41 44
42 44
49 53
25 35
3 57
0 8
9 21
1 7
40 42
9 40
29 34
4 7
36 45
11 36
