0 1
1 2
2 3
3 4
4 5
5 6
6 7
7 8
8 9
9 10
10 11
11 12
12 13
13 14
14 15
15 16
16 17
17 18
18 19
19 20
20 21
21 22
22 23
23 24
24 25
25 26
26 27
27 28
28 29
29 30
30 31
31 32
32 33
33 34
34 35
35 36
36 37
37 38
38 39
39 40
40 41
41 42
42 43
43 44
44 45
45 46
46 47
47 48
48 49
49 50
50 51
51 52
52 53
53 54
54 55
55 56
56 57
57 58
58 59
59 0
19 56
12 20
9 59
4 7
7 47
32 49
7 31
33 35
1 6
35 42
30 52
28 55
32 37
11 57
49 57
15 18
37 44
33 43
8 24
22 55
9 20
53 56
33 42
6 47
44 46
3 59
37 46
45 48
29 52
41 44
25 31
37 47
15 57
20 55
0 6
45 49
53 57
52 57
10 20
43 45
36 40
30 51
8 59
32 43
28 52
25 27
15 17
19 55
37 40
36 38
24 55
36 39
0 48
48 57
20 24
49 52
32 35
26 31
24 31
0 47
3 7
13 20
43 49
57 59
30 49
34 42
27 31
19 57
11 58
3 8
13 17
1 5
13 57
10 58
7 24
32 47
18 57
54 56
9 24
38 40
28 31
35 37
36 42
16 18
49 51
2 59
53 55
14 57
5 7
45 47
28 30
23 55
27 55
11 20
40 44
22 24
1 3
52 55
18 20
24 27
7 32
1 59
17 20
40 42
50 52
1 4
21 24
14 17
48 59
42 44
12 57
31 49
20 22
9 58

0 1
1 2
2 3
3 4
4 5
5 6
6 7
7 8
8 9
9 10
10 11
11 12
12 13
13 14
14 15
15 16
16 17
17 18
18 19
19 20
20 21
21 22
22 23
23 24
24 25
25 26
26 27
27 28
28 29
29 30
30 31
31 32
32 33
33 34
34 35
35 36
36 37
37 38
38 39
39 40
40 41
41 42
42 43
43 44
44 45
45 46
46 47
47 48
48 49
49 50
50 51
51 52
52 53
53 54
54 55
55 56
56 57
57 58
58 59
59 0
21 43
2 24
14 19
28 32
3 18
35 52
0 35
13 22
27 38
46 54
31 38
39 45
5 15
10 23
20 57
23 39
7 10
9 14
32 36
11 14
27 34
50 53
15 19
4 6
2 57
0 25
47 50
39 47
21 40
35 54
29 38
36 47
21 45
30 38
48 50
55 57
51 53
28 38
35 49
4 16
21 55
39 41
10 13
35 50
8 14
0 26
35 57
30 32
3 24
27 35
14 21
47 49
25 39
6 24
6 15
39 44
39 46
3 16
0 24
21 44
31 36
37 39
47 53
40 43
47 54
13 23
24 39
35 55
34 36
7 9
39 43
26 35
21 57
23 40
2 58
25 38
27 33
28 33
21 46
7 14
31 37
10 12
32 34
2 19
4 15
52 54
16 19
17 19
4 24
21 56
41 43
1 24
13 21
10 24
6 10
26 38
3 19
21 23
1 58
6 14
3 17
0 57
11 13
2 20
29 32
0 58
39 42
21 54
19 21
10 14
36 49
35 51
