0 1
1 2
2 3
3 4
4 5
5 6
6 7
7 8
8 9
9 10
10 11
11 12
12 13
13 14
14 15
15 16
16 17
17 18
18 19
19 20
20 21
21 22
22 23
23 24
24 25
25 26
26 27
27 28
28 29
29 30
30 31
31 32
32 33
33 34
34 35
35 36
36 37
37 38
38 39
39 40
40 41
41 42
42 43
43 44
44 45
45 46
46 47
47 48
48 49
49 50
50 51
51 52
52 53
53 54
54 55
55 56
56 57
57 58
58 59
59 0
0 5
30 56
38 53
23 50
36 49
24 36
15 51
49 51
42 44
15 22
11 53
9 27
32 55
34 55
20 22
6 9
20 24
20 27
13 15
9 18
44 48
15 53
34 36
25 30
0 27
5 11
17 22
25 27
8 10
1 5
1 56
48 53
12 14
44 46
46 48
30 36
1 57
18 21
15 17
51 53
20 23
35 53
12 15
11 17
35 38
1 11
20 25
9 19
40 46
29 57
16 22
49 52
36 48
38 44
38 46
3 11
38 40
29 56
54 56
39 42
37 46
31 55
11 13
48 52
10 18
22 50
37 48
41 46
13 17
31 33
42 46
23 49
26 28
31 34
45 48
25 28
0 29
5 7
24 30
33 55
53 56
9 20
7 11
5 27
18 22
18 20
44 53
6 27
45 47
2 11
40 42
1 4
35 54
6 8
1 3
57 59
0 58
11 15
39 43
1 58
8 11
23 36
10 17
25 29
29 59
30 55
15 50
35 37
11 56
39 44
30 34
4 11
34 54
27 29
0 1
1 2
2 3
3 4
4 5
5 6
6 7
7 8
8 9
9 10
10 11
11 12
12 13
13 14
14 15
15 16
16 17
17 18
18 19
19 20
20 21
21 22
22 23
23 24
24 25
25 26
26 27
27 28
28 29
29 30
30 31
31 32
32 33
33 34
34 35
35 36
36 37
37 38
38 39
39 40
40 41
41 42
42 43
43 44
44 45
45 46
46 47
47 48
48 49
49 50
50 51
51 52
52 53
53 54
54 55
55 56
56 57
57 58
58 59
59 0
22 27
4 17
29 50
2 19
22 29
31 56
14 52
14 20
56 59
40 50
20 28
32 44
15 20
41 50
0 8
8 57
2 22
22 59
4 14
37 55
13 54
33 40
10 14
12 56
0 6
22 26
3 5
31 44
2 4
19 21
30 49
31 49
0 22
3 6
51 54
38 54
20 52
42 47
15 19
33 41
37 54
39 54
9 56
32 43
32 41
23 25
34 56
4 10
29 51
24 27
0 3
7 10
8 56
26 29
16 19
37 56
31 47
23 26
4 6
52 54
11 14
33 38
9 11
17 19
42 49
4 16
20 51
14 54
6 10
35 56
43 47
33 35
42 48
33 56
33 36
22 24
39 50
22 28
41 49
0 57
12 55
0 2
21 28
13 55
31 45
14 16
36 38
31 46
50 54
14 53
29 49
32 56
2 18
44 47
41 43
22 56
20 29
22 30
31 48
33 39
9 12
1 22
56 58
36 56
0 7
22 31
7 9
2 17
24 26
19 22
