0 1
1 2
2 3
3 4
4 5
5 6
6 7
7 8
8 9
9 10
10 11
11 12
12 13
13 14
14 15
15 16
16 17
17 18
18 19
19 20
20 21
21 22
22 23
23 24
24 25
25 26
26 27
27 28
28 29
29 30
30 31
31 32
32 33
33 34
34 35
35 36
36 37
37 38
38 39
39 40
40 41
41 42
42 43
43 44
44 45
45 46
46 47
47 48
48 49
49 50
50 51
51 52
52 53
53 54
54 55
55 56
56 57
57 58
58 59
59 0
3 25
32 48
35 53
25 52
32 55
18 25
13 22
42 47
29 57
5 11
12 14
18 22
11 53
39 52
0 9
10 54
26 59
25 53
42 49
25 59
29 49
32 41
1 6
32 40
30 56
9 58
33 39
2 5
32 42
7 9
29 51
15 21
27 57
27 29
41 50
5 12
5 22
30 57
53 55
44 46
4 23
9 59
9 55
10 55
15 53
16 20
46 49
28 51
43 49
5 23
40 52
19 21
32 56
10 53
26 52
44 47
14 21
23 25
5 7
15 20
39 53
50 52
4 24
42 50
27 51
5 10
26 58
38 53
34 38
9 56
31 49
15 17
9 57
34 36
12 22
35 38
18 21
0 7
18 20
32 53
27 52
43 47
3 59
33 40
49 51
32 47
47 49
34 53
1 7
26 57
0 2
18 23
31 56
4 25
34 37
40 50
0 8
2 6
43 45
36 38
14 22
12 53
5 9
43 46
12 15
2 59
16 18
2 4
32 49
17 25
30 49
33 53
17 53
33 38
0 1
1 2
2 3
3 4
4 5
5 6
6 7
7 8
8 9
9 10
10 11
11 12
12 13
13 14
14 15
15 16
16 17
17 18
18 19
19 20
20 21
21 22
22 23
23 24
24 25
25 26
26 27
27 28
28 29
29 30
30 31
31 32
32 33
33 34
34 35
35 36
36 37
37 38
38 39
39 40
40 41
41 42
42 43
43 44
44 45
45 46
46 47
47 48
48 49
49 50
50 51
51 52
52 53
53 54
54 55
55 56
56 57
57 58
58 59
59 0
2 19
35 45
33 50
12 25
23 45
21 58
33 58
21 24
10 26
4 12
32 37
32 45
6 11
23 32
4 8
35 37
10 32
34 48
49 58
34 50
32 34
35 39
17 21
33 55
40 44
53 56
39 43
47 58
35 44
13 15
32 44
15 18
14 16
28 32
25 27
34 46
2 10
19 58
26 28
22 24
6 12
32 39
11 25
48 50
53 58
29 31
50 54
2 13
30 32
34 45
11 26
23 58
23 31
33 54
23 28
7 11
33 59
42 44
39 41
46 48
1 10
12 21
49 52
8 10
13 17
5 8
2 15
28 31
17 20
4 9
0 10
24 28
7 10
2 9
10 33
24 27
32 38
32 43
26 32
21 23
54 56
55 57
55 58
17 19
23 46
14 17
0 33
51 54
1 59
15 19
53 57
29 32
4 6
32 36
35 40
49 53
40 42
37 39
1 19
3 13
39 42
6 8
3 12
32 35
23 47
20 58
51 53
12 24
3 9
1 58
13 21
48 58
