0 1
1 2
2 3
3 4
4 5
5 6
6 7
7 8
8 9
9 10
10 11
11 12
12 13
13 14
14 15
15 16
16 17
17 18
18 19
19 20
20 21
21 22
22 23
23 24
24 25
25 26
26 27
27 28
28 29
29 30
30 31
31 32
32 33
33 34
34 35
35 36
36 37
37 38
38 39
39 40
40 41
41 42
42 43
43 44
44 45
45 46
46 47
47 48
48 49
49 50
50 51
51 52
52 53
53 54
54 55
55 56
56 57
57 58
58 59
59 0
5 49
32 39
14 27
6 30
31 52
5 18
20 59
6 33
15 27
31 41
2 59
19 21
48 50
4 55
28 53
41 44
37 48
33 39
8 30
41 52
20 22
47 50
27 54
12 27
38 48
12 30
18 20
28 52
40 45
20 58
6 48
35 48
6 17
4 56
1 58
19 27
12 29
4 53
38 46
20 26
43 46
55 57
7 10
39 45
5 48
41 51
41 45
11 15
2 4
20 54
2 20
15 18
43 51
6 18
12 28
34 37
31 33
7 17
12 14
33 48
4 52
23 26
4 18
20 55
4 50
9 30
28 54
31 40
25 27
4 51
28 30
10 15
34 39
34 38
5 50
20 57
22 24
11 13
21 27
46 50
22 26
46 48
42 44
36 48
46 51
28 31
10 30
44 46
24 26
1 59
10 12
8 10
10 17
20 27
3 18
16 18
22 27
30 33
0 58
10 16
4 58
2 58
6 8
42 51
18 27
3 20
24 27
35 37
33 35
4 54
13 15
31 39
39 46
4 57
0 1
1 2
2 3
3 4
4 5
5 6
6 7
7 8
8 9
9 10
10 11
11 12
12 13
13 14
14 15
15 16
16 17
17 18
18 19
19 20
20 21
21 22
22 23
23 24
24 25
25 26
26 27
27 28
28 29
29 30
30 31
31 32
32 33
33 34
34 35
35 36
36 37
37 38
38 39
39 40
40 41
41 42
42 43
43 44
44 45
45 46
46 47
47 48
48 49
49 50
50 51
51 52
52 53
53 54
54 55
55 56
56 57
57 58
58 59
59 0
44 53
4 38
7 9
13 17
36 38
28 58
33 38
29 49
52 58
0 16
35 47
8 27
9 20
10 18
43 47
27 38
1 53
18 58
49 51
36 40
36 42
55 58
44 50
4 27
3 42
0 56
35 49
18 24
42 47
27 58
18 25
0 4
13 18
40 42
8 20
29 34
0 14
0 53
0 5
1 44
54 58
29 38
3 44
6 9
3 41
9 18
14 17
35 42
6 27
8 21
52 54
19 23
19 22
27 29
21 23
0 55
9 13
46 49
0 17
2 44
0 18
50 52
18 26
29 31
14 16
1 4
50 53
33 36
29 35
0 9
21 26
34 36
12 18
31 38
47 49
49 58
0 13
49 52
37 39
9 12
36 39
30 32
39 41
38 41
0 6
32 38
18 59
21 24
0 57
44 49
0 15
21 25
56 58
3 38
9 19
19 24
32 34
9 11
45 47
43 45
53 55
1 3
3 43
26 58
29 32
5 27
11 18
45 49
8 26
57 59
7 27
29 58
