0 1
1 2
2 3
3 4
4 5
5 6
6 7
7 8
8 9
9 10
10 11
11 12
12 13
13 14
14 15
15 16
16 17
17 18
18 19
19 20
20 21
21 22
22 23
23 24
24 25
25 26
26 27
27 28
28 29
29 30
30 31
31 32
32 33
33 34
34 35
35 36
36 37
37 38
38 39
39 40
40 41
41 42
42 43
43 44
44 45
45 46
46 47
47 48
48 49
49 50
50 51
51 52
52 53
53 54
54 55
55 56
56 57
57 58
58 59
59 0
46 48
32 54
33 54
38 44
34 58
1 12
1 19
44 47
7 19
16 29
37 49
21 34
43 50
39 57
36 57
0 19
7 10
1 5
16 58
40 50
18 25
4 7
31 33
27 29
33 49
18 24
11 15
39 53
33 51
22 30
20 23
17 28
1 10
26 28
1 7
12 58
16 54
9 15
15 18
14 16
39 55
34 37
22 34
38 47
20 24
16 56
45 49
39 44
56 58
40 44
25 28
0 34
40 51
29 54
12 15
35 37
13 58
18 28
1 6
16 18
26 29
12 59
9 19
7 9
40 52
37 48
20 34
33 50
25 30
3 10
23 30
34 49
24 30
39 52
38 57
22 31
13 15
1 3
39 54
31 34
8 19
0 20
2 10
25 29
10 15
18 20
16 28
40 42
52 54
35 58
55 57
51 54
38 48
21 23
41 44
46 49
10 12
54 56
3 7
42 50
30 54
45 50
45 47
44 50
14 58
0 58
1 59
37 57
15 19
1 4
4 6
42 44
31 54
35 57
0 1
1 2
2 3
3 4
4 5
5 6
6 7
7 8
8 9
9 10
10 11
11 12
12 13
13 14
14 15
15 16
16 17
17 18
18 19
19 20
20 21
21 22
22 23
23 24
24 25
25 26
26 27
27 28
28 29
29 30
30 31
31 32
32 33
33 34
34 35
35 36
36 37
37 38
38 39
39 40
40 41
41 42
42 43
43 44
44 45
45 46
46 47
47 48
48 49
49 50
50 51
51 52
52 53
53 54
54 55
55 56
56 57
57 58
58 59
59 0
42 48
30 56
31 47
6 57
7 18
29 38
27 54
19 22
53 55
14 59
37 43
6 11
54 57
38 51
21 54
6 14
34 36
18 29
49 55
43 45
8 15
39 41
57 59
33 43
42 47
5 57
41 49
17 29
8 12
38 50
33 38
19 26
30 49
33 46
39 43
26 54
51 53
31 38
38 40
38 41
20 22
29 56
29 53
24 26
41 43
2 4
36 38
2 6
20 54
42 45
0 5
30 47
6 10
29 52
37 39
32 38
41 50
18 57
14 17
22 24
6 12
7 16
3 6
36 43
2 59
33 45
50 53
6 8
35 38
7 57
5 59
23 25
28 54
42 49
17 58
49 53
12 14
19 23
7 15
6 59
33 36
18 26
28 53
22 26
18 27
30 38
6 13
31 46
47 49
29 57
6 9
19 25
9 12
49 56
7 17
21 26
2 5
0 2
19 57
17 59
15 17
20 57
29 58
9 11
32 46
33 35
38 52
8 14
33 44
3 5
42 46
