0 1
1 2
2 3
3 4
4 5
5 6
6 7
7 8
8 9
9 10
10 11
11 12
12 13
13 14
14 15
15 16
16 17
17 18
18 19
19 20
20 21
21 22
22 23
23 24
24 25
25 26
26 27
27 28
28 29
29 30
30 31
31 32
32 33
33 34
34 35
35 36
36 37
37 38
38 39
39 40
40 41
41 42
42 43
43 44
44 45
45 46
46 47
47 48
48 49
49 50
50 51
51 52
52 53
53 54
54 55
55 56
56 57
57 58
58 59
59 0
8 48
33 54
16 43
17 27
27 38
6 54
23 55
34 50
13 59
21 55
7 53
41 48
8 13
3 8
0 10
27 36
41 44
28 31
30 34
27 39
4 57
48 52
17 19
21 58
26 55
43 46
20 22
21 57
6 57
5 7
35 49
0 13
36 49
17 43
24 27
18 23
1 3
36 39
19 23
49 52
44 47
36 48
20 23
7 54
28 30
16 21
29 34
27 55
8 47
21 56
32 34
7 48
39 43
1 57
3 9
14 59
39 41
25 55
43 45
7 52
10 12
1 59
0 9
34 54
2 9
8 11
8 16
37 39
1 58
39 48
23 27
36 38
14 58
13 16
44 48
16 19
15 58
27 32
17 23
28 34
41 43
51 53
27 43
27 35
9 11
6 56
49 51
16 20
31 34
16 58
0 12
1 4
40 43
43 47
16 47
24 26
11 13
32 55
27 34
34 49
5 8
28 32
5 57
21 23
24 55
6 55
1 9
4 8
33 55
42 44
45 47
34 53
34 51
13 15
0 1
1 2
2 3
3 4
4 5
5 6
6 7
7 8
8 9
9 10
10 11
11 12
12 13
13 14
14 15
15 16
16 17
17 18
18 19
19 20
20 21
21 22
22 23
23 24
24 25
25 26
26 27
27 28
28 29
29 30
30 31
31 32
32 33
33 34
34 35
35 36
36 37
37 38
38 39
39 40
40 41
41 42
42 43
43 44
44 45
45 46
46 47
47 48
48 49
49 50
50 51
51 52
52 53
53 54
54 55
55 56
56 57
57 58
58 59
59 0
39 56
31 33
10 58
4 7
40 58
2 8
42 57
5 24
33 37
50 56
23 39
5 17
3 38
13 20
3 27
9 15
24 28
11 23
28 37
39 51
23 58
15 20
57 59
27 31
9 17
50 52
30 32
41 46
15 19
43 50
1 10
7 9
41 58
4 26
10 23
12 23
51 54
51 55
4 6
43 49
27 29
2 57
52 55
47 51
21 24
10 13
47 49
46 51
52 56
5 18
1 8
5 26
28 36
53 55
27 37
28 39
40 51
43 48
6 17
32 35
41 45
30 36
41 51
44 46
8 10
13 23
20 24
2 38
27 33
42 45
3 37
9 16
10 15
46 48
25 27
4 27
27 30
38 56
15 18
30 35
6 9
42 56
10 59
52 54
2 56
35 37
24 39
2 4
22 24
18 24
25 28
39 55
2 59
33 35
13 22
34 37
43 56
16 18
47 50
2 7
23 40
29 36
18 20
14 20
5 25
28 38
41 57
10 14
13 21
0 2
