0 1
1 2
2 3
3 4
4 5
5 6
6 7
7 8
8 9
9 10
10 11
11 12
12 13
13 14
14 15
15 16
16 17
17 18
18 19
19 20
20 21
21 22
22 23
23 24
24 25
25 26
26 27
27 28
28 29
29 30
30 31
31 32
32 33
33 34
34 35
35 36
36 37
37 38
38 39
39 40
40 41
41 42
42 43
43 44
44 45
45 46
46 47
47 48
48 49
49 50
50 51
51 52
52 53
53 54
54 55
55 56
56 57
57 58
58 59
59 0
0 20
37 43
5 8
20 30
29 35
32 54
35 41
7 32
25 55
43 51
35 49
6 54
33 53
12 17
30 35
2 10
0 22
41 43
41 46
44 51
35 38
15 18
0 19
37 39
26 29
23 56
11 31
51 53
2 17
36 54
23 57
1 3
13 31
0 3
45 50
3 57
2 4
23 30
0 23
27 36
32 35
20 22
27 55
15 20
20 23
5 10
11 13
10 12
21 23
36 55
45 48
30 32
14 30
5 54
40 43
12 14
5 7
42 46
36 53
18 20
7 10
29 36
12 15
24 29
12 16
33 52
24 56
36 38
3 59
35 51
33 54
24 30
7 11
24 55
2 5
43 46
0 58
2 19
23 58
3 58
6 32
37 40
35 39
2 18
25 29
5 55
35 46
44 46
35 40
48 50
3 56
1 19
3 5
3 55
43 53
14 20
13 30
35 50
44 50
5 9
11 32
8 10
26 55
15 17
34 52
35 52
28 36
27 29
36 43
33 35
46 49
10 17
46 48
45 47

0 1
1 2
2 3
3 4
4 5
5 6
6 7
7 8
8 9
9 10
10 11
11 12
12 13
13 14
14 15
15 16
16 17
17 18
18 19
19 20
20 21
21 22
22 23
23 24
24 25
25 26
26 27
27 28
28 29
29 30
30 31
31 32
32 33
33 34
34 35
35 36
36 37
37 38
38 39
39 40
40 41
41 42
42 43
43 44
44 45
45 46
46 47
47 48
48 49
49 50
50 51
51 52
52 53
53 54
54 55
55 56
56 57
57 58
58 59
59 0
28 54
19 28
31 56
18 21
15 56
34 36
27 59
35 54
31 46
18 27
52 54
1 58
42 51
33 46
24 26
35 42
21 28
29 57
8 59
47 53
45 49
46 53
11 59
51 54
2 58
47 50
9 15
4 9
32 55
41 45
25 28
26 28
33 36
32 56
40 42
23 27
29 58
7 9
31 33
29 31
3 6
21 27
9 57
15 57
2 6
13 15
18 55
33 40
42 50
47 51
24 28
16 56
29 53
28 53
3 9
23 28
11 15
4 6
9 13
6 8
32 34
36 42
10 59
43 50
29 46
2 8
42 54
11 14
33 45
33 41
34 54
33 38
29 56
18 28
23 26
30 56
9 12
33 39
16 55
16 59
42 44
2 59
15 59
44 49
17 55
16 18
18 54
16 27
28 59
47 52
1 59
22 28
38 42
38 40
34 55
2 9
37 42
0 2
33 37
42 45
6 9
9 58
20 28
28 58
9 59
19 21
22 27
43 49
47 49
9 11
