0 1
1 2
2 3
3 4
4 5
5 6
6 7
7 8
8 9
9 10
10 11
11 12
12 13
13 14
14 15
15 16
16 17
17 18
18 19
19 20
20 21
21 22
22 23
23 24
24 25
25 26
26 27
27 28
28 29
29 30
30 31
31 32
32 33
33 34
34 35
35 36
36 37
37 38
38 39
39 40
40 41
41 42
42 43
43 44
44 45
45 46
46 47
47 48
48 49
49 50
50 51
51 52
52 53
53 54
54 55
55 56
56 57
57 58
58 59
59 0
27 34
24 59
15 34
18 24
39 56
7 54
41 50
14 51
29 56
40 48
4 10
15 21
23 27
37 48
36 49
46 50
57 59
9 51
16 20
8 53
21 27
1 6
27 33
37 56
10 24
27 32
51 56
21 34
6 55
29 33
25 28
14 36
41 47
4 8
18 20
41 45
23 25
43 46
34 37
35 37
2 6
12 24
37 39
25 59
42 46
41 56
16 24
43 45
51 55
40 56
12 16
46 48
49 51
34 56
29 58
15 20
8 54
29 32
28 58
19 21
23 26
34 36
27 31
37 40
5 8
3 59
14 49
0 56
13 51
42 45
16 18
6 8
1 59
8 52
17 24
48 50
11 51
26 28
8 51
41 51
37 49
45 50
0 55
3 10
33 56
13 16
40 47
51 54
18 22
1 55
2 4
22 24
7 55
29 57
28 30
29 31
14 16
10 51
1 3
8 10
38 56
44 46
12 51
52 54
10 12
42 47
15 36
56 59
19 22
22 27
10 59
28 59
2 5
28 31

0 1
1 2
2 3
3 4
4 5
5 6
6 7
7 8
8 9
9 10
10 11
11 12
12 13
13 14
14 15
15 16
16 17
17 18
18 19
19 20
20 21
21 22
22 23
23 24
24 25
25 26
26 27
27 28
28 29
29 30
30 31
31 32
32 33
33 34
34 35
35 36
36 37
37 38
38 39
39 40
40 41
41 42
42 43
43 44
44 45
45 46
46 47
47 48
48 49
49 50
50 51
51 52
52 53
53 54
54 55
55 56
56 57
57 58
58 59
59 0
19 51
30 38
34 50
30 50
14 27
14 54
36 40
2 28
27 47
21 47
8 55
8 56
35 43
1 30
16 23
14 23
6 12
27 40
30 39
0 2
51 53
35 41
2 14
1 58
3 8
19 50
4 12
47 49
17 53
27 44
32 50
54 57
30 51
35 47
34 47
22 25
3 56
24 27
18 52
43 47
47 50
9 55
2 59
15 53
1 53
40 43
21 50
32 36
31 50
4 13
2 58
1 57
17 19
6 9
41 43
28 39
54 56
14 53
11 54
4 14
3 58
27 45
15 23
33 35
26 47
31 37
14 28
27 43
28 40
1 54
10 54
34 49
9 11
36 38
3 5
16 19
34 48
35 40
36 39
32 37
3 7
3 14
10 55
25 47
15 17
5 12
30 53
20 50
25 27
56 58
22 47
5 7
45 47
1 29
21 23
19 23
32 35
18 51
32 34
44 47
1 28
6 11
11 13
27 46
14 24
0 58
31 38
40 42
20 23
29 39
17 52
7 9
13 54
