0 1
1 2
2 3
3 4
4 5
5 6
6 7
7 8
8 9
9 10
10 11
11 12
12 13
13 14
14 15
15 16
16 17
17 18
18 19
19 20
20 21
21 22
22 23
23 24
24 25
25 26
26 27
27 28
28 29
29 30
30 31
31 32
32 33
33 34
34 35
35 36
36 37
37 38
38 39
39 40
40 41
41 42
42 43
43 44
44 45
45 46
46 47
47 48
48 49
49 50
50 51
51 52
52 53
53 54
54 55
55 56
56 57
57 58
58 59
59 0
3 25
1 29
9 28
16 20
27 51
47 57
40 49
51 55
4 20
42 44
30 39
23 28
29 57
29 45
37 39
35 44
5 10
54 56
49 57
42 48
10 20
44 48
1 59
39 49
16 23
3 58
50 52
34 39
22 25
3 8
27 39
15 17
3 57
3 20
32 45
3 5
10 16
52 54
35 45
31 39
54 57
10 14
35 43
14 16
35 41
12 18
44 46
29 59
8 29
34 45
35 37
35 42
42 49
10 19
51 57
5 7
7 10
10 18
44 47
26 28
27 29
3 51
11 14
40 42
3 26
20 25
0 3
52 57
10 28
47 49
53 57
52 55
31 45
13 17
38 40
37 41
27 50
35 39
25 28
21 25
3 6
20 22
55 57
20 23
3 7
29 47
1 8
16 28
7 9
33 39
31 33
10 12
17 20
0 2
29 31
18 20
29 39
4 10
50 57
3 59
8 28
1 3
13 15
38 41
22 24
29 58
11 13
3 27
39 50
13 18
23 25
29 46
36 41
33 45
0 1
1 2
2 3
3 4
4 5
5 6
6 7
7 8
8 9
9 10
10 11
11 12
12 13
13 14
14 15
15 16
16 17
17 18
18 19
19 20
20 21
21 22
22 23
23 24
24 25
25 26
26 27
27 28
28 29
29 30
30 31
31 32
32 33
33 34
34 35
35 36
36 37
37 38
38 39
39 40
40 41
41 42
42 43
43 44
44 45
45 46
46 47
47 48
48 49
49 50
50 51
51 52
52 53
53 54
54 55
55 56
56 57
57 58
58 59
59 0
17 28
20 58
9 40
28 57
29 41
13 34
20 27
0 13
41 50
10 40
8 57
20 59
20 24
4 13
12 38
4 59
4 8
0 17
24 58
9 55
50 54
30 35
44 51
8 11
44 57
22 26
18 59
13 33
31 34
19 59
7 12
50 55
15 32
52 56
0 15
9 11
50 53
20 26
41 44
41 45
16 29
30 32
12 34
53 56
48 50
36 40
48 51
4 57
16 32
12 36
42 57
8 12
11 40
17 29
20 28
43 57
26 57
36 39
40 55
11 39
5 13
19 28
44 56
32 34
12 35
49 51
41 43
29 35
6 13
45 51
18 28
45 47
53 55
24 57
6 8
31 35
44 52
51 53
13 32
14 32
35 40
0 4
3 13
9 56
28 41
45 48
16 30
4 58
0 16
47 50
21 24
27 57
41 55
12 37
21 23
8 56
0 18
46 48
2 4
41 47
36 38
6 12
29 40
1 13
5 8
11 38
24 26
2 13
1 4
23 26
0 14
21 26
25 57
41 57
