0 1
1 2
2 3
3 4
4 5
5 6
6 7
7 8
8 9
9 10
10 11
11 12
12 13
13 14
14 15
15 16
16 17
17 18
18 19
19 20
20 21
21 22
22 23
23 24
24 25
25 26
26 27
27 28
28 29
29 30
30 31
31 32
32 33
33 34
34 35
35 36
36 37
37 38
38 39
39 40
40 41
41 42
42 43
43 44
44 45
45 46
46 47
47 48
48 49
49 50
50 51
51 52
52 53
53 54
54 55
55 56
56 57
57 58
58 59
59 0
29 32
19 34
36 51
24 55
9 43
39 49
9 37
32 54
48 52
14 58
38 50
17 55
30 34
47 49
35 54
5 56
17 36
43 55
20 29
43 56
36 54
4 12
6 10
36 53
21 28
42 45
18 55
23 27
2 57
28 54
14 57
4 13
45 49
44 52
44 55
7 56
20 22
27 54
39 50
8 10
46 48
8 56
13 36
3 14
14 59
14 17
37 51
45 48
18 22
2 4
4 14
17 35
15 17
4 11
23 28
51 53
40 45
10 12
26 55
37 39
41 45
0 57
43 45
44 48
1 3
12 37
39 42
7 10
48 50
8 43
5 57
6 11
52 55
15 55
1 14
5 11
9 42
32 34
26 54
31 34
34 54
22 24
12 36
23 25
29 31
15 57
25 55
39 45
4 57
0 58
1 57
45 47
38 51
14 16
48 51
18 20
29 54
18 35
39 41
20 30
22 55
19 35
25 27
15 56
37 42
53 55
20 34
21 23
0 14
6 56
10 37
33 54
13 17
20 28

0 1
1 2
2 3
3 4
4 5
5 6
6 7
7 8
8 9
9 10
10 11
11 12
12 13
13 14
14 15
15 16
16 17
17 18
18 19
19 20
20 21
21 22
22 23
23 24
24 25
25 26
26 27
27 28
28 29
29 30
30 31
31 32
32 33
33 34
34 35
35 36
36 37
37 38
38 39
39 40
40 41
41 42
42 43
43 44
44 45
45 46
46 47
47 48
48 49
49 50
50 51
51 52
52 53
53 54
54 55
55 56
56 57
57 58
58 59
59 0
12 15
8 47
27 55
35 50
8 44
2 27
37 40
30 36
9 38
8 52
18 21
8 20
41 48
13 15
3 55
8 15
15 19
4 25
34 52
18 29
8 13
37 50
27 31
31 53
22 26
4 27
52 54
7 25
9 16
44 47
43 47
7 20
8 55
10 13
16 38
37 41
0 56
3 57
5 55
18 36
32 52
47 51
34 50
4 6
30 33
40 42
15 18
31 33
1 27
37 49
26 29
3 56
21 24
6 8
12 14
20 25
57 59
31 55
8 39
33 52
23 26
47 52
11 15
40 44
28 30
9 39
5 8
27 56
21 25
50 52
16 18
8 40
10 16
56 59
17 38
3 58
8 46
41 47
11 13
41 43
33 35
4 26
21 29
10 15
49 51
36 50
31 54
0 2
8 19
22 29
4 7
0 3
31 52
3 59
18 38
19 21
33 36
26 28
41 49
0 27
44 46
28 31
38 40
3 27
29 36
18 37
40 43
8 45
8 54
24 26
4 55
9 13
