0 1
1 2
2 3
3 4
4 5
5 6
6 7
7 8
8 9
9 10
10 11
11 12
12 13
13 14
14 15
15 16
16 17
17 18
18 19
19 20
20 21
21 22
22 23
23 24
24 25
25 26
26 27
27 28
28 29
29 30
30 31
31 32
32 33
33 34
34 35
35 36
36 37
37 38
38 39
39 40
40 41
41 42
42 43
43 44
44 45
45 46
46 47
47 48
48 49
49 50
50 51
51 52
52 53
53 54
54 55
55 56
56 57
57 58
58 59
59 0
45 54
23 56
30 46
10 58
38 54
21 23
47 58
14 29
17 21
18 21
32 36
42 54
30 56
3 57
30 38
46 52
37 39
34 38
14 46
9 12
34 36
29 46
4 9
6 21
9 14
54 58
22 25
14 22
30 55
30 42
28 30
49 54
0 57
32 42
47 51
25 27
37 40
8 18
37 41
32 41
4 57
3 58
55 57
17 20
51 54
22 28
6 57
16 18
11 14
14 18
42 45
48 58
15 18
46 53
2 58
24 30
14 28
21 57
31 34
33 35
7 21
14 16
4 8
22 24
44 54
14 58
46 58
14 17
4 58
38 55
8 14
26 30
23 30
1 59
21 56
4 7
49 58
8 21
17 19
47 52
52 54
25 30
25 28
50 54
4 6
33 36
38 40
31 42
9 58
32 34
32 37
2 59
48 50
40 54
17 22
47 50
45 53
0 58
55 58
19 21
1 57
41 54
10 12
26 28
31 38
2 57
43 45
42 46
42 44
34 37
10 14
12 14
5 57
9 13
0 1
1 2
2 3
3 4
4 5
5 6
6 7
7 8
8 9
9 10
10 11
11 12
12 13
13 14
14 15
15 16
16 17
17 18
18 19
19 20
20 21
21 22
22 23
23 24
24 25
25 26
26 27
27 28
28 29
29 30
30 31
31 32
32 33
33 34
34 35
35 36
36 37
37 38
38 39
39 40
40 41
41 42
42 43
43 44
44 45
45 46
46 47
47 48
48 49
49 50
50 51
51 52
52 53
53 54
54 55
55 56
56 57
57 58
58 59
59 0
33 43
3 25
10 33
41 47
30 37
26 56
5 15
16 25
3 21
31 35
33 49
33 56
39 48
5 9
9 56
38 51
43 48
5 8
0 4
25 56
12 25
29 53
38 42
8 15
40 42
3 23
12 30
7 9
4 19
46 48
56 59
39 47
45 48
13 15
51 53
11 15
16 24
29 52
5 59
6 9
35 42
36 42
3 56
18 22
30 32
39 51
39 41
13 25
12 28
29 54
12 27
35 37
37 42
3 22
45 47
53 56
49 56
9 33
11 30
50 56
14 25
29 56
10 30
37 52
23 25
4 59
20 22
37 51
1 3
44 47
8 11
2 4
4 21
5 18
0 3
5 7
8 10
33 48
15 25
0 2
30 35
9 59
17 23
34 42
12 29
48 51
44 48
30 33
5 17
54 56
51 56
3 59
17 24
12 26
4 20
34 43
53 55
43 47
27 56
30 52
9 57
41 43
12 15
4 18
56 58
39 42
28 56
5 16
32 35
57 59
18 23
19 22
49 51
