0 1
1 2
2 3
3 4
4 5
5 6
6 7
7 8
8 9
9 10
10 11
11 12
12 13
13 14
14 15
15 16
16 17
17 18
18 19
19 20
20 21
21 22
22 23
23 24
24 25
25 26
26 27
27 28
28 29
29 30
30 31
31 32
32 33
33 34
34 35
35 36
36 37
37 38
38 39
39 40
40 41
41 42
42 43
43 44
44 45
45 46
46 47
47 48
48 49
49 50
50 51
51 52
52 53
53 54
54 55
55 56
56 57
57 58
58 59
59 0
25 54
14 33
2 57
15 55
9 38
47 58
30 41
15 25
39 58
51 56
26 41
21 28
32 41
3 59
11 33
33 35
10 15
44 52
21 32
2 59
8 15
25 55
37 41
15 33
10 14
11 14
29 41
15 18
43 47
6 9
38 41
3 39
12 33
36 41
1 58
44 50
26 53
21 29
49 58
50 58
9 39
51 53
11 37
2 8
15 21
8 55
23 28
22 24
9 37
4 39
28 41
4 6
17 19
1 57
17 21
44 49
27 41
41 53
24 26
43 52
11 34
21 24
41 58
19 21
21 25
17 25
55 57
44 51
4 9
21 30
42 53
7 9
2 7
26 54
17 20
42 47
9 15
40 58
46 49
45 47
35 41
18 21
15 32
10 37
34 37
39 59
30 32
5 7
33 41
21 23
39 41
2 5
2 4
44 46
1 59
15 17
16 25
51 57
51 54
48 58
13 33
21 31
51 58
24 28
54 56
8 57
43 53
35 37
12 14
0 2
47 49
44 47
26 28
41 47

0 1
1 2
2 3
3 4
4 5
5 6
6 7
7 8
8 9
9 10
10 11
11 12
12 13
13 14
14 15
15 16
16 17
17 18
18 19
19 20
20 21
21 22
22 23
23 24
24 25
25 26
26 27
27 28
28 29
29 30
30 31
31 32
32 33
33 34
34 35
35 36
36 37
37 38
38 39
39 40
40 41
41 42
42 43
43 44
44 45
45 46
46 47
47 48
48 49
49 50
50 51
51 52
52 53
53 54
54 55
55 56
56 57
57 58
58 59
59 0
11 39
10 21
44 57
0 9
7 58
22 59
37 53
9 41
13 27
5 59
26 35
45 56
39 43
27 36
11 20
13 16
19 22
25 35
30 34
46 51
36 38
35 59
45 51
50 56
28 34
18 25
6 8
50 52
11 19
19 25
5 8
55 59
5 58
26 31
37 54
26 34
16 26
40 43
47 50
57 59
13 36
9 58
26 30
24 59
0 3
11 36
21 59
9 44
19 23
13 15
26 33
16 18
46 50
10 20
26 32
1 9
0 5
38 52
12 19
9 21
10 39
37 59
14 27
45 52
38 45
2 9
27 29
30 33
46 48
48 50
49 56
50 54
5 9
3 5
45 48
16 19
44 56
9 42
23 25
11 38
27 35
10 41
37 55
50 55
26 29
38 44
12 16
25 59
14 26
12 36
50 53
37 52
48 56
56 59
9 57
42 44
28 30
14 16
10 40
41 43
36 59
18 26
31 33
9 59
38 43
28 35
17 26
3 9
23 59
1 3
6 58
20 22
0 4
8 58
