0 1
1 2
2 3
3 4
4 5
5 6
6 7
7 8
8 9
9 10
10 11
11 12
12 13
13 14
14 15
15 16
16 17
17 18
18 19
19 20
20 21
21 22
22 23
23 24
24 25
25 26
26 27
27 28
28 29
29 30
30 31
31 32
32 33
33 34
34 35
35 36
36 37
37 38
38 39
39 40
40 41
41 42
42 43
43 44
44 45
45 46
46 47
47 48
48 49
49 50
50 51
51 52
52 53
53 54
54 55
55 56
56 57
57 58
58 59
59 0
40 48
7 46
22 52
9 29
43 48
48 52
23 31
6 15
27 29
3 17
8 42
47 52
29 40
36 48
56 59
47 56
45 47
7 56
31 39
10 22
40 43
6 57
38 48
17 56
6 13
34 39
23 50
23 29
7 57
25 27
8 41
10 26
11 17
13 16
18 20
20 56
36 39
35 39
0 3
3 15
37 39
36 38
3 59
0 4
7 13
22 54
40 42
22 55
56 58
3 6
6 59
8 12
29 39
9 26
18 56
44 46
34 50
6 58
7 47
22 26
23 32
44 48
23 27
54 56
19 21
17 22
8 40
47 54
32 39
2 59
15 17
43 46
8 43
48 51
26 29
7 12
13 15
9 11
23 52
22 56
11 22
36 50
23 28
36 49
33 39
8 29
17 21
11 16
29 31
14 16
50 52
22 53
32 50
24 26
0 2
24 27
33 50
47 53
9 12
3 5
8 46
11 13
34 36
18 21
4 59
48 50
5 59
23 30
1 59
23 26
3 56
20 22
45 48
38 40

0 1
1 2
2 3
3 4
4 5
5 6
6 7
7 8
8 9
9 10
10 11
11 12
12 13
13 14
14 15
15 16
16 17
17 18
18 19
19 20
20 21
21 22
22 23
23 24
24 25
25 26
26 27
27 28
28 29
29 30
30 31
31 32
32 33
33 34
34 35
35 36
36 37
37 38
38 39
39 40
40 41
41 42
42 43
43 44
44 45
45 46
46 47
47 48
48 49
49 50
50 51
51 52
52 53
53 54
54 55
55 56
56 57
57 58
58 59
59 0
22 50
1 24
20 24
25 35
6 14
37 49
44 52
11 18
1 19
33 59
35 38
15 51
30 59
39 55
51 54
51 57
4 10
39 42
39 45
24 37
14 18
35 37
30 34
1 18
47 50
10 18
1 51
18 22
30 33
40 45
44 53
39 54
4 18
33 58
39 41
25 30
37 47
31 33
25 59
30 35
34 57
2 6
2 4
7 9
4 9
9 13
17 50
42 44
39 46
35 57
42 45
0 57
7 14
26 30
29 59
22 24
31 59
27 30
43 53
45 52
47 51
37 50
8 14
28 59
32 59
38 47
23 37
57 59
2 18
6 9
24 59
17 51
14 17
0 51
1 20
55 57
12 14
2 5
2 14
24 35
1 15
41 45
39 57
12 18
25 28
33 57
38 46
18 50
10 13
45 51
19 22
9 14
16 51
46 51
28 30
51 55
51 53
1 14
47 49
24 36
0 24
21 24
39 43
22 37
38 57
4 6
26 28
39 53
3 18
37 48
10 12
51 56
