0 1
1 2
2 3
3 4
4 5
5 6
6 7
7 8
8 9
9 10
10 11
11 12
12 13
13 14
14 15
15 16
16 17
17 18
18 19
19 20
20 21
21 22
22 23
23 24
24 25
25 26
26 27
27 28
28 29
29 30
30 31
31 32
32 33
33 34
34 35
35 36
36 37
37 38
38 39
39 40
40 41
41 42
42 43
43 44
44 45
45 46
46 47
47 48
48 49
49 50
50 51
51 52
52 53
53 54
54 55
55 56
56 57
57 58
58 59
59 0
6 9
25 31
14 59
22 55
13 42
3 11
25 36
12 50
16 35
19 59
39 52
11 13
7 59
14 38
51 53
1 57
27 34
25 54
20 33
12 49
44 48
1 4
5 10
40 49
40 42
3 54
19 57
22 33
38 54
39 49
26 35
25 38
42 45
17 34
28 30
13 41
40 44
13 46
18 34
4 7
20 56
23 55
7 10
25 29
11 51
38 53
3 10
35 38
49 52
17 59
2 55
25 27
23 25
49 51
14 40
10 59
46 49
8 10
16 34
14 17
38 52
1 55
26 36
12 46
19 33
42 46
22 56
2 4
28 32
26 34
20 57
45 48
24 33
42 44
6 8
27 32
43 45
19 34
31 33
11 14
1 7
40 48
14 16
24 31
11 53
15 17
25 55
38 40
6 10
11 54
13 40
28 31
25 37
18 59
57 59
36 38
3 5
10 14
2 54
45 47
46 48
1 56
27 33
27 29
22 24
14 35
4 6
21 56
1 58
20 22
25 30
11 50
1 59
0 7
0 1
1 2
2 3
3 4
4 5
5 6
6 7
7 8
8 9
9 10
10 11
11 12
12 13
13 14
14 15
15 16
16 17
17 18
18 19
19 20
20 21
21 22
22 23
23 24
24 25
25 26
26 27
27 28
28 29
29 30
30 31
31 32
32 33
33 34
34 35
35 36
36 37
37 38
38 39
39 40
40 41
41 42
42 43
43 44
44 45
45 46
46 47
47 48
48 49
49 50
50 51
51 52
52 53
53 54
54 55
55 56
56 57
57 58
58 59
59 0
32 50
10 44
13 16
13 58
8 51
11 20
31 57
14 26
27 57
34 42
8 55
56 59
32 54
21 44
5 13
9 46
34 43
33 39
31 41
4 58
8 13
28 43
32 48
22 28
32 56
36 41
9 12
20 44
43 46
9 13
17 22
8 56
54 56
33 38
4 13
11 44
52 55
2 6
8 46
3 58
6 59
30 42
8 50
32 43
16 20
47 49
16 26
0 3
29 31
35 37
14 58
22 27
12 16
36 42
32 53
6 56
30 41
26 58
16 19
8 52
3 59
8 49
21 28
53 55
29 43
24 27
31 40
16 25
33 43
17 19
16 24
29 42
56 58
2 59
21 43
16 18
37 39
10 46
17 20
0 2
29 57
32 46
7 56
27 58
11 16
5 8
32 40
17 24
48 50
44 46
39 41
1 3
10 12
34 37
32 52
32 51
17 23
13 15
33 37
24 26
15 26
34 36
23 27
31 56
33 40
2 5
5 7
28 57
10 45
32 47
37 41
8 47
17 21
