0 1
1 2
2 3
3 4
4 5
5 6
6 7
7 8
8 9
9 10
10 11
11 12
12 13
13 14
14 15
15 16
16 17
17 18
18 19
19 20
20 21
21 22
22 23
23 24
24 25
25 26
26 27
27 28
28 29
29 30
30 31
31 32
32 33
33 34
34 35
35 36
36 37
37 38
38 39
39 40
40 41
41 42
42 43
43 44
44 45
45 46
46 47
47 48
48 49
49 50
50 51
51 52
52 53
53 54
54 55
55 56
56 57
57 58
58 59
59 0
18 26
0 45
8 40
40 52
7 33
23 32
19 25
19 33
1 39
25 27
19 34
12 35
7 17
30 33
24 29
10 40
6 56
40 50
34 37
24 32
10 37
4 33
52 56
7 54
3 58
53 55
21 24
9 16
43 48
13 34
5 57
13 15
15 17
18 34
7 29
19 26
45 50
51 58
10 15
34 38
20 32
8 54
26 29
1 43
8 16
14 34
4 38
10 38
3 59
40 48
41 43
0 58
25 29
19 21
1 42
43 45
10 35
50 52
53 56
7 26
24 31
19 24
8 53
44 46
11 35
3 38
22 24
44 48
51 57
5 58
5 33
22 32
17 34
3 5
12 34
8 10
7 55
31 33
20 33
21 32
7 56
39 41
47 49
40 53
40 49
0 2
9 15
5 56
39 42
52 57
46 50
10 39
45 58
47 50
29 33
10 12
0 3
46 48
33 38
2 39
29 31
25 28
2 38
50 58
7 18
10 13
0 43
40 43
5 7
8 17
27 29
15 34
10 36
34 36

0 1
1 2
2 3
3 4
4 5
5 6
6 7
7 8
8 9
9 10
10 11
11 12
12 13
13 14
14 15
15 16
16 17
17 18
18 19
19 20
20 21
21 22
22 23
23 24
24 25
25 26
26 27
27 28
28 29
29 30
30 31
31 32
32 33
33 34
34 35
35 36
36 37
37 38
38 39
39 40
40 41
41 42
42 43
43 44
44 45
45 46
46 47
47 48
48 49
49 50
50 51
51 52
52 53
53 54
54 55
55 56
56 57
57 58
58 59
59 0
19 22
56 59
4 20
42 52
0 9
12 41
16 37
28 53
33 37
50 53
9 18
25 35
4 53
9 55
9 59
25 30
11 47
25 34
41 44
15 18
14 39
39 52
2 9
22 35
46 52
14 40
12 45
1 59
49 53
21 23
3 7
11 46
3 55
37 53
19 37
25 53
10 53
2 57
30 32
15 38
7 19
20 22
4 7
29 53
7 20
46 49
10 18
31 53
49 52
25 32
4 55
28 30
42 45
5 20
15 39
20 24
3 56
12 44
11 13
4 25
32 53
17 37
42 46
35 37
26 28
13 41
10 14
11 14
19 36
23 25
49 51
41 52
3 57
38 53
11 45
47 53
15 37
6 20
2 7
27 30
26 53
19 35
2 58
10 55
14 18
38 52
2 8
23 35
13 40
51 53
20 23
1 9
2 59
18 37
33 35
9 19
4 24
4 6
26 30
57 59
7 9
32 37
10 54
11 53
42 44
30 53
32 34
48 53
16 18
4 54
9 56
