0 1
1 2
2 3
3 4
4 5
5 6
6 7
7 8
8 9
9 10
10 11
11 12
12 13
13 14
14 15
15 16
16 17
17 18
18 19
19 20
20 21
21 22
22 23
23 24
24 25
25 26
26 27
27 28
28 29
29 30
30 31
31 32
32 33
33 34
34 35
35 36
36 37
37 38
38 39
39 40
40 41
41 42
42 43
43 44
44 45
45 46
46 47
47 48
48 49
49 50
50 51
51 52
52 53
53 54
54 55
55 56
56 57
57 58
58 59
59 0
31 46
55 59
10 55
14 58
25 34
15 45
24 36
31 38
6 10
45 56
11 22
22 41
24 31
37 40
23 48
15 43
49 56
24 47
0 9
23 47
4 14
13 22
25 29
22 49
25 36
1 3
15 56
30 33
33 38
49 53
6 13
1 8
49 51
23 49
10 52
1 59
42 44
2 5
39 42
1 5
14 22
20 22
33 36
20 43
25 33
1 9
17 21
7 10
10 50
5 8
8 10
24 30
54 56
23 36
22 37
10 54
23 37
38 42
10 59
1 58
28 33
45 47
14 56
31 45
15 17
43 45
5 7
25 35
36 38
31 47
22 40
56 59
45 49
2 4
6 11
14 17
17 43
27 29
26 28
25 30
3 58
6 14
38 45
26 33
3 14
4 6
17 20
14 16
10 49
18 21
14 21
51 53
50 52
52 54
29 33
11 49
38 44
14 57
33 35
41 43
22 43
57 59
0 10
18 20
30 32
45 48
25 27
49 54
32 38
40 42
11 13
6 12
17 19
37 39
0 1
1 2
2 3
3 4
4 5
5 6
6 7
7 8
8 9
9 10
10 11
11 12
12 13
13 14
14 15
15 16
16 17
17 18
18 19
19 20
20 21
21 22
22 23
23 24
24 25
25 26
26 27
27 28
28 29
29 30
30 31
31 32
32 33
33 34
34 35
35 36
36 37
37 38
38 39
39 40
40 41
41 42
42 43
43 44
44 45
45 46
46 47
47 48
48 49
49 50
50 51
51 52
52 53
53 54
54 55
55 56
56 57
57 58
58 59
59 0
21 56
0 21
28 57
50 57
28 46
13 24
23 51
25 51
1 14
40 50
35 51
0 27
17 22
38 46
0 5
28 32
3 5
21 52
6 9
52 57
27 59
8 12
46 49
16 20
21 51
27 58
5 11
11 27
27 32
17 23
24 27
28 34
3 12
2 13
37 51
14 20
47 50
19 22
1 20
41 45
13 23
43 49
35 38
27 31
15 23
33 51
27 30
22 51
19 21
18 22
27 33
8 11
41 44
46 48
15 20
7 9
9 11
21 54
5 27
32 34
47 49
16 19
43 46
39 51
53 56
53 55
21 55
44 46
0 58
39 50
39 41
28 35
24 51
27 57
39 46
41 50
3 13
12 27
43 50
41 46
5 10
36 51
5 12
2 14
12 24
28 31
29 31
38 51
1 4
24 26
27 51
5 9
16 18
46 57
1 21
35 46
13 15
56 58
46 50
42 50
16 23
6 8
52 56
51 57
0 4
0 56
28 30
26 51
34 51
35 37
21 53
