0 1
1 2
2 3
3 4
4 5
5 6
6 7
7 8
8 9
9 10
10 11
11 12
12 13
13 14
14 15
15 16
16 17
17 18
18 19
19 20
20 21
21 22
22 23
23 24
24 25
25 26
26 27
27 28
28 29
29 30
30 31
31 32
32 33
33 34
34 35
35 36
36 37
37 38
38 39
39 40
40 41
41 42
42 43
43 44
44 45
45 46
46 47
47 48
48 49
49 50
50 51
51 52
52 53
53 54
54 55
55 56
56 57
57 58
58 59
59 0
19 58
7 57
9 48
2 8
20 58
16 18
30 58
47 53
36 40
15 41
25 36
46 48
40 53
20 22
3 5
44 53
13 59
20 36
29 36
33 56
5 58
7 51
3 58
29 33
3 6
39 55
21 36
9 49
10 48
40 55
1 12
22 26
10 43
33 58
38 55
0 58
44 47
10 14
1 58
16 20
51 53
14 43
50 52
50 53
42 53
2 10
13 58
6 58
7 9
11 13
24 26
17 58
20 27
22 27
2 11
28 36
36 41
37 55
14 42
10 44
14 17
26 36
28 30
4 58
26 28
23 25
54 56
16 36
9 51
34 37
3 7
32 58
45 47
17 19
54 57
27 58
22 25
15 36
56 58
34 55
30 33
2 12
47 49
0 12
15 42
6 57
7 54
13 17
23 26
28 58
21 25
33 35
30 32
40 54
16 19
2 9
44 48
47 50
29 35
33 55
14 16
35 37
51 54
41 53
2 58
31 33
10 13
9 50
37 40
43 53
2 7
37 39
45 48
0 13

0 1
1 2
2 3
3 4
4 5
5 6
6 7
7 8
8 9
9 10
10 11
11 12
12 13
13 14
14 15
15 16
16 17
17 18
18 19
19 20
20 21
21 22
22 23
23 24
24 25
25 26
26 27
27 28
28 29
29 30
30 31
31 32
32 33
33 34
34 35
35 36
36 37
37 38
38 39
39 40
40 41
41 42
42 43
43 44
44 45
45 46
46 47
47 48
48 49
49 50
50 51
51 52
52 53
53 54
54 55
55 56
56 57
57 58
58 59
59 0
38 40
10 30
17 46
12 57
38 58
13 55
17 47
3 9
6 37
27 29
24 27
7 37
8 33
3 11
48 50
16 25
18 40
41 43
15 47
19 21
18 29
9 32
37 58
33 37
0 57
15 49
42 46
40 46
40 43
45 52
13 53
27 30
30 37
52 57
52 54
45 50
23 28
9 30
13 50
15 17
18 30
13 15
7 36
18 20
39 58
1 59
42 45
18 46
18 37
39 43
21 29
20 29
52 55
7 34
16 30
14 30
4 6
1 11
22 29
23 27
9 31
57 59
15 30
46 50
2 6
13 54
3 8
18 38
41 46
13 51
4 7
39 45
16 24
39 44
13 49
45 58
16 21
26 30
9 33
22 24
13 52
12 56
43 45
52 58
23 29
9 11
17 21
11 14
52 56
5 7
0 11
12 14
2 59
6 59
37 59
15 48
8 34
33 36
11 30
16 26
16 22
1 3
45 51
12 55
4 8
11 57
31 37
34 36
18 21
7 35
2 4
32 37
25 27
