0 1
1 2
2 3
3 4
4 5
5 6
6 7
7 8
8 9
9 10
10 11
11 12
12 13
13 14
14 15
15 16
16 17
17 18
18 19
19 20
20 21
21 22
22 23
23 24
24 25
25 26
26 27
27 28
28 29
29 30
30 31
31 32
32 33
33 34
34 35
35 36
36 37
37 38
38 39
39 40
40 41
41 42
42 43
43 44
44 45
45 46
46 47
47 48
48 49
49 50
50 51
51 52
52 53
53 54
54 55
55 56
56 57
57 58
58 59
59 0
27 41
21 25
9 50
0 19
16 48
28 47
1 4
41 55
32 37
21 23
26 56
40 42
49 51
13 19
47 52
9 12
19 21
1 9
5 59
28 32
54 58
38 42
11 49
10 12
28 34
41 56
18 20
13 16
30 37
22 26
12 19
52 58
27 37
21 47
28 37
19 25
26 47
1 19
45 55
33 37
43 55
37 47
37 39
6 58
8 58
19 59
34 47
5 9
28 31
37 45
1 5
55 57
3 9
45 53
42 55
47 51
9 11
14 49
37 42
53 55
34 36
19 26
21 26
12 49
27 47
19 57
17 21
47 53
22 24
14 48
35 47
23 25
47 49
9 52
6 59
19 58
43 45
18 21
14 16
0 5
53 58
16 18
36 47
54 57
15 48
6 8
5 8
12 14
1 12
8 52
46 53
42 45
16 21
16 47
9 49
39 41
27 39
42 44
26 57
45 47
22 25
50 52
1 3
5 7
32 34
26 41
33 36
39 42
31 37
29 37
4 9
28 30
2 9
16 19

0 1
1 2
2 3
3 4
4 5
5 6
6 7
7 8
8 9
9 10
10 11
11 12
12 13
13 14
14 15
15 16
16 17
17 18
18 19
19 20
20 21
21 22
22 23
23 24
24 25
25 26
26 27
27 28
28 29
29 30
30 31
31 32
32 33
33 34
34 35
35 36
36 37
37 38
38 39
39 40
40 41
41 42
42 43
43 44
44 45
45 46
46 47
47 48
48 49
49 50
50 51
51 52
52 53
53 54
54 55
55 56
56 57
57 58
58 59
59 0
7 33
24 59
31 41
36 59
9 20
37 54
11 20
26 54
14 30
5 36
27 49
9 33
56 59
56 58
37 40
23 29
41 46
37 59
48 54
0 21
27 54
15 21
31 38
12 18
57 59
15 22
31 49
12 20
9 31
24 26
8 33
10 20
48 51
27 51
14 23
40 46
4 59
29 31
14 17
28 49
26 58
26 29
21 24
11 30
6 20
26 55
14 22
35 38
13 30
7 35
14 18
25 58
0 6
6 36
44 46
31 40
31 34
7 34
41 48
15 19
3 6
31 35
41 45
55 58
42 47
31 48
27 50
3 5
42 48
46 54
11 31
38 40
48 50
21 59
23 30
52 54
17 19
40 54
7 20
15 17
44 47
47 54
8 20
37 56
29 49
9 32
23 26
26 28
43 47
27 53
41 44
12 30
3 59
0 3
27 52
25 59
31 33
13 18
35 37
51 54
31 39
6 21
41 43
15 20
6 35
0 2
1 59
2 59
37 55
4 36
10 31
