0 1
1 2
2 3
3 4
4 5
5 6
6 7
7 8
8 9
9 10
10 11
11 12
12 13
13 14
14 15
15 16
16 17
17 18
18 19
19 20
20 21
21 22
22 23
23 24
24 25
25 26
26 27
27 28
28 29
29 30
30 31
31 32
32 33
33 34
34 35
35 36
36 37
37 38
38 39
39 40
40 41
41 42
42 43
43 44
44 45
45 46
46 47
47 48
48 49
49 50
50 51
51 52
52 53
53 54
54 55
55 56
56 57
57 58
58 59
59 0
20 41
28 53
10 19
32 37
23 27
11 53
10 56
34 52
14 18
53 57
44 55
9 11
0 8
23 32
43 45
35 50
17 25
17 24
2 4
42 55
6 56
16 53
57 59
42 56
17 19
41 50
48 55
9 53
23 37
24 27
52 54
46 50
16 28
39 41
11 16
28 30
2 57
20 23
29 53
11 15
33 52
5 8
47 55
27 32
16 18
2 8
8 10
32 35
3 57
37 40
48 50
36 39
50 54
29 32
45 47
33 35
20 40
5 56
3 5
42 50
48 54
10 12
46 49
15 18
1 59
4 8
36 38
13 19
35 37
33 53
12 15
19 56
19 23
38 40
22 40
50 52
17 27
29 33
9 59
36 41
7 10
19 42
5 57
13 18
21 40
53 59
42 44
12 14
53 58
43 50
34 51
53 55
43 46
19 41
21 23
34 50
36 50
53 56
6 10
23 40
27 30
27 31
17 23
47 49
8 59
10 13
25 27
6 8
17 26
16 27
30 32
1 57
44 47
1 8
0 1
1 2
2 3
3 4
4 5
5 6
6 7
7 8
8 9
9 10
10 11
11 12
12 13
13 14
14 15
15 16
16 17
17 18
18 19
19 20
20 21
21 22
22 23
23 24
24 25
25 26
26 27
27 28
28 29
29 30
30 31
31 32
32 33
33 34
34 35
35 36
36 37
37 38
38 39
39 40
40 41
41 42
42 43
43 44
44 45
45 46
46 47
47 48
48 49
49 50
50 51
51 52
52 53
53 54
54 55
55 56
56 57
57 58
58 59
59 0
23 58
33 54
18 33
25 55
35 55
5 55
18 58
8 16
35 38
25 28
4 12
55 59
39 46
38 42
5 54
39 50
26 33
25 32
37 43
56 58
33 47
8 14
23 33
20 58
5 9
1 16
41 46
38 52
6 9
34 45
56 59
26 29
10 14
39 51
34 43
26 30
16 54
33 55
16 33
49 51
6 16
1 5
16 59
44 46
47 53
22 33
39 48
16 58
19 58
51 53
4 15
27 29
42 46
26 31
4 14
9 12
29 31
32 55
2 16
55 58
18 22
21 58
7 16
34 44
55 57
35 53
11 14
39 52
39 47
18 21
38 41
24 58
26 32
38 43
1 55
34 36
47 51
4 9
23 25
28 32
34 46
4 13
17 33
19 21
34 37
0 16
28 31
17 58
14 16
34 55
3 15
35 54
25 33
38 53
0 55
7 9
5 16
1 4
1 3
3 16
25 58
9 14
40 46
26 28
47 54
48 51
11 13
22 58
34 47
39 49
