0 1
1 2
2 3
3 4
4 5
5 6
6 7
7 8
8 9
9 10
10 11
11 12
12 13
13 14
14 15
15 16
16 17
17 18
18 19
19 20
20 21
21 22
22 23
23 24
24 25
25 26
26 27
27 28
28 29
29 30
30 31
31 32
32 33
33 34
34 35
35 36
36 37
37 38
38 39
39 40
40 41
41 42
42 43
43 44
44 45
45 46
46 47
47 48
48 49
49 50
50 51
51 52
52 53
53 54
54 55
55 56
56 57
57 58
58 59
59 0
38 58
29 46
37 59
18 54
0 22
15 17
12 20
14 56
2 21
24 48
10 12
22 50
32 43
6 20
23 28
12 58
49 58
23 59
1 7
38 45
0 23
53 55
28 30
2 6
28 32
16 18
29 31
12 18
8 12
21 53
33 36
10 59
33 38
31 43
20 53
19 54
6 12
51 53
50 55
29 47
45 49
50 52
23 35
36 38
49 57
23 36
43 46
27 48
26 28
22 52
33 40
18 56
43 45
12 17
8 59
38 40
1 21
24 49
7 59
9 12
6 21
1 59
38 42
28 47
23 49
1 4
8 10
25 28
38 41
25 48
23 50
33 35
50 56
37 58
3 6
10 58
32 40
23 37
45 48
15 56
16 56
12 19
13 15
2 4
28 35
32 42
50 57
22 53
25 27
27 47
56 58
50 53
1 5
28 34
31 46
28 33
13 56
11 58
19 53
32 41
38 44
12 15
1 6
23 25
46 48
6 8
4 6
54 56
42 44
1 22
30 32
38 49
12 56
33 39
0 1
1 2
2 3
3 4
4 5
5 6
6 7
7 8
8 9
9 10
10 11
11 12
12 13
13 14
14 15
15 16
16 17
17 18
18 19
19 20
20 21
21 22
22 23
23 24
24 25
25 26
26 27
27 28
28 29
29 30
30 31
31 32
32 33
33 34
34 35
35 36
36 37
37 38
38 39
39 40
40 41
41 42
42 43
43 44
44 45
45 46
46 47
47 48
48 49
49 50
50 51
51 52
52 53
53 54
54 55
55 56
56 57
57 58
58 59
59 0
11 40
3 12
20 58
3 13
3 57
32 38
0 14
35 56
29 39
43 54
4 10
14 59
37 49
22 28
2 59
15 40
32 35
43 53
53 56
28 56
19 40
36 50
30 39
6 41
4 56
35 38
17 40
17 19
36 56
18 58
31 34
3 56
41 56
47 51
4 41
6 10
39 43
21 40
5 10
25 39
21 58
37 47
4 12
6 9
16 40
44 46
31 35
7 40
38 43
7 9
24 28
21 25
28 39
39 41
8 11
2 14
19 21
43 55
16 59
16 58
9 11
45 51
36 49
2 57
1 14
11 13
14 16
41 55
22 58
43 51
7 11
21 24
37 44
2 58
24 27
31 38
44 47
31 56
21 39
14 40
48 50
31 33
36 52
28 57
5 41
31 39
11 14
46 51
0 2
52 56
6 40
17 58
28 31
41 43
18 20
21 23
37 48
4 11
43 52
27 39
44 51
37 43
24 26
42 55
35 37
48 51
26 39
32 34
22 57
36 51
2 13
22 24
