0 1
1 2
2 3
3 4
4 5
5 6
6 7
7 8
8 9
9 10
10 11
11 12
12 13
13 14
14 15
15 16
16 17
17 18
18 19
19 20
20 21
21 22
22 23
23 24
24 25
25 26
26 27
27 28
28 29
29 30
30 31
31 32
32 33
33 34
34 35
35 36
36 37
37 38
38 39
39 40
40 41
41 42
42 43
43 44
44 45
45 46
46 47
47 48
48 49
49 50
50 51
51 52
52 53
53 54
54 55
55 56
56 57
57 58
58 59
59 0
31 56
44 59
2 21
25 28
1 36
7 27
32 43
11 22
2 9
45 55
45 50
0 42
57 59
9 15
2 32
31 57
24 26
27 30
51 58
47 50
0 28
2 30
15 21
8 23
7 26
32 55
43 45
8 22
9 11
44 50
33 39
2 4
31 55
29 31
9 22
30 32
11 21
2 28
49 53
24 28
39 41
34 39
37 39
56 58
33 41
1 28
13 20
15 20
51 59
7 24
4 7
9 13
1 37
15 17
32 34
17 20
14 17
12 21
5 27
48 53
2 7
38 41
37 42
5 7
18 20
33 42
3 27
22 24
47 55
53 58
43 59
51 53
0 57
22 28
32 35
6 27
32 36
3 30
2 8
1 32
35 37
54 58
0 31
34 37
14 16
47 49
50 52
2 22
13 21
44 51
25 27
45 47
42 59
28 31
48 55
14 19
38 40
38 42
4 27
33 43
54 56
13 19
46 50
7 23
14 18
10 22
50 53
13 15
9 21
1 42
28 30
32 45
53 55
9 12

0 1
1 2
2 3
3 4
4 5
5 6
6 7
7 8
8 9
9 10
10 11
11 12
12 13
13 14
14 15
15 16
16 17
17 18
18 19
19 20
20 21
21 22
22 23
23 24
24 25
25 26
26 27
27 28
28 29
29 30
30 31
31 32
32 33
33 34
34 35
35 36
36 37
37 38
38 39
39 40
40 41
41 42
42 43
43 44
44 45
45 46
46 47
47 48
48 49
49 50
50 51
51 52
52 53
53 54
54 55
55 56
56 57
57 58
58 59
59 0
42 55
15 53
37 58
12 34
13 32
23 37
17 50
1 8
5 58
4 59
7 57
21 41
17 52
1 35
50 54
22 27
16 22
20 46
9 54
1 9
11 54
12 53
7 55
22 41
14 31
14 30
41 43
7 56
28 37
52 54
7 58
43 50
44 49
12 32
12 14
48 50
42 58
20 41
45 48
19 46
18 48
2 59
35 58
30 36
43 49
41 46
18 46
31 33
5 8
43 55
29 36
27 29
55 57
29 37
23 25
15 29
17 21
4 8
9 55
13 31
23 41
8 55
23 40
11 35
44 48
11 53
0 58
15 52
12 15
41 58
41 45
33 35
17 19
40 58
31 35
3 59
1 3
19 21
15 22
41 44
17 51
43 54
17 48
26 37
51 54
12 35
46 48
4 58
23 26
26 28
22 26
1 4
42 57
14 29
22 29
31 36
16 52
37 40
17 22
23 39
10 54
1 58
10 35
36 58
12 33
1 59
23 38
6 58
25 37
6 8
1 10
24 37
18 47
