0 1
1 2
2 3
3 4
4 5
5 6
6 7
7 8
8 9
9 10
10 11
11 12
12 13
13 14
14 15
15 16
16 17
17 18
18 19
19 20
20 21
21 22
22 23
23 24
24 25
25 26
26 27
27 28
28 29
29 30
30 31
31 32
32 33
33 34
34 35
35 36
36 37
37 38
38 39
39 40
40 41
41 42
42 43
43 44
44 45
45 46
46 47
47 48
48 49
49 50
50 51
51 52
52 53
53 54
54 55
55 56
56 57
57 58
58 59
59 0
7 47
34 59
9 38
21 24
3 15
38 50
29 38
26 28
25 29
1 3
52 58
4 10
11 18
22 59
36 59
3 17
4 59
17 21
24 28
30 38
38 51
44 50
8 47
31 38
0 17
42 50
29 59
13 15
3 14
11 14
39 43
53 55
9 45
51 58
11 24
7 48
12 14
5 9
23 28
9 47
45 47
36 38
23 29
6 54
40 50
13 18
47 50
52 57
4 57
38 40
13 16
48 53
3 59
36 51
3 16
48 51
29 32
25 28
9 11
2 59
4 11
43 45
21 59
11 19
52 55
3 11
19 21
4 6
23 59
39 42
48 52
47 49
9 29
1 59
5 8
7 53
1 17
35 37
21 23
4 58
17 20
39 41
31 33
29 34
30 32
36 58
24 26
4 56
38 43
35 38
17 19
41 50
31 34
19 24
6 53
4 9
5 7
6 56
52 56
46 50
9 43
11 29
24 27
31 35
32 34
54 56
17 59
16 18
24 29
42 44
48 50
11 13
34 36
45 50

0 1
1 2
2 3
3 4
4 5
5 6
6 7
7 8
8 9
9 10
10 11
11 12
12 13
13 14
14 15
15 16
16 17
17 18
18 19
19 20
20 21
21 22
22 23
23 24
24 25
25 26
26 27
27 28
28 29
29 30
30 31
31 32
32 33
33 34
34 35
35 36
36 37
37 38
38 39
39 40
40 41
41 42
42 43
43 44
44 45
45 46
46 47
47 48
48 49
49 50
50 51
51 52
52 53
53 54
54 55
55 56
56 57
57 58
58 59
59 0
1 37
17 22
6 57
19 41
4 35
27 36
6 42
26 40
0 42
9 17
12 34
12 17
5 10
0 48
23 31
1 57
8 18
40 42
15 33
27 34
22 25
22 33
23 32
13 33
0 58
49 53
42 48
13 34
48 55
38 42
43 53
27 29
20 22
22 26
44 52
2 36
27 30
15 17
8 19
20 41
2 37
9 12
1 5
4 36
42 47
43 57
48 57
53 57
11 34
8 10
22 24
2 4
48 54
28 34
54 57
30 33
44 49
3 36
25 30
0 57
50 52
42 45
46 49
1 4
15 22
5 34
14 17
26 37
42 46
43 52
49 54
42 57
8 42
25 31
23 25
27 35
10 12
18 21
55 57
48 56
45 49
14 16
18 20
49 51
30 34
20 26
37 42
7 10
46 48
9 18
14 33
27 37
22 32
18 22
51 53
19 42
5 11
13 17
26 38
26 39
5 35
57 59
0 37
26 30
1 6
28 30
6 10
48 58
20 40
6 8
49 52
