0 1
1 2
2 3
3 4
4 5
5 6
6 7
7 8
8 9
9 10
10 11
11 12
12 13
13 14
14 15
15 16
16 17
17 18
18 19
19 20
20 21
21 22
22 23
23 24
24 25
25 26
26 27
27 28
28 29
29 30
30 31
31 32
32 33
33 34
34 35
35 36
36 37
37 38
38 39
39 40
40 41
41 42
42 43
43 44
44 45
45 46
46 47
47 48
48 49
49 50
50 51
51 52
52 53
53 54
54 55
55 56
56 57
57 58
58 59
59 0
43 46
17 34
34 50
52 59
9 58
11 17
24 52
33 52
12 20
35 56
0 4
39 44
6 12
12 15
0 9
50 54
18 24
19 22
12 59
27 29
18 29
42 48
35 37
30 34
12 17
53 56
11 56
2 8
34 52
37 54
39 54
18 27
36 39
45 49
0 58
46 49
0 12
2 6
9 57
18 34
25 29
35 54
11 14
31 52
52 57
10 56
20 24
51 53
26 28
40 44
24 59
3 6
14 16
48 54
53 57
34 56
24 29
44 50
11 13
25 27
32 34
1 3
34 51
25 28
41 43
0 5
45 50
6 11
24 27
47 49
51 54
35 39
35 50
43 45
18 30
0 6
31 33
19 24
11 16
35 55
9 11
29 52
41 44
30 52
0 3
40 54
12 16
20 22
21 24
35 44
37 39
10 57
7 9
43 48
6 9
40 42
6 8
12 19
57 59
30 32
11 34
2 9
48 50
54 56
46 48
42 54
13 15
19 23
38 54
22 24
20 59
0 2
3 5
17 19

0 1
1 2
2 3
3 4
4 5
5 6
6 7
7 8
8 9
9 10
10 11
11 12
12 13
13 14
14 15
15 16
16 17
17 18
18 19
19 20
20 21
21 22
22 23
23 24
24 25
25 26
26 27
27 28
28 29
29 30
30 31
31 32
32 33
33 34
34 35
35 36
36 37
37 38
38 39
39 40
40 41
41 42
42 43
43 44
44 45
45 46
46 47
47 48
48 49
49 50
50 51
51 52
52 53
53 54
54 55
55 56
56 57
57 58
58 59
59 0
42 46
22 57
38 48
3 16
18 55
3 11
2 5
19 40
24 34
8 57
34 40
15 56
16 57
30 51
31 51
32 49
34 39
3 15
31 34
5 11
2 16
53 55
27 34
34 48
26 56
12 56
3 14
17 55
5 10
19 49
5 8
3 13
40 45
28 56
27 56
19 51
2 59
40 43
28 34
39 42
29 51
18 52
24 57
2 4
45 47
8 11
28 55
19 45
23 57
28 54
32 48
2 58
35 48
8 58
28 52
15 55
37 48
19 52
12 14
22 40
29 31
52 54
0 16
45 48
24 40
26 57
52 55
38 47
2 7
11 57
25 34
16 22
31 49
5 7
17 21
19 48
38 42
38 46
8 10
31 50
42 44
12 57
17 20
18 20
3 12
5 9
16 58
1 59
34 38
16 59
15 17
7 58
36 38
1 16
28 51
26 34
4 11
28 31
34 36
24 26
33 48
49 51
16 21
19 21
42 45
23 40
14 56
36 48
39 41
21 40
