0 1
1 2
2 3
3 4
4 5
5 6
6 7
7 8
8 9
9 10
10 11
11 12
12 13
13 14
14 15
15 16
16 17
17 18
18 19
19 20
20 21
21 22
22 23
23 24
24 25
25 26
26 27
27 28
28 29
29 30
30 31
31 32
32 33
33 34
34 35
35 36
36 37
37 38
38 39
39 40
40 41
41 42
42 43
43 44
44 45
45 46
46 47
47 48
48 49
49 50
50 51
51 52
52 53
53 54
54 55
55 56
56 57
57 58
58 59
59 0
40 50
41 59
16 38
13 24
0 36
12 57
5 10
15 39
47 58
53 57
41 46
44 50
49 56
16 18
32 36
54 57
8 11
2 7
4 59
1 25
50 57
32 38
18 29
1 11
21 24
1 27
0 34
10 58
16 39
27 30
43 45
13 18
7 10
44 47
4 6
36 40
30 38
20 29
4 58
13 39
4 7
1 26
13 57
14 16
40 59
49 53
48 57
1 33
0 35
6 10
13 50
24 27
40 42
2 4
24 29
27 33
44 48
21 29
13 19
10 12
22 29
25 27
0 40
42 50
50 53
13 21
53 55
33 36
2 11
54 56
14 17
13 15
16 30
3 7
48 58
7 9
12 24
31 38
37 40
0 4
30 32
18 20
42 44
36 38
1 12
18 30
50 52
41 45
51 57
28 30
19 21
48 56
41 47
0 2
41 58
51 53
34 36
53 56
23 29
1 24
13 40
24 28
10 57
14 18
8 10
21 23
37 39
42 45
1 34
7 11
30 33
4 10
44 46
48 50

0 1
1 2
2 3
3 4
4 5
5 6
6 7
7 8
8 9
9 10
10 11
11 12
12 13
13 14
14 15
15 16
16 17
17 18
18 19
19 20
20 21
21 22
22 23
23 24
24 25
25 26
26 27
27 28
28 29
29 30
30 31
31 32
32 33
33 34
34 35
35 36
36 37
37 38
38 39
39 40
40 41
41 42
42 43
43 44
44 45
45 46
46 47
47 48
48 49
49 50
50 51
51 52
52 53
53 54
54 55
55 56
56 57
57 58
58 59
59 0
38 48
15 41
8 23
22 24
2 8
6 34
44 56
50 58
45 51
9 18
34 39
9 59
12 18
15 43
2 6
21 39
41 43
26 39
49 51
25 33
11 43
51 58
15 21
1 8
24 33
12 15
21 41
1 5
34 58
15 42
55 57
11 59
1 9
36 58
43 59
14 43
44 51
43 47
9 11
8 19
36 39
15 20
19 22
46 49
1 59
6 59
49 58
25 30
39 48
52 55
43 48
31 39
22 26
44 58
46 48
12 14
23 33
44 54
38 49
44 52
26 28
37 58
29 39
11 13
6 23
6 8
17 19
1 6
25 32
34 59
17 20
8 22
35 58
32 34
55 58
51 55
46 51
26 29
22 39
23 34
12 17
37 49
44 57
1 3
25 28
43 46
29 31
35 39
21 40
39 43
0 9
3 5
22 25
44 55
10 59
9 12
8 18
31 34
12 16
27 29
3 6
44 53
13 43
1 4
40 43
43 58
20 22
7 23
16 20
25 31
52 54
25 29
