0 1
1 2
2 3
3 4
4 5
5 6
6 7
7 8
8 9
9 10
10 11
11 12
12 13
13 14
14 15
15 16
16 17
17 18
18 19
19 20
20 21
21 22
22 23
23 24
24 25
25 26
26 27
27 28
28 29
29 30
30 31
31 32
32 33
33 34
34 35
35 36
36 37
37 38
38 39
39 40
40 41
41 42
42 43
43 44
44 45
45 46
46 47
47 48
48 49
49 50
50 51
51 52
52 53
53 54
54 55
55 56
56 57
57 58
58 59
59 0
27 55
9 35
37 50
8 37
2 55
3 52
13 20
30 49
30 51
13 28
10 29
1 13
14 59
28 53
38 49
29 52
23 58
30 32
1 3
34 48
2 53
55 57
29 33
38 50
18 59
16 20
39 43
24 58
9 37
34 38
41 45
57 59
4 6
4 11
13 16
37 51
45 48
19 59
39 45
44 47
38 45
21 27
16 19
2 52
25 27
9 33
27 58
39 47
26 58
38 48
36 38
20 23
24 26
15 17
35 37
14 17
4 52
31 33
28 52
53 55
22 25
27 56
29 51
40 45
27 53
4 13
0 14
40 43
4 9
31 49
22 24
6 37
14 16
34 47
10 28
4 10
27 57
33 49
16 18
49 51
21 28
34 49
40 42
4 8
37 52
9 29
9 34
6 52
34 36
41 43
19 23
45 47
14 18
46 48
41 44
4 12
22 27
5 52
55 59
23 59
20 28
1 55
20 22
11 13
4 7
34 39
43 47
1 59
11 28
27 54
1 4
7 37
30 33
0 13

0 1
1 2
2 3
3 4
4 5
5 6
6 7
7 8
8 9
9 10
10 11
11 12
12 13
13 14
14 15
15 16
16 17
17 18
18 19
19 20
20 21
21 22
22 23
23 24
24 25
25 26
26 27
27 28
28 29
29 30
30 31
31 32
32 33
33 34
34 35
35 36
36 37
37 38
38 39
39 40
40 41
41 42
42 43
43 44
44 45
45 46
46 47
47 48
48 49
49 50
50 51
51 52
52 53
53 54
54 55
55 56
56 57
57 58
58 59
59 0
1 33
55 58
29 40
19 28
19 25
38 54
5 28
5 8
47 55
0 26
0 16
45 55
43 51
48 50
19 27
15 18
29 36
18 24
3 14
33 54
28 31
52 54
5 10
28 57
28 41
42 56
7 19
29 34
7 10
42 52
11 18
45 49
29 38
3 15
4 14
28 40
48 55
1 32
6 8
45 51
38 42
10 13
12 14
1 58
44 51
1 15
20 25
38 40
6 28
0 58
43 52
43 55
28 56
42 53
2 4
56 58
28 58
11 14
33 38
51 55
35 38
18 20
39 41
18 26
44 55
6 19
52 55
18 25
41 56
32 34
29 35
7 11
48 51
17 26
0 27
1 28
11 15
28 30
21 24
33 55
42 55
8 10
29 37
46 55
0 15
1 5
23 25
29 32
42 54
2 5
45 50
1 31
7 18
29 31
18 21
5 13
10 12
5 14
33 35
21 25
16 26
33 58
47 49
7 9
2 15
39 42
46 49
19 26
27 59
21 23
28 59
