0 1
1 2
2 3
3 4
4 5
5 6
6 7
7 8
8 9
9 10
10 11
11 12
12 13
13 14
14 15
15 16
16 17
17 18
18 19
19 20
20 21
21 22
22 23
23 24
24 25
25 26
26 27
27 28
28 29
29 30
30 31
31 32
32 33
33 34
34 35
35 36
36 37
37 38
38 39
39 40
40 41
41 42
42 43
43 44
44 45
45 46
46 47
47 48
48 49
49 50
50 51
51 52
52 53
53 54
54 55
55 56
56 57
57 58
58 59
59 0
35 58
25 56
27 59
15 23
16 26
50 54
26 45
52 54
45 53
49 54
35 47
15 27
32 44
5 9
40 44
17 19
28 59
13 24
7 24
31 59
33 44
0 24
28 45
15 21
36 41
16 19
54 57
15 18
11 59
33 41
25 54
15 59
8 24
35 39
5 11
24 57
4 11
45 52
45 51
19 21
24 59
33 36
37 40
2 24
26 28
29 44
49 57
34 58
19 25
11 24
40 47
46 49
32 58
21 25
49 51
15 17
2 6
2 11
6 8
32 59
13 23
44 46
49 58
29 59
35 49
44 47
1 59
29 32
13 15
8 11
22 24
28 44
2 59
11 15
2 4
33 58
4 6
0 2
46 48
21 24
45 54
15 22
33 42
40 42
38 40
15 20
6 24
11 13
46 51
16 25
11 14
9 11
25 57
47 49
35 38
51 54
24 58
33 35
35 40
29 31
18 20
37 41
5 8
8 10
36 38
42 44
26 54
30 32
16 27
3 11
12 14
54 56
25 55
33 43
0 1
1 2
2 3
3 4
4 5
5 6
6 7
7 8
8 9
9 10
10 11
11 12
12 13
13 14
14 15
15 16
16 17
17 18
18 19
19 20
20 21
21 22
22 23
23 24
24 25
25 26
26 27
27 28
28 29
29 30
30 31
31 32
32 33
33 34
34 35
35 36
36 37
37 38
38 39
39 40
40 41
41 42
42 43
43 44
44 45
45 46
46 47
47 48
48 49
49 50
50 51
51 52
52 53
53 54
54 55
55 56
56 57
57 58
58 59
59 0
3 45
0 5
29 38
32 38
27 49
21 44
14 49
32 43
5 20
0 57
28 43
24 32
0 58
16 20
50 55
25 28
10 19
46 55
9 50
8 57
14 19
57 59
29 40
30 35
22 26
1 3
51 56
16 21
5 21
8 58
5 44
41 43
2 45
39 42
45 49
32 39
14 26
0 4
33 38
2 56
8 56
9 49
30 36
30 37
7 58
29 37
9 51
8 20
1 57
50 53
33 37
35 37
29 43
5 45
25 30
9 14
22 25
6 20
49 55
25 32
27 44
24 43
14 16
45 56
27 43
0 3
6 58
50 52
13 19
25 29
39 41
53 56
32 34
51 53
29 41
10 20
14 18
9 56
23 43
4 45
9 20
10 12
32 35
16 18
11 19
21 43
48 55
2 57
16 22
14 22
45 47
9 13
17 20
39 43
9 12
44 49
53 55
25 31
23 25
31 35
5 58
46 56
25 27
22 43
7 20
26 49
45 48
47 55
12 19
34 37
29 39
