0 1
1 2
2 3
3 4
4 5
5 6
6 7
7 8
8 9
9 10
10 11
11 12
12 13
13 14
14 15
15 16
16 17
17 18
18 19
19 20
20 21
21 22
22 23
23 24
24 25
25 26
26 27
27 28
28 29
29 30
30 31
31 32
32 33
33 34
34 35
35 36
36 37
37 38
38 39
39 40
40 41
41 42
42 43
43 44
44 45
45 46
46 47
47 48
48 49
49 50
50 51
51 52
52 53
53 54
54 55
55 56
56 57
57 58
58 59
59 0
36 59
6 47
3 17
4 55
45 54
18 22
39 43
2 31
7 42
12 29
14 29
1 33
29 37
38 43
9 42
51 55
0 2
38 58
3 26
15 21
38 56
55 57
4 51
47 52
15 25
7 11
0 4
4 59
6 43
5 49
38 41
37 42
55 59
3 25
18 21
38 59
15 17
4 6
26 30
21 24
38 40
38 45
3 22
41 43
26 31
43 47
28 30
0 36
47 53
0 34
5 50
11 42
12 15
48 50
6 42
39 41
29 36
38 55
11 16
3 24
3 16
0 33
45 53
36 38
38 54
44 46
17 22
15 27
4 7
17 21
29 35
2 32
0 3
3 31
19 22
8 10
4 50
21 25
21 23
3 7
3 11
25 27
53 55
52 55
0 35
44 47
9 11
8 11
12 16
37 41
6 49
19 21
30 33
45 47
55 58
47 49
22 24
30 32
48 52
7 9
30 34
43 45
12 14
30 35
29 42
2 33
13 29
27 30
11 29
38 57
18 20
15 29
50 52
27 29

0 1
1 2
2 3
3 4
4 5
5 6
6 7
7 8
8 9
9 10
10 11
11 12
12 13
13 14
14 15
15 16
16 17
17 18
18 19
19 20
20 21
21 22
22 23
23 24
24 25
25 26
26 27
27 28
28 29
29 30
30 31
31 32
32 33
33 34
34 35
35 36
36 37
37 38
38 39
39 40
40 41
41 42
42 43
43 44
44 45
45 46
46 47
47 48
48 49
49 50
50 51
51 52
52 53
53 54
54 55
55 56
56 57
57 58
58 59
59 0
6 22
8 45
8 44
7 57
40 50
25 57
12 27
33 38
45 50
8 33
35 37
45 55
16 27
9 30
1 59
38 52
17 20
46 54
30 56
46 49
50 54
34 37
33 42
7 22
13 16
11 19
9 28
22 27
41 45
6 24
30 55
3 57
26 28
32 34
12 28
31 38
52 54
9 31
2 25
50 53
11 21
30 57
6 25
22 26
45 56
30 38
2 58
8 32
15 18
42 45
0 57
2 6
7 10
16 20
49 54
1 58
1 25
7 56
9 29
11 28
10 22
12 18
28 57
25 28
13 27
20 22
0 58
0 25
2 57
38 50
39 50
45 48
3 5
33 40
13 15
24 26
10 21
6 23
9 32
38 51
14 18
4 57
42 44
5 7
30 54
46 55
2 5
51 53
8 56
12 19
34 38
33 35
32 38
40 42
35 38
23 26
8 43
8 42
45 49
5 57
16 18
34 36
41 50
20 27
13 18
10 28
11 20
30 52
33 39
29 57
17 19
46 48
