0 1
1 2
2 3
3 4
4 5
5 6
6 7
7 8
8 9
9 10
10 11
11 12
12 13
13 14
14 15
15 16
16 17
17 18
18 19
19 20
20 21
21 22
22 23
23 24
24 25
25 26
26 27
27 28
28 29
29 30
30 31
31 32
32 33
33 34
34 35
35 36
36 37
37 38
38 39
39 40
40 41
41 42
42 43
43 44
44 45
45 46
46 47
47 48
48 49
49 50
50 51
51 52
52 53
53 54
54 55
55 56
56 57
57 58
58 59
59 0
12 17
3 11
21 50
3 13
5 7
17 59
0 25
39 45
37 41
9 22
22 25
44 46
34 44
39 51
31 59
3 17
31 50
52 54
3 14
22 31
45 48
34 53
21 55
54 56
2 17
23 25
8 10
25 30
44 50
29 31
2 6
4 8
1 17
9 19
13 15
2 9
45 47
26 30
5 8
0 26
31 58
19 22
0 9
41 43
1 59
37 44
34 36
14 16
13 16
33 58
52 55
38 51
19 55
9 24
56 59
37 51
9 23
3 5
11 13
42 44
51 53
50 52
26 28
17 56
32 34
50 55
9 18
40 42
27 31
37 53
19 56
46 50
12 16
2 8
21 31
40 44
37 40
53 58
37 43
19 21
45 51
26 29
37 39
49 51
10 12
26 59
9 25
27 29
3 6
35 37
1 9
22 30
36 53
47 49
45 49
9 12
17 19
56 58
35 44
26 31
4 11
53 57
47 50
32 58
4 10
20 55
53 56
34 58
40 45
34 50
6 8
31 34
3 16
9 17
0 1
1 2
2 3
3 4
4 5
5 6
6 7
7 8
8 9
9 10
10 11
11 12
12 13
13 14
14 15
15 16
16 17
17 18
18 19
19 20
20 21
21 22
22 23
23 24
24 25
25 26
26 27
27 28
28 29
29 30
30 31
31 32
32 33
33 34
34 35
35 36
36 37
37 38
38 39
39 40
40 41
41 42
42 43
43 44
44 45
45 46
46 47
47 48
48 49
49 50
50 51
51 52
52 53
53 54
54 55
55 56
56 57
57 58
58 59
59 0
10 39
31 39
29 53
6 54
10 56
37 48
6 56
8 21
23 53
22 29
46 52
13 21
44 56
32 50
40 46
17 30
31 38
6 59
37 50
48 51
14 17
15 20
37 49
31 37
9 59
3 56
0 3
2 59
6 23
53 55
9 13
22 26
23 29
40 43
45 53
45 55
6 53
57 59
20 29
20 22
32 51
46 48
40 56
32 35
10 31
42 56
9 58
29 32
11 31
18 29
0 57
4 56
12 30
9 56
19 29
13 20
38 48
12 31
7 21
23 28
21 23
31 36
15 19
36 50
2 4
15 18
3 57
32 53
48 52
12 14
9 11
15 17
47 52
25 27
6 55
38 46
32 36
1 3
45 52
0 2
33 35
17 29
7 9
31 33
6 21
30 32
45 56
22 28
24 26
14 20
24 28
9 21
14 30
22 24
38 40
33 36
16 18
4 6
32 52
5 59
9 57
6 9
43 46
39 56
43 56
25 28
22 27
2 5
41 56
48 50
43 45
