0 1
1 2
2 3
3 4
4 5
5 6
6 7
7 8
8 9
9 10
10 11
11 12
12 13
13 14
14 15
15 16
16 17
17 18
18 19
19 20
20 21
21 22
22 23
23 24
24 25
25 26
26 27
27 28
28 29
29 30
30 31
31 32
32 33
33 34
34 35
35 36
36 37
37 38
38 39
39 40
40 41
41 42
42 43
43 44
44 45
45 46
46 47
47 48
48 49
49 50
50 51
51 52
52 53
53 54
54 55
55 56
56 57
57 58
58 59
59 0
6 38
1 43
2 31
16 25
6 58
9 19
10 27
21 38
41 46
24 37
46 51
12 25
43 53
6 8
10 31
12 26
44 50
2 37
48 51
1 59
38 43
27 37
12 15
4 7
14 16
0 57
24 26
46 55
27 35
1 58
11 14
47 49
33 37
46 58
2 4
57 59
15 25
47 50
38 46
14 19
48 50
28 34
29 34
42 44
7 31
1 37
20 23
21 23
1 38
1 56
11 13
17 19
45 50
27 29
39 42
50 53
8 10
56 58
1 3
24 27
4 6
19 25
16 19
38 42
3 6
38 41
44 53
38 58
30 32
2 7
14 17
23 25
11 19
45 47
21 37
20 22
46 53
3 58
10 12
8 31
27 30
40 42
9 38
23 37
29 33
33 35
44 46
19 23
42 46
12 27
33 36
38 40
55 58
31 33
9 11
28 35
1 53
12 14
6 9
54 56
46 48
5 7
14 18
51 53
46 54
19 38
53 56
27 31
0 56
27 36
50 52
31 37
30 33
19 21
0 1
1 2
2 3
3 4
4 5
5 6
6 7
7 8
8 9
9 10
10 11
11 12
12 13
13 14
14 15
15 16
16 17
17 18
18 19
19 20
20 21
21 22
22 23
23 24
24 25
25 26
26 27
27 28
28 29
29 30
30 31
31 32
32 33
33 34
34 35
35 36
36 37
37 38
38 39
39 40
40 41
41 42
42 43
43 44
44 45
45 46
46 47
47 48
48 49
49 50
50 51
51 52
52 53
53 54
54 55
55 56
56 57
57 58
58 59
59 0
18 43
36 40
13 19
38 57
18 44
33 58
35 41
12 56
12 49
25 35
10 13
26 34
4 30
37 58
4 28
6 56
15 45
48 55
7 25
19 41
9 24
56 59
2 58
14 48
3 30
26 32
28 32
15 48
26 28
48 52
45 48
8 25
9 22
2 30
29 32
49 51
49 55
0 3
51 54
4 29
38 55
41 47
13 21
13 48
15 19
8 11
6 11
40 48
12 48
19 35
13 22
16 44
48 53
39 55
22 35
50 54
15 44
0 58
29 31
40 47
41 44
6 28
49 52
26 33
32 58
23 35
9 25
19 43
0 2
50 55
6 25
19 42
44 47
53 55
17 44
25 27
31 58
35 40
24 35
19 22
5 28
35 37
30 58
6 27
16 18
4 59
37 57
34 58
3 59
13 15
6 59
40 55
35 58
49 56
36 38
10 22
15 18
52 54
41 43
9 23
13 20
6 12
26 35
36 39
5 59
38 56
7 11
