0 1
1 2
2 3
3 4
4 5
5 6
6 7
7 8
8 9
9 10
10 11
11 12
12 13
13 14
14 15
15 16
16 17
17 18
18 19
19 20
20 21
21 22
22 23
23 24
24 25
25 26
26 27
27 28
28 29
29 30
30 31
31 32
32 33
33 34
34 35
35 36
36 37
37 38
38 39
39 40
40 41
41 42
42 43
43 44
44 45
45 46
46 47
47 48
48 49
49 50
50 51
51 52
52 53
53 54
54 55
55 56
56 57
57 58
58 59
59 0
41 56
36 54
39 49
10 28
39 43
0 14
56 58
56 59
32 35
8 32
28 57
13 27
31 40
6 13
28 31
16 19
0 19
50 55
39 50
2 7
20 28
16 18
52 54
13 22
17 20
20 27
49 56
10 29
31 39
52 55
39 53
9 12
42 49
7 32
23 27
33 56
24 26
31 35
37 54
0 57
12 28
42 48
15 21
18 20
50 53
36 39
20 24
50 52
7 59
19 28
2 4
14 16
45 49
39 42
0 6
10 31
54 56
1 5
45 48
7 9
8 10
28 40
44 48
13 28
20 26
6 9
43 45
8 31
7 56
38 53
33 36
25 27
11 28
20 23
15 17
13 23
21 23
13 21
1 7
3 7
40 42
40 56
44 47
10 12
46 48
50 56
4 7
6 12
51 53
44 46
57 59
37 53
6 14
43 48
33 35
4 6
29 31
35 39
33 54
32 56
19 57
14 19
2 5
24 27
40 57
32 34
37 39
41 49
13 15
1 6
1 59
10 30
43 49
17 21

0 1
1 2
2 3
3 4
4 5
5 6
6 7
7 8
8 9
9 10
10 11
11 12
12 13
13 14
14 15
15 16
16 17
17 18
18 19
19 20
20 21
21 22
22 23
23 24
24 25
25 26
26 27
27 28
28 29
29 30
30 31
31 32
32 33
33 34
34 35
35 36
36 37
37 38
38 39
39 40
40 41
41 42
42 43
43 44
44 45
45 46
46 47
47 48
48 49
49 50
50 51
51 52
52 53
53 54
54 55
55 56
56 57
57 58
58 59
59 0
12 38
16 57
11 55
12 36
27 57
48 57
2 11
35 41
22 29
48 56
47 57
12 20
44 54
51 55
3 5
17 27
12 41
1 4
20 33
36 40
7 16
48 54
41 46
3 9
2 57
7 14
19 27
22 25
21 26
7 12
27 31
1 57
42 45
30 32
35 47
20 29
15 19
4 57
19 21
23 26
32 47
6 16
0 2
25 28
36 38
20 22
14 20
3 10
12 35
44 55
48 52
36 41
41 45
7 11
45 47
16 27
11 57
20 34
41 43
20 30
31 57
27 29
20 32
6 57
15 20
6 8
31 47
43 55
11 56
22 26
41 55
2 58
18 27
9 11
42 44
22 28
5 57
21 27
12 39
17 19
38 40
3 11
7 15
45 54
49 51
2 59
7 13
12 55
51 54
39 41
33 47
1 3
5 8
8 11
49 52
48 53
23 25
27 30
1 58
48 51
13 20
34 47
12 34
22 24
35 46
3 8
37 40
47 54
0 58
26 28
51 56
48 50
