0 1
1 2
2 3
3 4
4 5
5 6
6 7
7 8
8 9
9 10
10 11
11 12
12 13
13 14
14 15
15 16
16 17
17 18
18 19
19 20
20 21
21 22
22 23
23 24
24 25
25 26
26 27
27 28
28 29
29 30
30 31
31 32
32 33
33 34
34 35
35 36
36 37
37 38
38 39
39 40
40 41
41 42
42 43
43 44
44 45
45 46
46 47
47 48
48 49
49 50
50 51
51 52
52 53
53 54
54 55
55 56
56 57
57 58
58 59
59 0
7 57
14 28
31 52
9 29
28 49
6 57
19 29
31 51
2 8
14 52
35 42
29 57
21 28
2 55
20 26
42 48
8 10
28 37
13 17
1 6
26 28
11 54
40 46
12 54
24 28
20 28
4 7
28 51
16 19
31 57
30 34
10 18
31 56
13 54
14 27
41 44
34 51
30 33
31 54
40 49
28 30
36 38
8 57
2 5
40 45
38 41
44 48
20 24
44 47
31 55
41 45
37 49
14 51
49 51
14 54
34 42
55 57
4 8
42 51
0 58
55 58
15 19
55 59
8 54
11 17
38 42
14 16
0 55
30 37
20 22
1 55
30 32
48 50
24 26
2 54
10 19
15 20
22 28
23 28
14 17
2 6
1 57
37 39
29 31
11 18
14 26
16 18
40 48
9 57
32 34
35 37
2 4
44 46
15 26
4 6
12 17
39 41
10 54
43 48
22 24
0 57
40 47
31 53
41 43
52 54
19 28
35 38
32 51
20 25
10 29
39 49
30 35
3 8
42 50
0 1
1 2
2 3
3 4
4 5
5 6
6 7
7 8
8 9
9 10
10 11
11 12
12 13
13 14
14 15
15 16
16 17
17 18
18 19
19 20
20 21
21 22
22 23
23 24
24 25
25 26
26 27
27 28
28 29
29 30
30 31
31 32
32 33
33 34
34 35
35 36
36 37
37 38
38 39
39 40
40 41
41 42
42 43
43 44
44 45
45 46
46 47
47 48
48 49
49 50
50 51
51 52
52 53
53 54
54 55
55 56
56 57
57 58
58 59
59 0
22 53
36 49
45 51
0 7
36 39
25 57
22 55
4 57
17 59
16 22
9 11
25 38
32 49
22 31
31 35
25 54
31 50
6 11
19 23
8 59
33 49
11 59
8 11
19 24
27 31
6 9
15 55
36 46
11 55
43 54
31 49
57 59
5 11
22 26
17 58
19 21
35 49
29 36
1 59
40 44
29 35
5 7
0 4
26 37
7 9
1 4
42 54
17 25
19 25
4 59
16 21
22 54
13 15
14 59
40 54
54 57
15 17
21 23
18 20
50 52
3 59
38 54
39 44
26 36
1 3
47 50
31 33
23 25
4 11
46 49
27 36
17 20
27 29
18 25
43 52
43 45
22 25
47 49
4 55
36 44
26 31
38 40
0 5
46 51
40 43
4 56
41 54
43 51
2 59
40 42
13 55
13 59
25 58
26 38
22 52
46 50
6 10
0 8
34 49
22 50
15 22
28 31
17 21
54 56
31 34
15 59
11 13
12 55
36 45
43 53
46 48
