0 1
1 2
2 3
3 4
4 5
5 6
6 7
7 8
8 9
9 10
10 11
11 12
12 13
13 14
14 15
15 16
16 17
17 18
18 19
19 20
20 21
21 22
22 23
23 24
24 25
25 26
26 27
27 28
28 29
29 30
30 31
31 32
32 33
33 34
34 35
35 36
36 37
37 38
38 39
39 40
40 41
41 42
42 43
43 44
44 45
45 46
46 47
47 48
48 49
49 50
50 51
51 52
52 53
53 54
54 55
55 56
56 57
57 58
58 59
59 0
31 57
24 32
3 6
15 18
13 30
35 48
13 41
12 46
14 22
10 54
13 35
35 41
35 46
34 55
11 47
34 56
12 42
13 19
26 32
12 47
7 57
13 34
4 7
30 58
0 11
43 45
12 30
5 7
2 9
13 21
32 56
39 42
11 49
34 54
49 51
7 56
35 43
2 6
23 34
47 49
21 26
12 41
0 12
24 33
16 18
21 27
7 54
23 26
29 31
14 17
23 25
0 6
54 56
7 59
27 30
36 39
51 53
27 32
25 32
0 9
31 56
30 57
48 50
35 54
13 15
10 52
3 9
35 44
18 20
36 42
37 42
1 6
4 9
21 23
7 9
23 33
36 38
13 27
44 46
49 52
39 41
3 5
7 58
13 18
0 7
35 40
52 54
27 31
0 10
14 18
18 21
7 10
0 30
8 10
35 53
42 46
14 21
10 49
14 16
33 56
22 34
36 43
35 51
36 40
28 31
35 50
35 47
13 22
27 29
1 9
42 45
38 42
19 21
0 58
0 1
1 2
2 3
3 4
4 5
5 6
6 7
7 8
8 9
9 10
10 11
11 12
12 13
13 14
14 15
15 16
16 17
17 18
18 19
19 20
20 21
21 22
22 23
23 24
24 25
25 26
26 27
27 28
28 29
29 30
30 31
31 32
32 33
33 34
34 35
35 36
36 37
37 38
38 39
39 40
40 41
41 42
42 43
43 44
44 45
45 46
46 47
47 48
48 49
49 50
50 51
51 52
52 53
53 54
54 55
55 56
56 57
57 58
58 59
59 0
8 14
19 44
34 47
9 50
16 31
46 53
4 15
41 45
6 14
10 13
20 33
9 12
0 5
9 51
17 29
25 33
52 55
37 40
1 56
10 50
18 55
19 27
4 16
18 27
16 47
1 4
1 5
39 46
13 48
51 56
6 56
0 56
4 6
6 58
16 29
21 33
44 53
16 32
40 43
19 26
18 56
25 29
19 37
41 44
45 53
18 44
34 36
36 46
44 55
2 17
38 40
49 53
50 52
17 28
17 27
19 43
29 32
1 3
36 47
1 17
13 49
26 28
13 16
11 13
37 43
40 42
40 45
2 4
9 56
33 35
56 58
37 46
42 44
17 56
47 53
13 47
20 22
38 46
26 29
20 25
33 37
40 46
32 47
30 32
19 33
48 53
57 59
6 59
21 24
33 36
7 14
8 12
50 53
8 56
33 47
12 14
44 54
9 11
20 24
4 14
6 8
52 56
21 25
53 55
29 33
19 25
13 50
16 30
0 57
4 17
22 24
20 23
5 59
