0 1
1 2
2 3
3 4
4 5
5 6
6 7
7 8
8 9
9 10
10 11
11 12
12 13
13 14
14 15
15 16
16 17
17 18
18 19
19 20
20 21
21 22
22 23
23 24
24 25
25 26
26 27
27 28
28 29
29 30
30 31
31 32
32 33
33 34
34 35
35 36
36 37
37 38
38 39
39 40
40 41
41 42
42 43
43 44
44 45
45 46
46 47
47 48
48 49
49 50
50 51
51 52
52 53
53 54
54 55
55 56
56 57
57 58
58 59
59 0
16 59
31 59
8 16
41 58
34 47
12 39
7 16
34 44
24 26
23 37
48 57
25 36
52 57
21 29
49 51
16 38
42 54
32 34
52 54
34 36
1 16
2 11
2 9
23 27
42 50
19 38
9 13
4 9
44 50
25 37
11 40
24 37
26 29
30 33
42 56
12 14
38 44
21 59
39 41
37 44
14 16
4 8
17 20
48 50
12 15
1 59
50 53
20 23
31 58
1 7
11 41
39 44
22 27
30 34
18 38
30 35
3 6
31 48
41 56
30 32
51 57
30 36
2 41
2 58
20 38
10 13
16 39
50 54
16 18
41 43
50 52
30 59
6 8
9 16
49 57
43 50
18 20
16 20
27 29
0 2
31 47
16 21
2 7
11 39
5 8
32 47
31 57
20 22
3 5
9 11
45 47
52 55
25 30
29 59
34 45
26 30
11 13
41 57
0 58
3 7
36 44
44 48
21 28
34 46
39 43
12 16
44 47
13 16
2 4
24 27
22 28
20 37
55 57
54 56
0 1
1 2
2 3
3 4
4 5
5 6
6 7
7 8
8 9
9 10
10 11
11 12
12 13
13 14
14 15
15 16
16 17
17 18
18 19
19 20
20 21
21 22
22 23
23 24
24 25
25 26
26 27
27 28
28 29
29 30
30 31
31 32
32 33
33 34
34 35
35 36
36 37
37 38
38 39
39 40
40 41
41 42
42 43
43 44
44 45
45 46
46 47
47 48
48 49
49 50
50 51
51 52
52 53
53 54
54 55
55 56
56 57
57 58
58 59
59 0
22 35
0 18
21 57
0 27
0 53
43 57
28 47
38 47
19 23
23 32
49 54
13 58
38 42
43 47
2 59
33 35
0 11
36 57
15 21
46 56
46 54
27 31
28 34
45 57
24 31
54 59
0 14
15 58
15 20
5 58
14 18
21 36
39 47
27 48
18 27
46 48
8 11
4 10
0 10
8 13
28 30
28 48
6 9
0 4
19 27
22 36
36 42
39 42
28 36
46 49
28 33
31 33
48 52
15 17
27 30
42 57
28 38
19 22
25 31
19 25
3 58
0 3
23 31
3 59
17 19
38 40
0 12
23 25
6 13
19 26
55 58
7 13
27 52
13 15
44 57
28 31
37 42
49 52
14 17
16 19
15 19
32 35
56 58
29 31
8 10
4 58
0 52
55 59
28 35
28 37
38 41
53 59
5 10
51 53
46 57
21 58
26 31
42 47
23 35
7 9
8 12
5 13
6 10
44 46
0 13
46 55
1 3
51 54
40 42
19 21
43 46
