0 1
1 2
2 3
3 4
4 5
5 6
6 7
7 8
8 9
9 10
10 11
11 12
12 13
13 14
14 15
15 16
16 17
17 18
18 19
19 20
20 21
21 22
22 23
23 24
24 25
25 26
26 27
27 28
28 29
29 30
30 31
31 32
32 33
33 34
34 35
35 36
36 37
37 38
38 39
39 40
40 41
41 42
42 43
43 44
44 45
45 46
46 47
47 48
48 49
49 50
50 51
51 52
52 53
53 54
54 55
55 56
56 57
57 58
58 59
59 0
16 45
21 30
0 34
2 51
10 31
48 50
54 59
9 47
19 23
26 42
24 29
23 44
0 4
2 4
46 50
39 42
46 48
7 34
40 56
15 19
44 53
17 23
34 56
3 6
27 29
2 53
46 51
10 32
23 42
28 42
8 47
16 44
30 35
3 47
7 10
44 55
38 56
47 50
7 47
16 18
3 51
41 44
23 43
37 56
11 20
18 23
1 4
13 16
34 57
31 34
21 29
14 20
3 7
15 18
45 53
40 42
31 33
10 47
2 54
30 34
30 39
42 44
12 46
51 53
0 2
19 21
47 51
11 21
5 7
21 31
16 23
21 23
0 57
24 27
19 22
30 38
25 27
36 56
45 52
27 42
24 26
4 6
11 31
30 37
10 46
13 15
10 33
44 56
44 54
35 37
12 14
4 7
35 56
16 46
29 42
11 46
11 14
21 24
47 49
56 59
4 34
24 42
7 9
2 59
55 59
41 56
15 20
7 33
12 16
45 51
0 58
39 56
57 59
30 42

0 1
1 2
2 3
3 4
4 5
5 6
6 7
7 8
8 9
9 10
10 11
11 12
12 13
13 14
14 15
15 16
16 17
17 18
18 19
19 20
20 21
21 22
22 23
23 24
24 25
25 26
26 27
27 28
28 29
29 30
30 31
31 32
32 33
33 34
34 35
35 36
36 37
37 38
38 39
39 40
40 41
41 42
42 43
43 44
44 45
45 46
46 47
47 48
48 49
49 50
50 51
51 52
52 53
53 54
54 55
55 56
56 57
57 58
58 59
59 0
17 35
29 55
22 56
25 35
14 50
18 58
16 40
40 45
38 51
12 58
14 42
25 55
12 50
8 54
16 38
28 31
43 50
8 56
42 45
16 41
38 55
43 45
56 58
16 39
17 36
1 8
19 25
17 38
25 34
2 57
27 33
30 55
43 49
1 59
10 58
50 53
50 52
34 38
23 55
12 53
23 56
19 24
27 31
53 55
28 55
32 34
38 45
8 59
46 49
14 41
23 25
5 56
3 5
28 30
9 58
25 33
8 10
3 57
26 28
2 7
4 56
38 47
31 55
38 46
12 54
22 58
54 56
18 21
14 43
14 58
15 41
44 49
20 22
18 35
14 18
25 28
34 37
49 51
34 55
1 57
20 23
6 56
9 59
2 6
26 33
38 48
36 38
4 57
21 58
34 36
38 40
8 12
41 45
27 32
7 56
8 11
13 50
19 35
2 5
14 17
38 53
11 58
14 16
38 52
20 24
48 51
18 20
1 58
32 55
13 58
1 7
45 49
0 8
