0 1
1 2
2 3
3 4
4 5
5 6
6 7
7 8
8 9
9 10
10 11
11 12
12 13
13 14
14 15
15 16
16 17
17 18
18 19
19 20
20 21
21 22
22 23
23 24
24 25
25 26
26 27
27 28
28 29
29 30
30 31
31 32
32 33
33 34
34 35
35 36
36 37
37 38
38 39
39 40
40 41
41 42
42 43
43 44
44 45
45 46
46 47
47 48
48 49
49 50
50 51
51 52
52 53
53 54
54 55
55 56
56 57
57 58
58 59
59 0
20 26
23 59
29 33
48 57
35 48
5 23
33 54
18 37
38 40
23 33
5 8
39 59
51 56
18 33
37 39
20 22
5 10
3 9
22 26
33 57
48 50
13 59
13 16
39 43
38 44
18 27
28 32
5 15
27 32
23 57
24 28
5 20
24 27
10 12
9 12
47 58
33 37
0 3
34 52
3 5
3 59
44 59
6 8
0 5
23 26
23 28
45 58
5 59
54 56
50 57
42 44
45 59
34 54
52 54
18 26
2 4
3 8
33 56
35 51
52 56
1 4
16 37
34 51
5 21
36 44
11 14
23 25
30 33
13 37
11 13
38 42
37 59
17 19
6 10
35 47
39 44
23 29
52 55
3 12
48 58
1 3
39 41
10 14
24 26
34 36
14 16
35 45
33 36
35 49
8 10
5 14
12 59
5 16
16 19
0 4
18 20
28 30
38 41
36 45
46 58
28 31
5 7
27 33
37 44
41 43
50 56
16 18
23 58
5 22
49 51
34 53
5 19
35 46
31 33
0 1
1 2
2 3
3 4
4 5
5 6
6 7
7 8
8 9
9 10
10 11
11 12
12 13
13 14
14 15
15 16
16 17
17 18
18 19
19 20
20 21
21 22
22 23
23 24
24 25
25 26
26 27
27 28
28 29
29 30
30 31
31 32
32 33
33 34
34 35
35 36
36 37
37 38
38 39
39 40
40 41
41 42
42 43
43 44
44 45
45 46
46 47
47 48
48 49
49 50
50 51
51 52
52 53
53 54
54 55
55 56
56 57
57 58
58 59
59 0
31 46
21 56
12 54
6 55
43 48
9 57
22 48
20 24
10 15
14 24
40 53
17 57
2 58
43 49
12 15
26 48
8 55
14 32
51 53
6 56
26 32
25 32
1 8
26 47
43 51
31 47
32 34
32 40
31 40
0 57
11 15
29 47
40 42
35 37
12 33
9 11
4 56
27 31
21 23
48 52
48 56
14 25
44 46
43 47
9 55
31 42
17 56
32 39
2 6
27 29
32 37
20 23
17 24
15 24
48 51
26 31
4 57
11 55
13 15
35 39
53 56
26 28
16 57
31 45
34 37
42 53
16 24
24 48
12 39
7 55
32 38
31 41
10 57
31 43
0 2
33 35
31 44
5 56
19 56
10 16
18 24
12 32
18 56
2 5
33 39
3 57
2 59
11 54
19 21
2 7
36 38
43 46
23 48
1 57
21 48
39 54
39 53
43 53
1 7
13 32
29 31
35 38
53 55
8 57
30 47
48 53
3 58
28 47
57 59
25 48
19 24
43 50
