0 1
1 2
2 3
3 4
4 5
5 6
6 7
7 8
8 9
9 10
10 11
11 12
12 13
13 14
14 15
15 16
16 17
17 18
18 19
19 20
20 21
21 22
22 23
23 24
24 25
25 26
26 27
27 28
28 29
29 30
30 31
31 32
32 33
33 34
34 35
35 36
36 37
37 38
38 39
39 40
40 41
41 42
42 43
43 44
44 45
45 46
46 47
47 48
48 49
49 50
50 51
51 52
52 53
53 54
54 55
55 56
56 57
57 58
58 59
59 0
37 59
20 53
4 58
47 52
7 17
39 55
6 24
16 22
36 43
28 33
17 58
13 24
33 45
1 27
45 51
38 42
35 37
26 51
28 32
26 45
23 53
8 24
29 34
15 17
13 17
22 24
25 51
39 42
13 16
20 56
34 59
1 4
37 39
6 26
1 58
10 17
24 53
35 45
42 54
9 13
46 53
43 45
1 28
39 57
34 37
11 17
8 10
4 26
44 46
2 4
5 17
39 56
56 58
9 24
31 34
36 42
48 52
36 38
35 43
47 53
19 21
0 28
13 15
3 27
13 22
16 18
28 59
18 58
4 6
46 49
4 27
20 22
19 56
18 21
49 51
28 34
37 57
7 24
19 58
43 46
0 58
28 30
33 35
49 52
39 41
25 53
46 54
10 12
5 58
27 45
29 31
11 13
31 33
10 13
22 53
16 21
51 53
28 31
42 46
27 33
2 27
40 42
6 25
20 54
54 56
6 17
41 55
14 16
37 58
8 17
45 49
50 52
47 49
42 55

0 1
1 2
2 3
3 4
4 5
5 6
6 7
7 8
8 9
9 10
10 11
11 12
12 13
13 14
14 15
15 16
16 17
17 18
18 19
19 20
20 21
21 22
22 23
23 24
24 25
25 26
26 27
27 28
28 29
29 30
30 31
31 32
32 33
33 34
34 35
35 36
36 37
37 38
38 39
39 40
40 41
41 42
42 43
43 44
44 45
45 46
46 47
47 48
48 49
49 50
50 51
51 52
52 53
53 54
54 55
55 56
56 57
57 58
58 59
59 0
18 38
11 58
1 18
22 31
20 36
17 44
26 53
49 56
0 25
30 36
27 38
8 16
14 57
44 48
21 35
44 49
25 55
5 59
40 44
2 7
19 24
39 45
46 50
8 11
18 20
29 38
24 31
30 33
50 54
3 59
45 48
0 24
17 41
21 33
21 32
21 34
18 36
17 40
50 56
50 55
11 15
20 23
6 11
25 30
26 46
40 45
29 37
55 57
8 15
57 59
27 46
46 51
16 56
20 35
17 39
55 59
12 57
30 37
11 57
1 8
2 8
3 5
26 28
12 15
1 17
17 49
3 7
48 50
41 43
26 29
3 6
15 57
6 10
0 3
27 29
17 43
34 36
18 24
1 3
26 52
38 46
30 34
7 9
26 30
50 53
30 32
9 11
19 23
1 16
42 44
22 32
45 47
16 57
12 14
6 59
26 55
46 48
0 18
11 59
4 59
17 38
25 59
23 31
46 52
21 23
13 57
39 46
26 54
6 9
25 31
41 44
16 49
18 37
