0 1
1 2
2 3
3 4
4 5
5 6
6 7
7 8
8 9
9 10
10 11
11 12
12 13
13 14
14 15
15 16
16 17
17 18
18 19
19 20
20 21
21 22
22 23
23 24
24 25
25 26
26 27
27 28
28 29
29 30
30 31
31 32
32 33
33 34
34 35
35 36
36 37
37 38
38 39
39 40
40 41
41 42
42 43
43 44
44 45
45 46
46 47
47 48
48 49
49 50
50 51
51 52
52 53
53 54
54 55
55 56
56 57
57 58
58 59
59 0
23 56
28 58
31 57
28 54
33 38
0 3
3 59
41 57
23 25
41 54
26 56
25 28
9 19
36 38
33 39
30 57
28 51
7 23
28 30
0 28
0 2
39 41
8 56
9 15
49 51
27 56
54 57
29 42
5 58
14 19
8 14
33 57
6 23
29 36
6 8
6 24
3 58
9 21
41 50
8 20
31 35
41 44
29 51
14 17
21 56
19 21
9 17
14 16
42 48
8 21
50 52
37 39
11 13
0 4
5 24
44 49
40 57
43 45
0 24
29 49
39 42
34 38
1 4
32 34
9 13
7 9
32 57
14 18
43 47
29 31
37 42
10 12
32 35
34 36
6 56
28 53
25 27
45 49
29 48
9 16
41 53
7 22
28 56
31 36
0 58
23 26
46 49
41 52
10 13
13 15
28 55
29 37
8 13
5 57
21 23
4 58
17 19
9 22
39 57
9 12
10 15
4 24
45 47
28 57
2 4
41 49
24 28
14 20
43 48
6 57
54 56
41 43
28 52
47 49

0 1
1 2
2 3
3 4
4 5
5 6
6 7
7 8
8 9
9 10
10 11
11 12
12 13
13 14
14 15
15 16
16 17
17 18
18 19
19 20
20 21
21 22
22 23
23 24
24 25
25 26
26 27
27 28
28 29
29 30
30 31
31 32
32 33
33 34
34 35
35 36
36 37
37 38
38 39
39 40
40 41
41 42
42 43
43 44
44 45
45 46
46 47
47 48
48 49
49 50
50 51
51 52
52 53
53 54
54 55
55 56
56 57
57 58
58 59
59 0
20 57
18 29
33 58
48 54
37 45
12 15
29 41
6 58
13 57
28 46
47 56
30 32
0 9
23 54
36 56
30 41
30 39
15 30
29 45
11 33
47 51
18 57
46 53
24 27
6 12
23 28
33 59
0 33
23 53
16 30
24 46
37 56
46 52
18 22
17 30
49 54
25 46
27 46
18 23
7 10
6 59
15 32
47 54
0 10
18 20
37 46
32 37
10 33
38 42
5 7
35 56
0 6
19 22
32 36
34 56
20 22
0 8
32 39
1 7
23 55
42 44
41 45
48 50
51 54
20 55
26 46
16 18
6 10
11 15
37 44
40 42
14 57
3 5
38 40
1 3
15 57
6 13
46 56
3 7
47 50
13 58
1 8
51 53
18 28
56 58
0 5
2 7
21 55
20 56
6 11
17 29
33 56
15 33
47 55
8 10
23 27
24 26
31 39
33 36
38 43
22 55
30 40
47 52
42 45
38 44
32 38
15 18
23 46
28 45
33 35
4 7
50 54
1 5
12 14
