0 1
1 2
2 3
3 4
4 5
5 6
6 7
7 8
8 9
9 10
10 11
11 12
12 13
13 14
14 15
15 16
16 17
17 18
18 19
19 20
20 21
21 22
22 23
23 24
24 25
25 26
26 27
27 28
28 29
29 30
30 31
31 32
32 33
33 34
34 35
35 36
36 37
37 38
38 39
39 40
40 41
41 42
42 43
43 44
44 45
45 46
46 47
47 48
48 49
49 50
50 51
51 52
52 53
53 54
54 55
55 56
56 57
57 58
58 59
59 0
30 56
9 29
27 53
33 46
41 49
3 8
5 11
19 28
17 22
1 15
17 29
20 24
33 56
35 43
30 49
8 59
38 55
34 43
17 58
16 58
34 37
9 16
5 15
1 3
39 53
8 30
35 41
16 29
33 43
21 23
8 57
41 46
0 15
30 46
41 45
33 37
10 13
22 27
39 49
11 15
42 45
27 49
38 41
53 56
39 50
1 4
13 16
57 59
3 7
6 9
22 25
37 56
4 7
30 48
16 59
38 54
15 59
25 28
39 51
54 56
20 25
8 29
44 46
26 28
41 43
38 40
27 56
43 46
41 48
43 45
17 57
18 28
30 33
11 13
18 21
1 5
17 28
39 52
8 56
12 14
22 56
18 20
35 37
6 8
29 49
39 54
6 11
0 3
22 24
50 53
5 7
38 56
34 36
40 49
10 16
25 27
27 50
18 22
50 52
14 16
35 38
31 46
12 15
31 33
2 4
0 8
41 47
20 23
28 49
9 11
19 25
32 46
17 56
46 48

0 1
1 2
2 3
3 4
4 5
5 6
6 7
7 8
8 9
9 10
10 11
11 12
12 13
13 14
14 15
15 16
16 17
17 18
18 19
19 20
20 21
21 22
22 23
23 24
24 25
25 26
26 27
27 28
28 29
29 30
30 31
31 32
32 33
33 34
34 35
35 36
36 37
37 38
38 39
39 40
40 41
41 42
42 43
43 44
44 45
45 46
46 47
47 48
48 49
49 50
50 51
51 52
52 53
53 54
54 55
55 56
56 57
57 58
58 59
59 0
37 58
31 36
4 27
5 17
1 18
23 54
15 25
32 35
23 38
16 19
28 32
45 51
25 38
0 4
2 5
51 53
23 48
6 10
23 44
48 53
32 58
41 51
27 38
18 58
38 42
13 26
20 22
12 16
39 56
18 55
23 46
38 58
28 31
36 38
18 54
27 36
23 45
19 22
48 50
7 26
35 58
16 20
8 10
31 34
11 26
29 31
51 54
42 44
55 58
19 21
52 54
13 15
56 58
15 24
41 56
23 47
29 32
11 17
39 42
6 27
13 25
41 54
2 18
16 22
6 17
38 43
47 50
47 51
0 18
0 32
4 6
30 32
48 54
27 31
15 23
7 9
10 17
46 51
18 59
10 26
42 51
12 17
41 55
44 51
49 51
5 18
39 41
16 23
12 26
24 38
32 59
18 23
6 26
49 53
3 5
39 58
7 10
32 34
27 32
9 26
40 42
14 25
0 27
23 43
55 57
31 35
26 38
17 19
36 58
0 2
33 35
19 23
