0 1
1 2
2 3
3 4
4 5
5 6
6 7
7 8
8 9
9 10
10 11
11 12
12 13
13 14
14 15
15 16
16 17
17 18
18 19
19 20
20 21
21 22
22 23
23 24
24 25
25 26
26 27
27 28
28 29
29 30
30 31
31 32
32 33
33 34
34 35
35 36
36 37
37 38
38 39
39 40
40 41
41 42
42 43
43 44
44 45
45 46
46 47
47 48
48 49
49 50
50 51
51 52
52 53
53 54
54 55
55 56
56 57
57 58
58 59
59 0
5 18
12 16
37 42
0 27
10 57
12 23
20 24
35 52
27 31
0 29
29 52
8 57
31 39
24 41
0 20
47 54
44 54
18 22
47 50
3 20
10 23
0 4
31 52
35 44
33 36
54 59
0 7
16 22
8 14
10 14
4 6
31 35
10 42
33 38
47 53
56 59
57 59
26 41
10 13
20 22
35 47
10 24
0 26
45 54
11 13
36 42
50 52
35 46
8 16
49 53
26 31
36 43
7 59
31 33
0 2
29 59
5 8
26 39
36 44
1 3
35 50
29 53
10 56
5 20
9 57
32 34
37 39
12 22
0 24
4 20
30 52
35 45
39 41
45 47
56 58
22 24
8 59
28 30
49 51
10 54
25 41
40 42
28 31
39 42
49 52
5 17
10 43
8 17
0 3
18 20
48 50
31 38
10 12
17 22
32 35
48 53
8 15
6 8
55 59
19 21
12 15
34 36
43 54
13 15
33 37
8 10
1 4
18 21
10 55
27 29
10 41
0 25
29 54
0 6
0 1
1 2
2 3
3 4
4 5
5 6
6 7
7 8
8 9
9 10
10 11
11 12
12 13
13 14
14 15
15 16
16 17
17 18
18 19
19 20
20 21
21 22
22 23
23 24
24 25
25 26
26 27
27 28
28 29
29 30
30 31
31 32
32 33
33 34
34 35
35 36
36 37
37 38
38 39
39 40
40 41
41 42
42 43
43 44
44 45
45 46
46 47
47 48
48 49
49 50
50 51
51 52
52 53
53 54
54 55
55 56
56 57
57 58
58 59
59 0
44 48
2 14
15 34
36 41
35 40
29 35
20 53
26 34
20 41
23 34
45 55
0 40
20 58
44 58
7 19
9 15
3 13
45 49
20 42
42 58
6 11
15 22
46 49
26 33
44 53
50 55
51 55
48 51
1 34
47 49
3 12
37 40
0 34
28 32
5 7
20 25
7 17
43 58
45 50
17 20
27 33
4 12
44 57
20 44
28 33
15 21
54 57
3 7
51 54
11 15
48 52
30 34
29 41
54 58
3 59
16 21
15 17
23 25
1 15
12 14
2 59
55 57
36 39
30 35
45 56
22 25
40 59
30 32
44 52
6 9
37 41
35 41
20 27
25 27
21 25
42 59
16 20
30 33
38 40
1 14
34 40
3 14
15 23
6 10
45 57
23 26
3 58
17 19
28 41
3 19
20 28
7 9
41 59
20 54
10 15
4 7
51 53
36 40
4 11
29 32
46 48
20 43
7 18
24 26
36 38
1 59
11 14
9 17
29 31
45 48
19 58
5 11
