0 1
1 2
2 3
3 4
4 5
5 6
6 7
7 8
8 9
9 10
10 11
11 12
12 13
13 14
14 15
15 16
16 17
17 18
18 19
19 20
20 21
21 22
22 23
23 24
24 25
25 26
26 27
27 28
28 29
29 30
30 31
31 32
32 33
33 34
34 35
35 36
36 37
37 38
38 39
39 40
40 41
41 42
42 43
43 44
44 45
45 46
46 47
47 48
48 49
49 50
50 51
51 52
52 53
53 54
54 55
55 56
56 57
57 58
58 59
59 0
17 47
41 59
40 44
14 26
41 49
34 59
14 48
5 55
11 54
35 40
53 57
30 40
3 26
49 53
4 12
21 44
6 11
9 55
22 24
36 38
2 57
18 20
47 49
19 46
26 33
13 52
18 26
33 37
22 29
3 5
21 26
23 29
0 33
14 52
17 46
20 44
33 38
33 39
24 29
29 31
14 17
15 48
49 58
12 52
36 40
42 49
32 40
36 39
11 53
6 9
5 11
2 59
41 58
2 55
30 44
9 11
0 2
6 55
43 47
0 26
49 57
41 44
43 49
29 33
54 56
21 25
20 46
44 47
12 53
33 59
27 29
22 25
4 13
33 36
4 14
3 14
45 47
18 21
11 55
24 26
1 26
40 59
48 52
24 27
8 55
2 26
21 29
24 28
20 45
15 47
33 40
26 29
31 33
17 26
30 32
7 9
33 35
16 47
3 55
54 57
17 19
15 17
50 52
55 57
5 12
49 51
29 44
50 53
49 52
10 55
57 59
6 8
41 43
34 40

0 1
1 2
2 3
3 4
4 5
5 6
6 7
7 8
8 9
9 10
10 11
11 12
12 13
13 14
14 15
15 16
16 17
17 18
18 19
19 20
20 21
21 22
22 23
23 24
24 25
25 26
26 27
27 28
28 29
29 30
30 31
31 32
32 33
33 34
34 35
35 36
36 37
37 38
38 39
39 40
40 41
41 42
42 43
43 44
44 45
45 46
46 47
47 48
48 49
49 50
50 51
51 52
52 53
53 54
54 55
55 56
56 57
57 58
58 59
59 0
27 45
4 22
16 56
3 13
1 29
15 56
25 53
34 38
25 51
0 13
38 45
9 12
42 56
12 19
41 56
12 14
8 19
29 57
30 34
27 47
3 7
3 10
42 45
3 23
4 8
31 57
40 57
56 59
49 55
16 18
34 57
39 45
16 19
29 59
30 38
3 29
34 37
27 30
42 55
33 57
27 38
3 27
32 34
17 24
53 55
31 34
17 56
40 56
23 27
36 57
44 55
0 14
39 41
3 6
8 21
3 12
41 45
23 25
25 54
45 48
35 37
44 48
24 54
14 19
14 16
3 11
26 50
0 15
0 3
50 55
20 22
46 48
8 10
7 10
8 12
25 50
17 54
27 49
0 29
56 58
25 52
29 58
19 23
3 28
38 40
3 22
19 24
26 49
5 8
51 53
10 12
19 21
1 3
5 7
44 49
32 57
17 55
20 23
28 30
34 36
30 57
15 59
4 21
18 24
37 40
23 26
43 45
4 6
51 55
2 29
43 55
27 46
27 48
37 57
