0 1
1 2
2 3
3 4
4 5
5 6
6 7
7 8
8 9
9 10
10 11
11 12
12 13
13 14
14 15
15 16
16 17
17 18
18 19
19 20
20 21
21 22
22 23
23 24
24 25
25 26
26 27
27 28
28 29
29 30
30 31
31 32
32 33
33 34
34 35
35 36
36 37
37 38
38 39
39 40
40 41
41 42
42 43
43 44
44 45
45 46
46 47
47 48
48 49
49 50
50 51
51 52
52 53
53 54
54 55
55 56
56 57
57 58
58 59
59 0
39 45
25 48
52 59
13 49
29 46
10 30
15 48
6 45
12 28
20 48
39 41
7 42
3 6
8 37
45 51
14 28
35 45
29 32
45 59
7 51
33 36
1 59
48 51
45 58
18 28
14 18
6 51
40 43
10 33
52 54
35 38
22 24
3 52
29 47
29 35
22 26
0 3
28 30
41 43
7 37
45 47
26 29
0 5
18 48
0 6
9 36
45 53
26 48
6 43
12 50
10 31
16 48
17 48
53 58
56 59
35 39
27 29
30 32
57 59
55 59
55 58
37 39
12 49
54 59
35 37
51 53
2 52
14 17
24 48
7 39
49 51
15 17
19 22
0 2
18 26
56 58
40 44
3 5
24 26
18 20
0 4
29 33
10 12
9 33
54 58
18 22
7 12
33 35
14 48
7 10
20 23
3 51
7 9
11 30
29 48
0 45
13 28
7 43
31 33
35 46
2 59
9 37
11 28
29 34
40 45
23 48
21 23
7 50
6 44
39 42
45 48
20 22
13 48
26 28
0 1
1 2
2 3
3 4
4 5
5 6
6 7
7 8
8 9
9 10
10 11
11 12
12 13
13 14
14 15
15 16
16 17
17 18
18 19
19 20
20 21
21 22
22 23
23 24
24 25
25 26
26 27
27 28
28 29
29 30
30 31
31 32
32 33
33 34
34 35
35 36
36 37
37 38
38 39
39 40
40 41
41 42
42 43
43 44
44 45
45 46
46 47
47 48
48 49
49 50
50 51
51 52
52 53
53 54
54 55
55 56
56 57
57 58
58 59
59 0
3 37
0 30
30 58
15 19
1 13
38 54
37 46
9 30
33 54
0 56
3 33
3 9
34 52
18 27
51 54
4 31
25 28
45 50
19 23
14 21
1 38
14 29
5 8
0 13
18 23
24 29
42 50
18 25
14 19
34 49
10 16
41 51
11 13
10 17
9 18
30 54
38 45
34 47
3 11
3 34
9 29
2 38
33 53
11 15
6 31
41 54
14 23
8 30
18 29
7 30
54 56
35 47
39 44
19 21
41 50
4 32
12 14
7 31
1 55
0 55
38 55
5 31
37 45
39 43
16 18
5 7
34 36
12 15
3 13
36 46
48 50
0 29
30 33
3 10
46 48
0 58
16 19
18 24
50 52
30 56
36 47
14 22
3 36
30 57
4 8
30 59
3 8
23 29
34 53
38 44
38 41
25 29
10 18
25 27
34 48
13 29
2 13
14 20
46 50
2 37
42 44
34 50
40 42
38 40
11 16
0 57
3 32
44 50
