0 1
1 2
2 3
3 4
4 5
5 6
6 7
7 8
8 9
9 10
10 11
11 12
12 13
13 14
14 15
15 16
16 17
17 18
18 19
19 20
20 21
21 22
22 23
23 24
24 25
25 26
26 27
27 28
28 29
29 30
30 31
31 32
32 33
33 34
34 35
35 36
36 37
37 38
38 39
39 40
40 41
41 42
42 43
43 44
44 45
45 46
46 47
47 48
48 49
49 50
50 51
51 52
52 53
53 54
54 55
55 56
56 57
57 58
58 59
59 0
45 53
25 45
5 51
10 28
36 48
8 11
22 59
21 27
42 47
42 46
11 22
5 52
35 50
6 31
56 59
30 41
16 20
4 22
28 41
9 28
2 54
36 49
12 21
46 53
6 8
1 54
4 7
4 8
45 56
36 50
5 7
6 51
44 46
11 20
35 38
45 57
22 58
21 26
11 16
13 20
32 39
11 21
31 33
48 51
11 13
26 45
28 31
16 19
6 9
2 59
1 59
3 5
9 11
6 34
18 20
28 44
35 37
42 48
32 35
1 55
40 48
28 43
24 26
30 32
51 53
39 48
35 39
6 35
21 24
29 41
13 19
31 34
10 20
22 25
30 39
35 51
0 2
36 38
41 48
2 52
21 23
32 34
28 30
45 55
12 20
45 54
20 27
49 51
46 48
14 19
42 44
13 15
3 59
41 43
30 40
1 56
48 53
10 27
13 16
15 19
25 57
2 5
28 45
22 57
56 58
36 39
17 20
3 22
23 25
6 28
8 22
26 28
16 18
2 53
0 1
1 2
2 3
3 4
4 5
5 6
6 7
7 8
8 9
9 10
10 11
11 12
12 13
13 14
14 15
15 16
16 17
17 18
18 19
19 20
20 21
21 22
22 23
23 24
24 25
25 26
26 27
27 28
28 29
29 30
30 31
31 32
32 33
33 34
34 35
35 36
36 37
37 38
38 39
39 40
40 41
41 42
42 43
43 44
44 45
45 46
46 47
47 48
48 49
49 50
50 51
51 52
52 53
53 54
54 55
55 56
56 57
57 58
58 59
59 0
3 12
42 50
3 14
23 55
52 58
8 40
41 55
12 34
19 21
17 25
45 51
3 6
41 51
55 59
7 40
7 45
4 59
31 39
14 26
14 31
8 37
53 58
1 15
4 45
19 55
15 25
40 44
40 55
7 12
42 45
41 54
21 55
31 37
17 23
11 35
47 50
14 30
41 44
0 3
33 35
53 57
1 19
17 21
26 55
41 52
27 55
10 35
0 19
28 55
8 10
1 3
7 44
19 59
8 39
42 51
28 40
14 27
51 58
47 49
2 14
46 49
14 29
55 57
15 17
9 37
51 59
10 36
32 36
12 33
14 32
8 38
6 45
1 14
3 13
17 19
29 40
15 18
31 38
4 6
45 49
13 32
45 50
33 36
45 59
46 51
3 7
41 53
17 22
47 51
14 25
12 32
32 37
27 29
48 50
10 12
31 40
17 24
1 18
29 31
0 4
55 58
9 36
8 12
53 56
5 45
22 55
23 26
53 55
20 55
43 45
16 25
12 35
