0 1
1 2
2 3
3 4
4 5
5 6
6 7
7 8
8 9
9 10
10 11
11 12
12 13
13 14
14 15
15 16
16 17
17 18
18 19
19 20
20 21
21 22
22 23
23 24
24 25
25 26
26 27
27 28
28 29
29 30
30 31
31 32
32 33
33 34
34 35
35 36
36 37
37 38
38 39
39 40
40 41
41 42
42 43
43 44
44 45
45 46
46 47
47 48
48 49
49 50
50 51
51 52
52 53
53 54
54 55
55 56
56 57
57 58
58 59
59 0
15 17
29 39
40 56
3 42
4 8
29 41
15 57
25 57
17 29
39 57
18 20
3 6
26 30
51 59
26 38
29 42
52 59
35 37
13 57
23 25
25 29
14 57
2 43
17 20
48 56
1 3
30 36
0 51
49 52
20 57
48 50
45 51
4 57
18 25
38 57
43 56
33 39
18 22
35 38
33 36
0 44
3 14
3 10
9 57
53 56
21 23
45 50
57 59
2 42
22 25
54 59
34 39
44 47
0 2
16 29
15 29
3 11
39 56
9 11
41 43
49 51
17 57
1 58
55 57
11 14
0 43
3 29
25 38
17 19
30 37
52 56
6 10
34 38
8 57
43 47
41 56
33 35
30 33
32 39
8 10
25 27
26 37
1 57
53 55
7 10
29 31
3 57
22 24
20 23
12 57
1 59
45 48
0 45
31 33
29 40
4 6
45 47
20 25
54 57
20 22
52 54
11 13
27 30
9 12
4 7
48 52
46 48
3 5
18 29
25 28
47 56
14 29
31 39
27 29

0 1
1 2
2 3
3 4
4 5
5 6
6 7
7 8
8 9
9 10
10 11
11 12
12 13
13 14
14 15
15 16
16 17
17 18
18 19
19 20
20 21
21 22
22 23
23 24
24 25
25 26
26 27
27 28
28 29
29 30
30 31
31 32
32 33
33 34
34 35
35 36
36 37
37 38
38 39
39 40
40 41
41 42
42 43
43 44
44 45
45 46
46 47
47 48
48 49
49 50
50 51
51 52
52 53
53 54
54 55
55 56
56 57
57 58
58 59
59 0
34 42
21 47
36 40
4 51
47 55
4 44
2 9
4 42
6 13
40 42
18 57
26 33
18 34
33 46
6 39
50 52
6 17
19 29
0 13
0 54
0 56
54 56
20 27
5 9
4 49
34 36
1 9
7 11
19 30
16 58
34 44
19 56
2 5
18 39
33 45
48 53
23 26
2 53
1 10
10 12
1 53
36 42
10 13
20 56
2 52
34 43
13 58
21 26
20 28
48 55
18 58
6 14
6 16
19 32
1 54
21 33
5 39
18 32
32 34
22 26
22 27
2 51
20 47
6 15
49 53
6 9
21 24
28 31
19 57
50 53
28 33
48 54
3 51
20 55
13 15
7 12
47 49
30 32
15 58
4 47
0 10
18 36
34 45
37 40
42 44
13 59
5 40
18 35
56 58
36 39
4 50
5 42
36 38
28 30
8 11
33 47
4 46
6 12
7 9
38 40
20 29
21 25
56 59
24 26
27 33
16 18
5 41
44 46
6 18
28 32
21 27
2 4
