0 1
1 2
2 3
3 4
4 5
5 6
6 7
7 8
8 9
9 10
10 11
11 12
12 13
13 14
14 15
15 16
16 17
17 18
18 19
19 20
20 21
21 22
22 23
23 24
24 25
25 26
26 27
27 28
28 29
29 30
30 31
31 32
32 33
33 34
34 35
35 36
36 37
37 38
38 39
39 40
40 41
41 42
42 43
43 44
44 45
45 46
46 47
47 48
48 49
49 50
50 51
51 52
52 53
53 54
54 55
55 56
56 57
57 58
58 59
59 0
21 57
23 41
13 30
46 50
4 48
4 9
35 45
35 44
22 42
9 35
29 34
5 7
12 20
5 58
56 58
8 12
14 21
23 26
41 44
3 55
22 54
3 51
11 32
4 6
45 53
9 45
50 53
21 23
4 59
36 38
9 48
23 27
22 55
12 21
9 47
41 43
55 57
52 55
25 36
2 58
23 28
36 41
21 29
35 39
12 31
10 12
48 50
28 36
25 27
15 17
29 35
22 53
4 49
11 31
4 58
17 19
15 18
15 20
5 12
9 12
15 19
22 45
21 28
22 43
12 18
14 29
15 21
9 33
35 37
24 41
2 56
7 9
3 56
49 51
35 40
2 4
46 48
4 7
12 19
23 25
3 52
11 33
12 57
16 18
25 41
29 36
38 40
0 4
50 52
9 34
46 53
1 58
27 36
1 59
36 40
30 32
30 34
13 29
9 46
22 41
13 31
12 15
12 58
12 14
22 57
9 11
37 39
32 34
22 44
53 55
0 2
40 44
3 49
7 12

0 1
1 2
2 3
3 4
4 5
5 6
6 7
7 8
8 9
9 10
10 11
11 12
12 13
13 14
14 15
15 16
16 17
17 18
18 19
19 20
20 21
21 22
22 23
23 24
24 25
25 26
26 27
27 28
28 29
29 30
30 31
31 32
32 33
33 34
34 35
35 36
36 37
37 38
38 39
39 40
40 41
41 42
42 43
43 44
44 45
45 46
46 47
47 48
48 49
49 50
50 51
51 52
52 53
53 54
54 55
55 56
56 57
57 58
58 59
59 0
41 59
31 57
27 37
49 53
46 52
10 58
19 57
2 39
28 35
13 19
32 57
44 47
6 12
36 49
43 47
19 58
45 52
15 38
39 42
45 58
15 37
45 56
39 41
39 49
22 27
46 51
21 30
35 49
49 54
16 20
20 25
17 20
20 27
34 56
43 45
21 31
5 59
6 15
29 31
34 57
20 23
8 11
1 39
3 6
0 39
20 26
36 39
21 27
35 54
9 58
2 5
0 5
28 37
10 13
34 55
14 17
45 54
20 37
41 45
33 35
35 55
13 15
19 21
3 15
39 43
8 10
48 51
8 58
45 57
39 48
33 57
52 54
44 46
0 40
20 22
7 58
6 8
20 24
32 35
28 31
41 58
6 59
22 24
22 25
54 56
19 31
18 20
14 16
27 29
42 45
27 30
14 19
10 19
7 59
16 37
51 53
3 39
6 11
43 48
3 38
47 51
0 41
3 5
28 32
1 5
11 13
14 18
6 13
22 26
