0 1
1 2
2 3
3 4
4 5
5 6
6 7
7 8
8 9
9 10
10 11
11 12
12 13
13 14
14 15
15 16
16 17
17 18
18 19
19 20
20 21
21 22
22 23
23 24
24 25
25 26
26 27
27 28
28 29
29 30
30 31
31 32
32 33
33 34
34 35
35 36
36 37
37 38
38 39
39 40
40 41
41 42
42 43
43 44
44 45
45 46
46 47
47 48
48 49
49 50
50 51
51 52
52 53
53 54
54 55
55 56
56 57
57 58
58 59
59 0
13 25
41 55
9 31
9 22
0 55
25 53
9 37
29 32
23 31
25 55
4 41
39 52
6 25
40 48
28 36
18 20
45 51
3 5
8 11
45 53
9 20
0 5
2 41
5 8
25 36
45 50
15 22
13 16
5 9
29 31
11 20
25 57
13 23
8 12
25 27
16 22
23 26
29 33
9 39
1 41
16 19
11 13
13 22
39 50
39 41
8 25
40 44
55 58
40 49
39 49
29 36
14 16
37 53
53 55
27 30
27 29
11 16
44 53
3 41
23 25
31 36
41 53
40 42
9 36
26 31
25 59
1 3
26 30
5 25
19 22
45 48
25 37
46 48
44 48
44 47
5 39
38 52
25 28
25 54
9 11
29 35
33 36
38 53
57 59
0 25
32 36
45 52
6 8
0 3
10 20
41 43
43 53
50 52
8 13
45 47
9 21
14 22
11 17
11 18
56 58
5 7
34 36
16 18
0 58
42 44
55 57
1 55
29 34
48 50
5 41
22 31
20 22
9 38
24 26

0 1
1 2
2 3
3 4
4 5
5 6
6 7
7 8
8 9
9 10
10 11
11 12
12 13
13 14
14 15
15 16
16 17
17 18
18 19
19 20
20 21
21 22
22 23
23 24
24 25
25 26
26 27
27 28
28 29
29 30
30 31
31 32
32 33
33 34
34 35
35 36
36 37
37 38
38 39
39 40
40 41
41 42
42 43
43 44
44 45
45 46
46 47
47 48
48 49
49 50
50 51
51 52
52 53
53 54
54 55
55 56
56 57
57 58
58 59
59 0
3 12
19 35
5 37
2 16
37 59
2 57
40 43
27 59
41 56
4 44
24 31
24 30
6 12
3 49
43 54
43 47
12 15
33 35
51 57
8 35
29 59
0 16
44 49
38 40
35 59
6 9
2 59
37 57
16 35
43 46
21 32
43 50
37 40
42 56
17 25
4 39
10 16
43 45
10 13
3 50
28 59
6 37
9 12
19 24
44 46
3 15
31 35
19 21
23 32
21 24
24 28
39 43
20 34
37 56
8 37
43 51
17 59
53 56
42 55
30 59
17 27
26 28
22 24
8 10
21 33
10 12
54 56
37 39
52 56
39 44
4 49
35 37
16 59
13 15
19 25
3 6
17 35
3 16
21 34
43 49
1 59
17 19
31 33
36 59
43 55
47 49
18 25
10 35
2 50
43 52
4 6
28 30
40 56
22 32
43 48
7 37
2 58
24 32
10 14
19 34
52 54
17 26
51 56
0 2
4 37
50 57
30 35
7 9
10 15
37 58
46 49
