0 1
1 2
2 3
3 4
4 5
5 6
6 7
7 8
8 9
9 10
10 11
11 12
12 13
13 14
14 15
15 16
16 17
17 18
18 19
19 20
20 21
21 22
22 23
23 24
24 25
25 26
26 27
27 28
28 29
29 30
30 31
31 32
32 33
33 34
34 35
35 36
36 37
37 38
38 39
39 40
40 41
41 42
42 43
43 44
44 45
45 46
46 47
47 48
48 49
49 50
50 51
51 52
52 53
53 54
54 55
55 56
56 57
57 58
58 59
59 0
48 53
40 44
27 59
21 53
31 39
0 2
39 55
8 18
9 56
34 53
17 55
1 25
48 51
23 53
24 30
6 9
48 50
34 47
25 27
37 41
35 38
44 50
11 13
34 45
26 59
4 25
10 12
9 17
24 29
6 57
34 37
5 8
27 39
39 52
23 25
30 33
3 5
16 56
5 58
53 55
14 16
40 50
4 23
36 38
45 50
8 21
18 20
21 54
35 39
16 55
17 20
34 41
9 16
33 53
39 59
41 44
9 15
12 16
48 52
8 23
32 34
8 22
10 15
13 15
3 25
45 47
1 3
34 48
32 39
41 45
9 57
6 8
39 53
28 31
2 5
21 23
9 18
23 30
42 45
42 44
32 35
25 59
45 49
17 19
21 55
37 39
15 17
46 48
30 53
1 59
25 28
45 48
6 58
56 59
8 20
55 59
41 43
39 51
39 41
57 59
11 15
20 55
4 8
10 16
31 33
27 31
2 59
5 59
12 14
35 37
40 51
5 7
24 28
29 31
0 1
1 2
2 3
3 4
4 5
5 6
6 7
7 8
8 9
9 10
10 11
11 12
12 13
13 14
14 15
15 16
16 17
17 18
18 19
19 20
20 21
21 22
22 23
23 24
24 25
25 26
26 27
27 28
28 29
29 30
30 31
31 32
32 33
33 34
34 35
35 36
36 37
37 38
38 39
39 40
40 41
41 42
42 43
43 44
44 45
45 46
46 47
47 48
48 49
49 50
50 51
51 52
52 53
53 54
54 55
55 56
56 57
57 58
58 59
59 0
14 51
30 43
14 43
15 55
31 34
19 38
20 34
17 28
53 57
15 51
46 50
9 55
16 39
22 33
40 43
6 53
12 55
20 24
42 49
8 12
22 27
6 55
6 51
47 49
16 51
4 59
20 27
17 29
0 4
44 47
42 48
20 22
3 59
14 44
36 39
39 42
6 14
3 53
6 59
27 29
14 29
21 24
15 29
7 12
39 50
30 39
22 29
3 6
15 53
14 45
20 36
20 25
47 50
18 38
23 26
20 38
10 55
53 58
39 43
30 36
2 4
22 30
9 12
22 34
42 47
20 28
11 55
45 51
15 52
43 47
6 13
22 26
22 24
44 46
53 56
40 42
22 31
3 58
16 38
12 15
14 30
15 54
31 35
20 26
55 58
54 56
0 3
20 37
51 53
22 32
46 51
31 36
7 13
55 57
39 49
24 26
1 4
20 35
4 6
8 55
16 50
16 18
18 28
7 55
9 11
19 28
16 29
