0 1
1 2
2 3
3 4
4 5
5 6
6 7
7 8
8 9
9 10
10 11
11 12
12 13
13 14
14 15
15 16
16 17
17 18
18 19
19 20
20 21
21 22
22 23
23 24
24 25
25 26
26 27
27 28
28 29
29 30
30 31
31 32
32 33
33 34
34 35
35 36
36 37
37 38
38 39
39 40
40 41
41 42
42 43
43 44
44 45
45 46
46 47
47 48
48 49
49 50
50 51
51 52
52 53
53 54
54 55
55 56
56 57
57 58
58 59
59 0
3 54
3 15
38 49
35 48
48 53
9 56
31 49
21 50
7 12
15 48
21 51
9 55
5 9
10 53
29 35
36 41
16 51
28 48
1 59
18 51
35 46
24 50
3 58
7 14
28 49
14 52
21 23
3 6
19 22
35 45
15 22
2 4
0 58
15 27
25 49
41 44
9 53
9 11
42 49
15 51
30 34
1 3
1 4
31 34
50 52
36 45
56 58
33 37
6 9
3 53
42 46
3 59
28 31
36 39
6 8
4 9
33 49
18 22
37 39
11 13
17 22
34 36
33 38
40 42
9 58
25 50
38 42
1 58
18 21
28 35
7 11
36 44
41 43
3 56
1 9
39 42
22 26
47 49
15 17
35 47
29 34
9 54
25 28
6 14
15 28
14 51
13 53
31 33
20 22
12 14
23 50
42 45
23 26
22 27
32 34
46 49
3 5
39 41
34 37
10 13
49 53
7 9
54 56
19 21
50 53
43 45
6 15
15 53
23 25
25 27
28 30
9 57
17 51
14 53

0 1
1 2
2 3
3 4
4 5
5 6
6 7
7 8
8 9
9 10
10 11
11 12
12 13
13 14
14 15
15 16
16 17
17 18
18 19
19 20
20 21
21 22
22 23
23 24
24 25
25 26
26 27
27 28
28 29
29 30
30 31
31 32
32 33
33 34
34 35
35 36
36 37
37 38
38 39
39 40
40 41
41 42
42 43
43 44
44 45
45 46
46 47
47 48
48 49
49 50
50 51
51 52
52 53
53 54
54 55
55 56
56 57
57 58
58 59
59 0
26 33
5 7
11 53
8 43
20 47
25 42
9 27
12 27
1 49
0 3
20 26
6 44
3 47
12 15
10 57
18 27
14 48
31 41
20 43
53 59
51 59
25 34
54 58
25 40
49 59
19 26
53 58
21 24
34 40
10 27
11 49
26 31
7 58
30 42
21 42
54 57
18 47
0 5
31 37
15 47
32 35
14 49
27 29
25 33
27 31
22 25
7 59
27 30
31 38
50 59
53 55
17 47
11 52
8 30
35 38
29 31
5 46
0 7
31 36
18 26
15 18
38 40
11 55
10 56
20 42
5 47
35 40
20 25
3 49
14 47
22 42
9 30
7 57
7 44
35 39
16 18
0 4
51 53
19 47
3 48
7 43
30 43
33 35
16 47
20 44
10 55
21 25
5 45
0 2
22 24
49 52
45 47
4 47
13 49
6 45
13 15
11 27
55 57
36 38
26 32
31 35
7 10
12 49
31 40
49 51
44 47
0 49
31 42
12 18
2 49
25 41
8 10
