0 1
1 2
2 3
3 4
4 5
5 6
6 7
7 8
8 9
9 10
10 11
11 12
12 13
13 14
14 15
15 16
16 17
17 18
18 19
19 20
20 21
21 22
22 23
23 24
24 25
25 26
26 27
27 28
28 29
29 30
30 31
31 32
32 33
33 34
34 35
35 36
36 37
37 38
38 39
39 40
40 41
41 42
42 43
43 44
44 45
45 46
46 47
47 48
48 49
49 50
50 51
51 52
52 53
53 54
54 55
55 56
56 57
57 58
58 59
59 0
11 43
24 59
11 36
1 54
5 50
14 24
2 7
55 57
39 53
9 21
53 55
8 49
7 22
31 53
11 20
3 53
26 59
42 49
38 53
38 41
12 33
12 24
29 56
37 41
18 24
42 51
55 58
5 7
32 35
3 52
25 31
9 49
12 36
57 59
27 59
29 55
2 53
32 34
18 22
4 6
40 53
31 35
29 59
0 22
11 41
46 48
39 41
12 16
35 38
11 48
26 28
42 45
16 18
18 23
13 24
7 50
44 47
10 20
9 11
54 59
13 16
11 44
28 30
14 16
5 51
1 22
45 48
5 52
28 59
18 21
40 51
33 36
25 32
4 52
56 59
3 7
42 48
11 47
40 52
8 22
25 28
25 33
1 59
8 50
31 38
11 49
36 38
31 55
22 59
1 7
23 59
25 30
24 33
12 20
16 24
2 54
33 35
24 26
15 24
41 43
45 47
30 55
12 19
12 18
12 17
8 21
10 21
55 59
4 7
11 37
41 51
42 50
19 21
43 45

0 1
1 2
2 3
3 4
4 5
5 6
6 7
7 8
8 9
9 10
10 11
11 12
12 13
13 14
14 15
15 16
16 17
17 18
18 19
19 20
20 21
21 22
22 23
23 24
24 25
25 26
26 27
27 28
28 29
29 30
30 31
31 32
32 33
33 34
34 35
35 36
36 37
37 38
38 39
39 40
40 41
41 42
42 43
43 44
44 45
45 46
46 47
47 48
48 49
49 50
50 51
51 52
52 53
53 54
54 55
55 56
56 57
57 58
58 59
59 0
3 29
9 23
9 39
34 42
5 18
52 57
43 46
49 55
54 56
46 52
46 57
41 57
41 59
42 46
3 43
50 54
3 18
24 30
22 24
14 22
41 48
0 44
16 21
13 17
49 56
33 42
37 40
41 56
15 22
22 27
29 42
1 43
50 55
9 12
30 34
10 23
44 46
30 33
6 13
3 28
1 6
3 20
54 57
11 22
30 35
35 42
23 39
2 5
2 43
11 23
44 59
47 51
7 40
24 37
48 56
26 29
35 40
35 41
47 52
46 59
0 7
7 12
16 22
8 12
48 50
29 33
13 15
25 29
8 39
38 40
29 31
30 32
11 14
21 27
41 58
3 5
7 41
41 47
3 42
41 46
15 17
7 13
51 54
23 38
20 28
46 58
22 25
20 27
0 41
48 51
52 54
17 19
1 44
16 19
24 29
18 20
5 17
24 38
11 13
53 57
35 37
30 37
16 20
6 17
2 6
27 29
36 40
8 40
25 27
45 59
2 4
10 12
0 6
31 33
