0 1
1 2
2 3
3 4
4 5
5 6
6 7
7 8
8 9
9 10
10 11
11 12
12 13
13 14
14 15
15 16
16 17
17 18
18 19
19 20
20 21
21 22
22 23
23 24
24 25
25 26
26 27
27 28
28 29
29 30
30 31
31 32
32 33
33 34
34 35
35 36
36 37
37 38
38 39
39 40
40 41
41 42
42 43
43 44
44 45
45 46
46 47
47 48
48 49
49 50
50 51
51 52
52 53
53 54
54 55
55 56
56 57
57 58
58 59
59 0
12 54
25 38
16 24
3 30
38 57
36 59
17 46
1 59
23 44
16 53
8 12
10 25
7 56
13 16
2 35
10 24
43 48
9 28
40 56
18 46
28 31
25 31
25 27
4 59
42 53
56 59
8 29
35 38
30 34
17 50
43 52
57 59
25 42
46 49
43 45
4 56
13 53
12 24
4 29
20 22
17 20
40 55
45 48
8 56
45 47
19 45
37 59
26 31
4 30
9 25
22 45
43 51
34 38
43 53
38 40
31 34
17 49
17 19
42 55
6 56
38 56
4 8
12 56
30 35
2 59
12 16
27 31
24 44
32 38
25 39
4 7
9 11
8 11
48 51
5 56
19 21
8 28
15 53
4 6
16 51
25 41
25 43
35 59
51 53
0 3
13 15
36 38
46 48
14 16
17 23
3 59
17 22
18 45
17 24
9 27
2 30
12 53
29 31
39 41
33 38
42 54
25 32
41 55
23 45
38 59
10 12
0 2
12 55
16 50
19 22
24 43
32 34
49 51
56 58
0 1
1 2
2 3
3 4
4 5
5 6
6 7
7 8
8 9
9 10
10 11
11 12
12 13
13 14
14 15
15 16
16 17
17 18
18 19
19 20
20 21
21 22
22 23
23 24
24 25
25 26
26 27
27 28
28 29
29 30
30 31
31 32
32 33
33 34
34 35
35 36
36 37
37 38
38 39
39 40
40 41
41 42
42 43
43 44
44 45
45 46
46 47
47 48
48 49
49 50
50 51
51 52
52 53
53 54
54 55
55 56
56 57
57 58
58 59
59 0
23 27
47 51
8 32
25 36
19 36
19 37
33 58
19 57
23 25
46 56
13 29
43 57
11 59
37 58
37 46
9 59
21 36
17 57
29 36
45 51
22 29
5 8
48 56
2 5
13 19
14 18
42 44
12 15
38 58
5 33
6 9
21 29
31 33
22 25
18 57
47 56
13 31
10 32
0 33
0 4
40 57
39 46
41 57
25 29
44 53
12 59
11 32
7 9
38 46
1 4
43 54
42 46
0 58
23 29
48 54
23 28
16 58
16 57
22 36
36 58
54 57
25 28
9 32
24 26
33 35
29 34
12 14
5 32
49 54
51 54
19 46
13 32
55 57
14 19
19 56
20 36
15 58
15 17
34 36
0 9
33 36
2 4
24 27
5 9
48 50
54 56
47 50
30 33
12 58
4 33
26 28
13 30
14 17
40 46
1 5
0 5
44 52
20 29
50 54
19 29
6 8
29 33
42 57
39 57
39 58
12 32
41 46
46 51
52 54
1 3
10 59
44 51
44 46
44 54
