0 1
1 2
2 3
3 4
4 5
5 6
6 7
7 8
8 9
9 10
10 11
11 12
12 13
13 14
14 15
15 16
16 17
17 18
18 19
19 20
20 21
21 22
22 23
23 24
24 25
25 26
26 27
27 28
28 29
29 30
30 31
31 32
32 33
33 34
34 35
35 36
36 37
37 38
38 39
39 40
40 41
41 42
42 43
43 44
44 45
45 46
46 47
47 48
48 49
49 50
50 51
51 52
52 53
53 54
54 55
55 56
56 57
57 58
58 59
59 0
13 22
5 12
14 36
33 40
11 48
24 56
29 41
25 56
0 49
13 40
19 26
49 55
40 42
54 58
14 39
23 57
27 56
15 31
13 15
12 59
35 37
44 49
46 48
17 31
32 36
23 26
40 46
13 17
4 12
50 59
4 9
40 48
54 59
57 59
0 11
11 49
7 9
27 55
18 27
49 53
42 55
33 35
17 29
42 49
3 10
13 48
22 59
6 9
28 42
23 25
1 3
7 11
13 18
13 21
1 12
29 42
46 49
51 53
56 58
30 32
17 28
35 38
22 26
42 45
15 36
34 39
40 45
35 39
4 10
16 31
15 17
40 47
2 12
14 38
43 45
24 57
23 59
33 41
54 56
17 30
11 13
6 8
50 53
30 41
49 52
49 51
5 9
14 40
1 10
53 59
19 22
3 12
19 27
5 7
0 12
30 33
53 55
43 49
12 22
20 22
13 19
18 28
13 20
45 49
26 56
33 39
36 38
0 50
15 32
5 11
33 36
9 11
28 55
1 11

0 1
1 2
2 3
3 4
4 5
5 6
6 7
7 8
8 9
9 10
10 11
11 12
12 13
13 14
14 15
15 16
16 17
17 18
18 19
19 20
20 21
21 22
22 23
23 24
24 25
25 26
26 27
27 28
28 29
29 30
30 31
31 32
32 33
33 34
34 35
35 36
36 37
37 38
38 39
39 40
40 41
41 42
42 43
43 44
44 45
45 46
46 47
47 48
48 49
49 50
50 51
51 52
52 53
53 54
54 55
55 56
56 57
57 58
58 59
59 0
13 29
20 44
13 30
44 56
19 51
35 58
16 54
45 50
28 31
36 56
3 58
1 30
17 54
45 54
14 54
21 39
1 5
36 57
1 9
29 31
21 31
24 27
31 58
9 58
0 30
30 58
14 20
25 27
36 44
21 40
8 58
20 45
14 29
9 55
36 43
19 53
11 54
40 44
26 28
45 47
20 27
39 41
4 8
36 41
31 37
23 31
21 37
36 42
20 24
19 49
45 52
1 59
19 45
32 58
36 58
9 57
1 58
33 58
14 28
10 30
19 50
19 54
34 36
14 19
32 34
2 5
21 38
25 31
40 43
9 56
24 31
14 17
13 54
10 55
0 58
45 48
1 6
4 7
31 36
21 24
11 55
14 16
21 23
2 58
47 50
3 8
41 43
44 54
2 4
12 54
4 6
31 34
52 54
26 31
14 27
15 54
11 30
9 30
22 31
1 7
34 58
45 51
47 49
19 52
37 39
44 55
14 18
1 8
37 41
17 19
20 40
12 30
19 48
46 50
