0 1
1 2
2 3
3 4
4 5
5 6
6 7
7 8
8 9
9 10
10 11
11 12
12 13
13 14
14 15
15 16
16 17
17 18
18 19
19 20
20 21
21 22
22 23
23 24
24 25
25 26
26 27
27 28
28 29
29 30
30 31
31 32
32 33
33 34
34 35
35 36
36 37
37 38
38 39
39 40
40 41
41 42
42 43
43 44
44 45
45 46
46 47
47 48
48 49
49 50
50 51
51 52
52 53
53 54
54 55
55 56
56 57
57 58
58 59
59 0
22 29
2 9
47 56
18 34
45 49
19 23
38 56
30 38
43 59
35 41
12 56
52 57
51 54
5 59
1 17
6 59
14 28
38 41
36 41
54 56
49 51
22 27
20 29
49 56
21 29
16 18
13 38
7 56
38 44
10 12
22 28
21 23
33 37
18 24
45 56
43 52
19 24
45 51
7 10
1 5
22 24
2 5
40 44
2 17
53 55
15 24
29 32
50 54
12 17
1 3
9 12
16 24
30 33
13 29
29 38
7 59
45 48
35 42
14 24
14 16
18 29
52 54
53 56
35 59
7 9
52 59
34 36
17 35
38 40
29 31
6 8
7 11
13 16
46 48
6 9
7 58
34 37
36 38
41 44
29 34
13 28
44 52
44 56
20 23
33 38
49 54
25 27
0 5
13 17
13 56
18 20
7 12
41 43
14 26
39 41
17 59
26 28
18 35
31 33
52 56
24 27
44 51
42 59
24 26
2 4
1 4
1 59
5 9
45 47
52 58
2 12
56 58
48 56
29 33

0 1
1 2
2 3
3 4
4 5
5 6
6 7
7 8
8 9
9 10
10 11
11 12
12 13
13 14
14 15
15 16
16 17
17 18
18 19
19 20
20 21
21 22
22 23
23 24
24 25
25 26
26 27
27 28
28 29
29 30
30 31
31 32
32 33
33 34
34 35
35 36
36 37
37 38
38 39
39 40
40 41
41 42
42 43
43 44
44 45
45 46
46 47
47 48
48 49
49 50
50 51
51 52
52 53
53 54
54 55
55 56
56 57
57 58
58 59
59 0
37 47
31 34
8 44
14 25
5 17
44 48
0 17
34 54
25 37
30 32
32 58
3 17
20 25
0 22
5 55
2 59
48 51
24 59
14 38
6 52
37 52
47 49
27 59
42 46
26 59
36 53
42 45
5 12
9 13
13 44
5 52
28 58
37 40
19 25
10 13
28 37
5 7
23 25
5 11
32 54
4 59
8 11
26 37
16 25
18 25
0 24
44 46
17 25
29 37
47 52
39 43
13 39
5 58
30 35
36 52
54 57
41 47
5 8
0 21
37 41
31 35
42 47
14 37
35 54
0 23
8 10
30 58
54 58
5 54
27 58
6 48
20 22
43 45
0 3
0 18
40 42
0 20
3 5
5 56
40 43
48 50
13 15
5 53
27 37
29 58
37 39
0 2
13 43
5 57
48 52
12 16
15 25
47 51
0 19
9 44
3 59
47 50
32 34
35 37
11 13
30 37
6 44
5 16
44 47
33 54
35 53
12 15
14 39
25 59
7 44
4 58
55 57
22 25
