0 1
1 2
2 3
3 4
4 5
5 6
6 7
7 8
8 9
9 10
10 11
11 12
12 13
13 14
14 15
15 16
16 17
17 18
18 19
19 20
20 21
21 22
22 23
23 24
24 25
25 26
26 27
27 28
28 29
29 30
30 31
31 32
32 33
33 34
34 35
35 36
36 37
37 38
38 39
39 40
40 41
41 42
42 43
43 44
44 45
45 46
46 47
47 48
48 49
49 50
50 51
51 52
52 53
53 54
54 55
55 56
56 57
57 58
58 59
59 0
39 41
30 49
9 23
9 30
37 56
25 34
38 40
4 8
39 50
39 43
3 15
6 49
0 18
37 59
5 49
14 19
49 57
20 22
37 53
1 57
33 45
4 12
22 36
17 19
44 50
37 45
53 57
12 20
6 9
38 52
0 3
15 19
33 37
27 29
46 49
48 50
56 58
0 2
14 20
3 12
20 36
57 59
33 46
42 44
25 29
22 24
46 48
40 45
27 30
43 50
8 10
4 7
18 20
41 44
39 51
54 57
32 46
12 14
20 59
24 26
2 5
11 23
16 18
24 35
12 23
30 33
0 20
3 5
36 59
5 57
49 52
44 48
6 8
6 30
2 57
53 55
33 35
26 29
30 46
3 16
38 53
9 24
33 36
5 7
56 59
0 57
53 56
24 30
39 52
31 33
4 11
29 33
50 52
37 40
13 20
24 36
47 49
39 42
3 14
9 11
31 46
28 30
55 57
12 22
25 33
44 46
21 36
49 53
24 34
0 16
24 27
16 19
8 11
41 45

0 1
1 2
2 3
3 4
4 5
5 6
6 7
7 8
8 9
9 10
10 11
11 12
12 13
13 14
14 15
15 16
16 17
17 18
18 19
19 20
20 21
21 22
22 23
23 24
24 25
25 26
26 27
27 28
28 29
29 30
30 31
31 32
32 33
33 34
34 35
35 36
36 37
37 38
38 39
39 40
40 41
41 42
42 43
43 44
44 45
45 46
46 47
47 48
48 49
49 50
50 51
51 52
52 53
53 54
54 55
55 56
56 57
57 58
58 59
59 0
28 43
23 42
13 59
24 54
28 33
6 50
26 40
11 20
5 9
4 10
8 50
27 54
43 45
17 59
24 59
5 53
2 53
15 18
31 34
30 41
9 21
30 34
49 51
3 13
9 50
26 34
9 20
12 18
23 45
28 53
37 41
21 59
24 55
23 26
54 56
53 58
23 49
26 33
32 34
18 59
13 15
15 59
28 54
48 53
54 58
38 41
30 42
28 31
3 53
7 50
19 21
24 56
24 57
14 59
34 37
23 25
28 48
28 32
30 37
30 35
43 48
42 45
1 53
23 47
30 36
5 51
29 43
34 36
27 33
23 46
10 20
45 47
19 59
2 59
30 43
25 27
3 10
37 39
23 59
0 58
48 52
11 18
40 42
5 8
26 39
45 48
23 40
22 50
5 50
12 15
1 59
29 31
22 59
11 19
15 17
5 52
26 37
25 54
24 58
2 13
0 53
22 49
16 59
48 51
23 48
10 13
4 9
21 50
10 12
4 53
