0 1
1 2
2 3
3 4
4 5
5 6
6 7
7 8
8 9
9 10
10 11
11 12
12 13
13 14
14 15
15 16
16 17
17 18
18 19
19 20
20 21
21 22
22 23
23 24
24 25
25 26
26 27
27 28
28 29
29 30
30 31
31 32
32 33
33 34
34 35
35 36
36 37
37 38
38 39
39 40
40 41
41 42
42 43
43 44
44 45
45 46
46 47
47 48
48 49
49 50
50 51
51 52
52 53
53 54
54 55
55 56
56 57
57 58
58 59
59 0
42 51
32 48
22 53
36 42
10 58
19 40
21 39
2 10
24 38
18 54
35 44
48 53
7 42
24 28
42 47
33 44
14 18
22 27
39 42
1 55
28 31
29 34
8 42
19 53
2 59
47 51
42 54
43 47
8 11
16 57
12 41
11 57
23 39
6 54
35 38
13 19
11 41
42 52
10 57
19 54
32 46
22 28
6 9
34 38
4 55
26 28
3 9
14 17
50 52
12 16
29 32
14 16
12 14
54 56
56 58
43 45
21 53
43 46
4 9
33 45
12 15
37 42
22 31
42 44
37 39
22 39
1 59
16 54
46 48
25 27
24 34
48 52
49 51
9 11
33 46
32 53
56 59
17 54
19 39
5 54
22 24
13 41
34 44
32 34
0 2
4 6
40 42
23 38
55 59
6 42
14 19
29 31
24 27
5 55
49 52
16 56
2 58
36 44
3 10
3 55
30 32
52 54
35 37
2 55
12 57
24 26
11 42
31 53
24 29
20 53
19 41
20 39
7 9
48 51
0 1
1 2
2 3
3 4
4 5
5 6
6 7
7 8
8 9
9 10
10 11
11 12
12 13
13 14
14 15
15 16
16 17
17 18
18 19
19 20
20 21
21 22
22 23
23 24
24 25
25 26
26 27
27 28
28 29
29 30
30 31
31 32
32 33
33 34
34 35
35 36
36 37
37 38
38 39
39 40
40 41
41 42
42 43
43 44
44 45
45 46
46 47
47 48
48 49
49 50
50 51
51 52
52 53
53 54
54 55
55 56
56 57
57 58
58 59
59 0
7 59
14 27
20 50
11 20
4 48
3 59
32 38
7 52
10 40
34 49
3 53
9 52
35 42
0 56
14 31
15 19
24 50
20 25
4 49
42 46
24 32
34 45
7 10
6 47
11 40
17 26
14 40
55 58
2 56
32 39
8 10
33 50
40 46
16 19
18 26
6 59
20 24
14 20
35 43
11 14
54 58
6 46
53 58
17 27
6 48
34 50
12 20
14 28
10 46
7 58
36 38
3 50
45 49
33 37
45 47
55 57
53 56
26 32
38 41
32 37
9 50
14 30
14 32
17 19
3 5
8 52
22 50
41 46
0 57
27 30
18 25
1 56
2 53
5 59
34 43
53 55
19 25
35 41
34 37
28 30
14 29
7 53
20 23
16 27
21 50
50 53
44 46
7 46
0 58
34 36
23 50
27 31
4 50
13 20
45 48
1 3
10 20
10 50
14 39
9 51
11 13
15 27
36 41
20 22
26 31
15 20
38 40
5 48
51 53
32 50
25 32
0 3
