0 1
1 2
2 3
3 4
4 5
5 6
6 7
7 8
8 9
9 10
10 11
11 12
12 13
13 14
14 15
15 16
16 17
17 18
18 19
19 20
20 21
21 22
22 23
23 24
24 25
25 26
26 27
27 28
28 29
29 30
30 31
31 32
32 33
33 34
34 35
35 36
36 37
37 38
38 39
39 40
40 41
41 42
42 43
43 44
44 45
45 46
46 47
47 48
48 49
49 50
50 51
51 52
52 53
53 54
54 55
55 56
56 57
57 58
58 59
59 0
34 54
32 39
30 48
51 54
0 12
12 56
9 23
3 31
24 28
18 55
13 20
41 47
10 21
37 49
7 9
4 31
21 26
0 54
34 52
6 23
35 50
6 8
21 25
19 21
5 23
54 56
30 39
4 29
48 50
26 54
6 12
0 58
3 32
2 12
0 2
7 23
14 18
4 12
39 49
39 48
4 28
21 24
14 55
30 32
43 46
19 26
9 21
40 49
23 28
34 36
41 44
0 34
9 22
40 44
35 52
29 54
29 51
45 47
3 34
32 38
3 12
14 17
47 49
19 55
0 56
35 51
17 20
57 59
42 47
32 36
42 44
13 15
56 58
2 34
12 59
13 21
4 6
44 46
3 33
38 49
6 9
29 48
12 21
13 56
36 38
10 12
13 55
24 27
33 36
36 49
45 48
14 16
21 23
12 57
9 12
4 23
13 17
41 49
29 31
17 19
25 27
28 54
34 53
42 46
40 48
27 54
1 12
26 55
29 50
52 54
13 16
40 45
9 11
36 50
0 1
1 2
2 3
3 4
4 5
5 6
6 7
7 8
8 9
9 10
10 11
11 12
12 13
13 14
14 15
15 16
16 17
17 18
18 19
19 20
20 21
21 22
22 23
23 24
24 25
25 26
26 27
27 28
28 29
29 30
30 31
31 32
32 33
33 34
34 35
35 36
36 37
37 38
38 39
39 40
40 41
41 42
42 43
43 44
44 45
45 46
46 47
47 48
48 49
49 50
50 51
51 52
52 53
53 54
54 55
55 56
56 57
57 58
58 59
59 0
36 55
20 22
5 59
20 57
39 59
37 40
1 15
7 27
27 36
43 56
12 19
37 55
44 52
27 35
15 19
24 31
44 55
27 59
28 31
40 46
4 8
12 24
18 57
37 39
35 56
15 18
25 29
31 57
37 50
9 24
2 11
3 11
24 30
11 15
35 57
22 24
15 59
3 59
47 50
46 51
52 55
9 27
39 56
40 47
28 35
10 24
16 19
39 42
42 56
41 46
3 10
22 57
19 24
18 58
51 55
44 51
5 7
8 10
36 59
44 53
47 51
24 26
27 29
5 27
45 51
37 48
0 15
11 14
20 24
24 57
11 13
31 33
0 3
21 57
36 39
6 27
41 43
15 17
28 32
5 8
3 8
33 57
25 30
39 58
40 42
9 26
16 18
35 55
11 24
50 55
28 30
53 55
14 19
8 27
39 57
32 35
43 45
34 57
44 54
3 5
1 11
33 35
26 29
19 57
23 57
18 59
43 55
13 19
38 40
41 45
37 47
1 3
