0 1
1 2
2 3
3 4
4 5
5 6
6 7
7 8
8 9
9 10
10 11
11 12
12 13
13 14
14 15
15 16
16 17
17 18
18 19
19 20
20 21
21 22
22 23
23 24
24 25
25 26
26 27
27 28
28 29
29 30
30 31
31 32
32 33
33 34
34 35
35 36
36 37
37 38
38 39
39 40
40 41
41 42
42 43
43 44
44 45
45 46
46 47
47 48
48 49
49 50
50 51
51 52
52 53
53 54
54 55
55 56
56 57
57 58
58 59
59 0
6 46
28 38
2 27
18 35
49 52
32 37
0 4
43 55
7 21
40 56
51 57
11 35
40 57
3 22
40 58
2 25
41 44
10 15
9 36
26 35
6 39
21 23
27 30
27 38
36 39
49 59
0 46
31 34
41 56
6 22
2 22
7 15
4 46
2 58
14 35
50 59
43 48
6 21
1 4
33 36
51 59
26 30
39 58
12 35
20 35
43 53
0 49
0 58
51 55
30 34
15 35
7 10
49 53
28 37
6 44
2 23
10 36
44 47
6 41
42 56
47 49
5 46
53 55
12 15
19 35
51 56
29 31
15 18
23 35
33 35
0 47
2 26
15 17
10 35
23 25
7 19
44 48
27 58
21 35
57 59
28 32
36 38
2 24
1 3
0 2
4 6
7 20
16 18
17 35
32 34
7 18
13 35
29 32
52 54
7 39
49 51
41 43
26 34
39 41
32 36
12 14
4 22
43 56
9 39
7 9
27 29
11 15
6 45
8 10
43 49
44 46
52 55
25 35
38 58
0 1
1 2
2 3
3 4
4 5
5 6
6 7
7 8
8 9
9 10
10 11
11 12
12 13
13 14
14 15
15 16
16 17
17 18
18 19
19 20
20 21
21 22
22 23
23 24
24 25
25 26
26 27
27 28
28 29
29 30
30 31
31 32
32 33
33 34
34 35
35 36
36 37
37 38
38 39
39 40
40 41
41 42
42 43
43 44
44 45
45 46
46 47
47 48
48 49
49 50
50 51
51 52
52 53
53 54
54 55
55 56
56 57
57 58
58 59
59 0
48 52
38 51
43 58
15 25
4 35
5 41
20 40
20 27
6 29
5 12
11 26
13 15
9 12
36 55
16 25
36 58
37 40
44 52
27 40
4 32
8 27
14 40
47 51
30 36
44 57
39 44
17 24
44 56
35 59
45 48
9 27
44 58
16 24
35 58
17 20
3 58
3 41
5 30
8 12
39 46
1 35
37 52
37 51
5 40
10 12
55 58
31 36
44 53
6 12
5 13
14 20
19 24
37 53
17 19
37 54
20 22
29 36
56 58
20 24
30 32
21 26
6 28
27 37
40 42
54 56
2 4
15 26
4 33
6 8
11 27
29 37
20 23
1 59
36 54
7 12
47 50
2 35
14 16
48 51
8 28
4 41
23 26
5 32
53 56
0 3
37 39
38 46
40 43
39 43
34 36
39 45
3 59
38 47
13 40
12 26
22 26
41 58
10 27
31 33
13 26
21 27
42 58
14 17
48 50
18 20
6 30
4 34
45 52
24 26
45 47
