0 1
1 2
2 3
3 4
4 5
5 6
6 7
7 8
8 9
9 10
10 11
11 12
12 13
13 14
14 15
15 16
16 17
17 18
18 19
19 20
20 21
21 22
22 23
23 24
24 25
25 26
26 27
27 28
28 29
29 30
30 31
31 32
32 33
33 34
34 35
35 36
36 37
37 38
38 39
39 40
40 41
41 42
42 43
43 44
44 45
45 46
46 47
47 48
48 49
49 50
50 51
51 52
52 53
53 54
54 55
55 56
56 57
57 58
58 59
59 0
29 53
5 41
23 29
22 56
7 12
8 21
14 29
19 27
15 27
41 45
52 56
14 27
39 44
5 33
44 47
46 50
34 41
22 26
41 56
26 28
0 41
5 31
21 27
30 47
18 27
47 52
34 37
9 12
35 40
46 56
35 39
1 41
30 33
1 22
13 17
14 17
5 12
10 20
24 28
10 19
41 59
14 28
9 20
29 56
6 8
0 58
29 54
13 31
49 51
3 5
29 52
51 56
34 39
2 22
44 46
56 59
10 17
30 34
5 13
4 22
2 5
29 47
52 55
8 20
47 50
13 30
7 9
20 27
53 55
3 22
56 58
5 21
36 38
23 28
0 56
17 19
49 52
54 56
11 13
5 22
24 26
25 28
33 41
39 41
2 41
48 50
9 11
0 57
39 42
5 32
46 51
22 29
30 39
1 56
5 7
42 45
35 38
45 56
17 27
30 32
35 41
22 24
35 37
22 27
15 17
14 16
47 49
5 8
14 30
37 39
39 43
42 44
30 44
11 17

0 1
1 2
2 3
3 4
4 5
5 6
6 7
7 8
8 9
9 10
10 11
11 12
12 13
13 14
14 15
15 16
16 17
17 18
18 19
19 20
20 21
21 22
22 23
23 24
24 25
25 26
26 27
27 28
28 29
29 30
30 31
31 32
32 33
33 34
34 35
35 36
36 37
37 38
38 39
39 40
40 41
41 42
42 43
43 44
44 45
45 46
46 47
47 48
48 49
49 50
50 51
51 52
52 53
53 54
54 55
55 56
56 57
57 58
58 59
59 0
17 23
4 30
32 40
26 58
42 54
7 23
35 56
16 21
16 26
30 46
11 22
23 25
16 25
46 57
1 5
4 24
31 34
36 40
5 24
50 52
41 55
32 44
42 49
34 36
32 36
50 57
43 49
32 42
6 24
28 35
7 58
27 57
2 59
30 59
49 54
45 49
18 21
13 58
37 56
38 40
3 30
24 27
1 58
46 59
46 58
29 35
10 23
41 54
19 21
16 20
1 59
11 14
14 22
36 56
8 10
38 56
6 58
14 21
50 55
49 53
48 57
27 56
17 20
46 49
2 30
1 3
49 57
9 23
52 54
31 46
40 56
4 28
14 58
50 54
15 26
1 4
10 12
7 24
36 39
12 14
1 6
55 57
46 48
32 43
29 31
7 10
27 35
12 58
4 29
18 20
44 49
10 22
29 34
18 22
31 33
14 26
31 44
51 54
40 55
50 53
26 57
17 25
10 58
33 36
25 27
40 42
8 23
47 57
31 45
17 22
0 2
4 27
15 21
