0 1
1 2
2 3
3 4
4 5
5 6
6 7
7 8
8 9
9 10
10 11
11 12
12 13
13 14
14 15
15 16
16 17
17 18
18 19
19 20
20 21
21 22
22 23
23 24
24 25
25 26
26 27
27 28
28 29
29 30
30 31
31 32
32 33
33 34
34 35
35 36
36 37
37 38
38 39
39 40
40 41
41 42
42 43
43 44
44 45
45 46
46 47
47 48
48 49
49 50
50 51
51 52
52 53
53 54
54 55
55 56
56 57
57 58
58 59
59 0
38 47
47 55
15 36
3 9
11 39
28 38
5 18
44 52
20 23
3 8
29 38
0 2
55 59
16 36
1 56
31 36
0 3
51 54
16 32
7 13
0 5
21 55
22 28
18 23
21 38
49 55
15 17
2 40
18 25
7 15
2 55
26 32
8 11
12 38
5 7
38 45
40 55
11 40
30 32
12 14
9 11
2 10
48 50
4 6
7 12
4 8
24 26
39 44
43 54
44 53
19 21
23 26
45 52
3 10
18 55
48 51
8 12
31 37
3 5
0 18
15 37
18 59
31 35
23 27
33 35
18 24
39 41
16 35
32 34
16 25
30 37
46 51
51 53
41 55
15 18
28 32
10 40
57 59
12 39
39 42
50 55
47 51
32 35
7 14
16 33
48 55
12 15
55 57
56 58
1 58
38 55
16 26
42 55
1 55
15 38
22 27
1 59
27 32
44 54
42 44
28 30
46 52
16 18
4 7
43 55
51 55
20 22
19 23
5 15
29 37
45 47
18 21
39 45
22 38

0 1
1 2
2 3
3 4
4 5
5 6
6 7
7 8
8 9
9 10
10 11
11 12
12 13
13 14
14 15
15 16
16 17
17 18
18 19
19 20
20 21
21 22
22 23
23 24
24 25
25 26
26 27
27 28
28 29
29 30
30 31
31 32
32 33
33 34
34 35
35 36
36 37
37 38
38 39
39 40
40 41
41 42
42 43
43 44
44 45
45 46
46 47
47 48
48 49
49 50
50 51
51 52
52 53
53 54
54 55
55 56
56 57
57 58
58 59
59 0
13 54
46 48
32 39
3 21
2 47
10 16
2 37
32 53
2 36
50 59
28 35
3 20
21 28
2 13
2 38
49 52
28 54
40 48
24 54
2 12
56 59
4 18
13 15
14 17
2 46
52 58
5 11
4 19
41 48
28 33
21 54
47 59
4 11
18 20
34 36
14 16
8 10
0 55
3 35
49 53
7 18
6 11
41 46
11 15
2 59
3 12
29 33
21 25
10 17
42 46
14 20
21 26
52 54
29 53
29 54
38 44
49 59
54 58
14 21
32 48
14 54
22 54
38 43
26 54
30 53
9 17
54 56
4 12
8 18
4 20
21 24
7 11
50 58
2 44
25 54
39 43
2 35
51 58
23 54
44 46
30 33
27 54
33 39
13 55
37 39
21 27
7 10
10 15
14 18
21 23
49 51
2 45
34 39
48 53
8 17
41 43
32 40
36 39
0 56
54 57
1 13
40 43
21 35
28 34
31 53
0 13
6 18
43 46
48 59
31 33
11 13
