0 1
1 2
2 3
3 4
4 5
5 6
6 7
7 8
8 9
9 10
10 11
11 12
12 13
13 14
14 15
15 16
16 17
17 18
18 19
19 20
20 21
21 22
22 23
23 24
24 25
25 26
26 27
27 28
28 29
29 30
30 31
31 32
32 33
33 34
34 35
35 36
36 37
37 38
38 39
39 40
40 41
41 42
42 43
43 44
44 45
45 46
46 47
47 48
48 49
49 50
50 51
51 52
52 53
53 54
54 55
55 56
56 57
57 58
58 59
59 0
22 54
25 57
3 15
19 55
7 56
38 44
44 55
1 16
16 58
26 28
23 52
43 57
31 49
44 51
50 52
29 33
22 57
38 57
9 56
23 57
25 50
3 6
0 56
40 43
12 18
32 38
56 59
1 58
27 49
52 55
33 38
5 8
18 58
25 35
31 45
18 20
28 49
25 27
31 48
12 55
3 5
11 56
0 6
19 54
3 13
44 46
47 51
24 52
4 6
29 49
0 58
36 57
20 54
41 57
0 2
26 29
26 35
38 41
5 9
47 50
18 55
5 12
34 38
5 13
13 15
31 46
12 14
20 58
6 8
14 18
43 56
51 55
39 41
1 3
37 57
20 22
30 33
3 16
2 6
31 38
39 43
35 38
20 57
42 57
21 54
39 44
35 57
44 56
29 35
6 56
48 50
30 49
17 58
31 33
44 47
52 54
56 58
14 17
9 12
33 35
38 45
7 9
23 53
9 11
27 50
25 52
22 53
46 48
12 56
23 25
41 43
36 38
10 56
15 17
0 1
1 2
2 3
3 4
4 5
5 6
6 7
7 8
8 9
9 10
10 11
11 12
12 13
13 14
14 15
15 16
16 17
17 18
18 19
19 20
20 21
21 22
22 23
23 24
24 25
25 26
26 27
27 28
28 29
29 30
30 31
31 32
32 33
33 34
34 35
35 36
36 37
37 38
38 39
39 40
40 41
41 42
42 43
43 44
44 45
45 46
46 47
47 48
48 49
49 50
50 51
51 52
52 53
53 54
54 55
55 56
56 57
57 58
58 59
59 0
13 18
32 55
15 41
33 39
13 52
6 55
8 55
33 54
23 35
22 25
15 37
45 52
7 10
41 45
28 58
16 35
24 29
0 4
15 52
30 58
47 53
3 27
5 7
4 20
4 57
31 35
13 16
8 10
32 34
2 59
3 25
2 27
49 53
11 18
4 18
14 16
24 35
4 7
19 35
47 49
11 52
20 35
44 54
7 18
29 31
16 18
4 56
28 59
4 55
20 25
4 19
49 51
18 35
55 57
39 42
34 37
11 13
57 59
17 35
32 54
15 38
12 52
48 52
24 26
9 54
31 58
45 48
27 59
22 24
39 54
1 4
11 54
37 39
24 28
44 53
34 36
3 26
2 4
16 37
45 47
16 36
20 23
7 55
46 53
11 53
21 25
43 45
8 54
3 20
15 40
42 44
15 45
40 42
24 31
31 55
5 55
33 37
51 53
42 45
55 58
42 54
15 39
29 58
14 52
10 18
48 51
1 59
24 27
45 53
21 23
32 35
50 53
4 59
10 54
