0 1
1 2
2 3
3 4
4 5
5 6
6 7
7 8
8 9
9 10
10 11
11 12
12 13
13 14
14 15
15 16
16 17
17 18
18 19
19 20
20 21
21 22
22 23
23 24
24 25
25 26
26 27
27 28
28 29
29 30
30 31
31 32
32 33
33 34
34 35
35 36
36 37
37 38
38 39
39 40
40 41
41 42
42 43
43 44
44 45
45 46
46 47
47 48
48 49
49 50
50 51
51 52
52 53
53 54
54 55
55 56
56 57
57 58
58 59
59 0
53 57
24 48
11 29
6 47
26 45
8 48
34 38
33 42
17 29
10 43
5 7
0 48
11 41
6 48
33 35
46 48
50 53
8 51
21 29
16 21
31 45
13 48
54 57
51 56
0 58
11 34
35 39
17 19
32 34
15 22
16 20
21 27
1 56
1 6
23 48
32 42
8 12
13 22
33 39
6 46
3 5
10 42
1 4
31 34
34 37
7 43
16 19
40 42
24 45
29 45
23 26
38 41
11 13
1 51
7 44
53 56
24 46
18 21
27 45
34 36
22 26
11 38
36 38
50 59
42 44
38 40
21 26
13 23
1 48
7 45
18 20
24 26
1 8
30 45
54 56
14 29
28 45
5 8
1 58
10 12
48 50
2 5
11 30
16 29
13 29
0 49
2 6
11 42
31 42
9 12
53 59
55 57
18 29
12 48
7 46
56 58
7 10
0 50
39 42
7 9
25 45
13 15
51 53
16 22
30 34
36 39
14 16
31 44
53 58
27 29
52 56
4 8
1 3
8 50
0 1
1 2
2 3
3 4
4 5
5 6
6 7
7 8
8 9
9 10
10 11
11 12
12 13
13 14
14 15
15 16
16 17
17 18
18 19
19 20
20 21
21 22
22 23
23 24
24 25
25 26
26 27
27 28
28 29
29 30
30 31
31 32
32 33
33 34
34 35
35 36
36 37
37 38
38 39
39 40
40 41
41 42
42 43
43 44
44 45
45 46
46 47
47 48
48 49
49 50
50 51
51 52
52 53
53 54
54 55
55 56
56 57
57 58
58 59
59 0
13 54
35 56
25 46
7 19
10 54
8 57
2 35
2 59
37 51
40 45
25 31
3 31
17 52
28 44
32 40
9 16
11 15
32 38
30 32
2 4
2 58
41 44
40 50
9 54
5 57
36 54
31 35
1 59
9 17
17 47
3 6
3 7
17 20
13 17
32 41
28 32
35 57
37 40
8 56
4 6
32 37
35 59
17 46
43 45
7 24
40 48
13 16
35 37
37 54
4 57
27 46
3 24
28 46
29 31
40 49
42 45
12 54
9 56
22 24
17 51
26 31
11 54
20 25
7 21
0 2
0 35
17 53
4 58
20 24
13 53
7 17
32 44
48 51
17 25
6 8
7 23
12 15
7 22
36 56
52 54
45 47
28 30
37 50
27 31
10 15
19 21
12 14
45 48
26 46
33 37
44 46
6 57
35 58
10 16
51 54
3 35
37 39
20 22
31 33
41 43
32 39
49 51
9 55
47 51
28 31
3 25
8 17
41 45
36 55
7 18
