0 1
1 2
2 3
3 4
4 5
5 6
6 7
7 8
8 9
9 10
10 11
11 12
12 13
13 14
14 15
15 16
16 17
17 18
18 19
19 20
20 21
21 22
22 23
23 24
24 25
25 26
26 27
27 28
28 29
29 30
30 31
31 32
32 33
33 34
34 35
35 36
36 37
37 38
38 39
39 40
40 41
41 42
42 43
43 44
44 45
45 46
46 47
47 48
48 49
49 50
50 51
51 52
52 53
53 54
54 55
55 56
56 57
57 58
58 59
59 0
29 48
4 13
13 34
6 29
3 54
42 55
13 58
26 28
32 37
42 57
13 57
16 32
21 26
6 27
24 27
8 14
11 13
14 16
35 57
5 10
54 57
17 30
36 38
51 54
20 30
1 4
15 27
52 54
41 43
32 45
20 27
3 6
30 45
15 18
25 27
17 32
22 24
29 52
49 55
50 54
0 3
13 16
35 39
40 45
30 32
5 7
32 39
29 51
22 26
32 40
3 29
18 20
30 48
29 54
17 19
29 50
4 11
43 48
46 48
54 58
4 6
7 14
7 15
20 23
42 56
6 15
15 17
55 57
49 54
4 10
44 47
35 40
21 30
4 58
26 29
0 54
37 39
0 58
48 50
16 33
27 29
1 3
10 14
11 14
34 57
34 37
13 33
33 37
17 31
7 10
43 49
54 59
21 23
41 45
0 2
22 25
17 20
4 12
30 46
9 14
0 4
15 20
45 47
51 53
43 55
40 57
34 36
26 30
41 44
41 57
8 10
44 48
35 38
23 27
0 1
1 2
2 3
3 4
4 5
5 6
6 7
7 8
8 9
9 10
10 11
11 12
12 13
13 14
14 15
15 16
16 17
17 18
18 19
19 20
20 21
21 22
22 23
23 24
24 25
25 26
26 27
27 28
28 29
29 30
30 31
31 32
32 33
33 34
34 35
35 36
36 37
37 38
38 39
39 40
40 41
41 42
42 43
43 44
44 45
45 46
46 47
47 48
48 49
49 50
50 51
51 52
52 53
53 54
54 55
55 56
56 57
57 58
58 59
59 0
16 27
20 54
20 24
40 50
1 39
27 50
11 20
14 37
21 25
33 40
14 29
50 53
48 52
1 20
32 34
30 36
47 53
0 45
56 59
42 46
20 25
2 14
28 32
16 26
1 54
14 20
5 9
38 40
16 29
3 10
7 11
18 26
6 20
13 20
31 34
0 55
40 44
25 54
27 53
3 9
41 49
42 47
35 37
20 26
15 29
2 10
40 42
1 6
2 37
33 35
1 37
19 26
47 55
45 57
30 34
46 55
39 45
16 20
2 4
40 43
4 9
29 31
26 54
12 20
56 58
47 49
46 57
43 46
49 52
41 47
46 56
10 12
21 24
12 14
7 20
43 45
41 50
14 30
17 26
8 11
1 45
5 8
27 54
39 44
45 59
2 12
28 33
47 52
16 28
23 25
9 11
57 59
55 59
33 38
2 5
30 35
2 6
53 55
6 8
14 36
21 54
33 50
27 33
50 52
16 19
16 18
28 31
1 38
1 55
49 51
