0 1
1 2
2 3
3 4
4 5
5 6
6 7
7 8
8 9
9 10
10 11
11 12
12 13
13 14
14 15
15 16
16 17
17 18
18 19
19 20
20 21
21 22
22 23
23 24
24 25
25 26
26 27
27 28
28 29
29 30
30 31
31 32
32 33
33 34
34 35
35 36
36 37
37 38
38 39
39 40
40 41
41 42
42 43
43 44
44 45
45 46
46 47
47 48
48 49
49 50
50 51
51 52
52 53
53 54
54 55
55 56
56 57
57 58
58 59
59 0
17 34
9 30
16 57
17 57
49 53
34 48
25 27
39 41
47 52
25 28
1 38
34 57
31 36
26 32
3 13
27 31
53 55
0 58
18 25
44 56
11 30
19 26
3 10
54 57
38 46
35 46
15 28
42 57
4 37
31 37
0 14
15 25
10 13
6 30
44 52
14 57
57 59
11 13
15 57
0 2
42 44
2 4
0 41
39 42
13 30
26 31
1 37
5 37
35 47
22 25
42 56
34 36
20 25
5 10
15 30
2 37
26 34
5 7
18 23
17 19
18 24
35 38
20 26
21 23
38 41
17 25
4 10
49 52
39 43
51 53
41 59
45 47
19 23
49 57
5 30
28 31
44 46
50 53
14 30
40 42
19 21
32 36
15 17
23 25
29 31
47 49
35 37
3 14
17 26
48 57
21 25
8 10
50 52
12 30
28 30
14 58
52 55
8 30
42 59
10 30
52 56
43 46
7 30
38 43
30 37
5 8
35 48
0 38
49 54
26 33
2 14
33 36
45 52
54 56

0 1
1 2
2 3
3 4
4 5
5 6
6 7
7 8
8 9
9 10
10 11
11 12
12 13
13 14
14 15
15 16
16 17
17 18
18 19
19 20
20 21
21 22
22 23
23 24
24 25
25 26
26 27
27 28
28 29
29 30
30 31
31 32
32 33
33 34
34 35
35 36
36 37
37 38
38 39
39 40
40 41
41 42
42 43
43 44
44 45
45 46
46 47
47 48
48 49
49 50
50 51
51 52
52 53
53 54
54 55
55 56
56 57
57 58
58 59
59 0
7 19
5 12
1 12
5 28
48 51
17 51
21 35
33 51
7 20
4 53
42 49
2 54
12 58
21 26
18 35
40 43
6 8
38 45
30 51
3 5
7 13
6 28
56 58
48 50
5 11
39 45
3 54
2 58
1 5
35 42
41 43
37 51
40 45
12 57
15 19
13 15
14 56
17 56
23 35
18 49
28 35
29 51
25 35
24 26
32 34
12 59
14 16
5 29
20 35
4 29
18 20
32 51
44 47
7 27
21 24
16 19
29 35
42 47
30 35
6 10
55 58
36 39
31 34
45 51
17 53
2 59
1 59
16 18
12 56
17 55
29 53
4 54
7 28
7 12
35 51
7 21
46 51
34 51
1 3
30 34
2 55
43 47
22 35
14 17
40 44
36 51
0 12
17 49
47 51
18 42
37 45
21 27
31 51
7 10
17 54
35 40
36 38
13 56
7 15
6 11
17 50
7 9
35 41
22 24
10 12
27 35
29 52
24 35
6 9
35 39
26 35
17 52
42 48
