0 1
1 2
2 3
3 4
4 5
5 6
6 7
7 8
8 9
9 10
10 11
11 12
12 13
13 14
14 15
15 16
16 17
17 18
18 19
19 20
20 21
21 22
22 23
23 24
24 25
25 26
26 27
27 28
28 29
29 30
30 31
31 32
32 33
33 34
34 35
35 36
36 37
37 38
38 39
39 40
40 41
41 42
42 43
43 44
44 45
45 46
46 47
47 48
48 49
49 50
50 51
51 52
52 53
53 54
54 55
55 56
56 57
57 58
58 59
59 0
1 17
9 40
45 53
36 52
0 42
13 30
30 56
0 7
36 53
33 53
21 30
40 46
53 56
21 28
40 45
16 25
30 53
4 8
56 59
1 7
17 20
21 56
18 24
34 37
0 17
40 48
11 17
44 53
21 57
45 51
9 30
31 38
31 37
16 24
45 49
1 11
25 30
9 11
37 50
14 25
3 9
42 59
50 52
0 57
14 17
26 29
20 22
22 27
22 25
46 48
2 6
46 49
11 30
30 55
48 50
32 53
43 56
0 20
34 53
31 53
40 42
22 24
23 25
30 39
44 56
34 36
6 8
14 30
37 40
51 53
47 49
28 30
40 44
12 14
4 9
42 44
5 8
19 24
0 8
19 22
26 28
1 6
8 41
12 17
4 6
0 41
38 40
9 41
0 21
10 30
35 37
0 58
36 50
2 11
12 30
30 40
33 37
49 51
43 59
17 24
21 27
2 9
57 59
53 55
15 17
3 6
17 19
54 56
26 30
15 25
25 27
40 50
31 33
31 39

0 1
1 2
2 3
3 4
4 5
5 6
6 7
7 8
8 9
9 10
10 11
11 12
12 13
13 14
14 15
15 16
16 17
17 18
18 19
19 20
20 21
21 22
22 23
23 24
24 25
25 26
26 27
27 28
28 29
29 30
30 31
31 32
32 33
33 34
34 35
35 36
36 37
37 38
38 39
39 40
40 41
41 42
42 43
43 44
44 45
45 46
46 47
47 48
48 49
49 50
50 51
51 52
52 53
53 54
54 55
55 56
56 57
57 58
58 59
59 0
15 47
24 39
22 55
19 44
5 48
40 49
52 55
3 51
1 51
23 31
24 38
20 37
24 53
20 41
15 22
24 54
26 35
4 51
2 56
20 39
25 38
5 51
14 55
5 14
13 55
26 36
15 48
23 55
50 53
29 33
10 55
16 45
30 32
15 18
25 37
44 47
4 56
55 57
52 54
24 29
19 45
21 36
18 21
43 47
9 56
14 22
41 47
52 59
45 47
0 2
5 10
41 48
11 14
8 56
30 33
28 34
21 34
15 21
25 28
21 32
41 44
24 28
15 46
7 9
29 31
55 59
20 38
21 37
51 59
10 14
22 31
14 48
16 46
10 13
55 58
39 41
21 33
41 43
56 58
28 33
6 10
16 18
18 20
24 31
2 59
9 55
0 51
39 50
48 51
39 49
2 51
23 54
5 7
22 32
20 44
2 4
21 35
27 34
18 45
6 9
10 12
41 49
7 56
11 13
27 35
26 37
42 47
2 58
5 56
24 50
17 45
