0 1
1 2
2 3
3 4
4 5
5 6
6 7
7 8
8 9
9 10
10 11
11 12
12 13
13 14
14 15
15 16
16 17
17 18
18 19
19 20
20 21
21 22
22 23
23 24
24 25
25 26
26 27
27 28
28 29
29 30
30 31
31 32
32 33
33 34
34 35
35 36
36 37
37 38
38 39
39 40
40 41
41 42
42 43
43 44
44 45
45 46
46 47
47 48
48 49
49 50
50 51
51 52
52 53
53 54
54 55
55 56
56 57
57 58
58 59
59 0
3 8
4 13
34 45
3 59
43 46
15 40
18 32
19 58
49 51
4 58
47 57
8 53
34 36
30 34
11 41
6 10
10 13
22 28
23 29
28 32
36 40
23 30
56 59
4 14
49 53
11 50
12 40
38 43
7 10
23 58
31 33
11 13
11 47
2 58
14 17
20 22
38 41
43 47
51 53
36 43
19 28
6 8
1 3
30 57
28 30
5 13
48 57
55 59
53 57
23 28
8 10
34 44
8 59
39 41
36 44
11 40
8 52
23 57
18 28
22 25
16 32
47 50
21 28
0 2
16 40
20 58
43 45
35 40
42 47
8 55
4 8
34 57
54 56
22 24
8 11
57 59
37 39
32 35
47 49
25 28
14 58
9 11
46 57
13 40
22 58
32 40
31 34
48 53
18 58
1 59
33 35
11 42
14 16
23 26
36 38
6 13
54 57
13 15
45 57
38 42
8 51
19 21
28 31
23 27
26 28
2 59
17 58
16 18
4 6
37 40
53 55
2 4
8 50
23 25
0 1
1 2
2 3
3 4
4 5
5 6
6 7
7 8
8 9
9 10
10 11
11 12
12 13
13 14
14 15
15 16
16 17
17 18
18 19
19 20
20 21
21 22
22 23
23 24
24 25
25 26
26 27
27 28
28 29
29 30
30 31
31 32
32 33
33 34
34 35
35 36
36 37
37 38
38 39
39 40
40 41
41 42
42 43
43 44
44 45
45 46
46 47
47 48
48 49
49 50
50 51
51 52
52 53
53 54
54 55
55 56
56 57
57 58
58 59
59 0
5 36
24 36
50 56
14 24
45 59
17 35
28 33
10 50
36 48
10 56
20 26
9 56
14 20
46 55
0 3
47 53
2 41
9 14
32 34
18 31
6 16
17 31
1 43
6 56
20 23
5 35
37 41
17 20
36 45
10 36
5 57
0 44
6 57
3 41
40 44
40 42
25 27
51 55
8 14
40 43
49 52
6 17
5 17
4 57
45 58
7 56
37 45
25 33
24 26
14 21
3 5
0 4
38 40
36 50
0 43
20 30
20 31
17 34
20 24
11 24
51 54
11 14
29 33
29 31
36 46
5 41
16 20
27 29
25 35
40 45
10 14
46 58
17 19
50 52
17 32
50 55
18 20
29 32
46 53
7 9
4 59
8 15
12 24
48 52
36 47
11 36
39 45
38 45
8 16
41 43
27 33
48 50
24 35
46 54
55 58
14 22
27 30
21 23
5 37
26 30
13 24
1 41
15 20
44 59
56 58
52 54
14 23
7 16
47 52
25 34
12 14
