0 1
1 2
2 3
3 4
4 5
5 6
6 7
7 8
8 9
9 10
10 11
11 12
12 13
13 14
14 15
15 16
16 17
17 18
18 19
19 20
20 21
21 22
22 23
23 24
24 25
25 26
26 27
27 28
28 29
29 30
30 31
31 32
32 33
33 34
34 35
35 36
36 37
37 38
38 39
39 40
40 41
41 42
42 43
43 44
44 45
45 46
46 47
47 48
48 49
49 50
50 51
51 52
52 53
53 54
54 55
55 56
56 57
57 58
58 59
59 0
37 55
3 11
14 55
31 38
6 34
17 31
1 56
1 4
22 33
11 56
14 46
17 39
16 44
7 11
22 29
16 20
47 54
10 12
0 3
47 51
40 43
19 26
15 46
4 7
46 52
1 3
37 54
13 15
28 31
17 19
17 26
50 52
27 29
5 56
56 58
41 46
6 9
2 4
6 21
0 57
6 36
52 55
46 49
5 55
16 39
31 33
6 20
41 45
43 45
22 27
16 45
37 46
0 56
16 46
4 11
6 37
37 39
14 56
24 26
21 23
0 58
20 26
49 51
6 22
10 16
17 38
3 59
20 25
39 44
23 25
6 8
35 37
21 25
10 13
41 43
18 26
3 56
28 30
17 20
39 43
24 27
47 53
5 37
39 41
22 24
10 20
4 6
47 49
3 58
32 37
37 47
6 35
13 56
1 5
29 33
22 34
31 37
12 56
13 16
8 10
46 50
32 34
48 51
8 11
42 45
52 54
17 28
46 55
30 33
51 53
39 46
32 35
26 28
9 20
0 1
1 2
2 3
3 4
4 5
5 6
6 7
7 8
8 9
9 10
10 11
11 12
12 13
13 14
14 15
15 16
16 17
17 18
18 19
19 20
20 21
21 22
22 23
23 24
24 25
25 26
26 27
27 28
28 29
29 30
30 31
31 32
32 33
33 34
34 35
35 36
36 37
37 38
38 39
39 40
40 41
41 42
42 43
43 44
44 45
45 46
46 47
47 48
48 49
49 50
50 51
51 52
52 53
53 54
54 55
55 56
56 57
57 58
58 59
59 0
29 49
9 15
16 37
10 15
5 15
47 52
1 11
14 27
0 27
42 46
20 34
38 55
43 47
38 52
18 36
15 37
15 22
15 58
26 32
33 39
19 21
27 49
37 56
46 48
14 25
32 48
52 57
3 7
51 59
42 44
0 15
27 32
34 38
5 7
29 31
1 12
38 41
49 59
33 48
18 35
0 2
54 57
33 42
26 33
1 13
12 15
3 8
7 9
38 43
53 57
28 49
15 56
20 24
28 32
15 17
18 37
0 13
22 25
34 39
19 35
2 8
52 58
19 22
38 56
15 19
14 26
29 48
24 33
53 55
38 47
25 33
44 47
47 50
34 36
7 15
48 50
9 11
0 14
39 42
0 49
20 22
3 15
11 15
42 48
30 32
38 40
20 23
24 34
45 47
15 18
30 48
4 15
1 9
15 59
15 25
38 42
12 14
6 15
52 59
3 5
1 8
50 59
55 57
16 18
20 35
15 57
38 53
36 38
44 46
40 42
29 32
2 15
