0 1
1 2
2 3
3 4
4 5
5 6
6 7
7 8
8 9
9 10
10 11
11 12
12 13
13 14
14 15
15 16
16 17
17 18
18 19
19 20
20 21
21 22
22 23
23 24
24 25
25 26
26 27
27 28
28 29
29 30
30 31
31 32
32 33
33 34
34 35
35 36
36 37
37 38
38 39
39 40
40 41
41 42
42 43
43 44
44 45
45 46
46 47
47 48
48 49
49 50
50 51
51 52
52 53
53 54
54 55
55 56
56 57
57 58
58 59
59 0
10 57
2 14
26 46
18 46
22 54
46 50
17 54
42 48
7 11
3 9
28 43
19 26
14 56
3 11
46 49
17 51
22 25
36 48
29 50
18 51
32 43
29 35
22 51
0 18
4 9
16 18
28 30
2 18
25 27
17 56
33 39
42 44
22 26
11 57
27 43
34 36
10 58
24 27
39 41
19 56
22 24
17 55
23 51
29 48
30 34
37 42
0 2
21 55
31 43
46 48
22 52
29 51
7 9
19 57
26 43
31 33
4 8
42 46
2 59
3 59
24 51
33 37
3 14
16 56
38 40
1 18
17 53
43 46
29 49
27 29
30 33
33 36
5 7
5 11
2 15
18 50
3 12
19 55
42 47
20 22
33 43
41 43
33 41
3 10
11 13
2 16
13 56
5 8
27 51
12 14
17 52
4 11
6 8
3 58
0 57
0 58
0 19
38 41
7 10
29 36
11 56
52 54
19 22
44 46
43 45
36 42
37 41
37 39
19 21
19 46
15 56
30 35
22 55
30 43
0 1
1 2
2 3
3 4
4 5
5 6
6 7
7 8
8 9
9 10
10 11
11 12
12 13
13 14
14 15
15 16
16 17
17 18
18 19
19 20
20 21
21 22
22 23
23 24
24 25
25 26
26 27
27 28
28 29
29 30
30 31
31 32
32 33
33 34
34 35
35 36
36 37
37 38
38 39
39 40
40 41
41 42
42 43
43 44
44 45
45 46
46 47
47 48
48 49
49 50
50 51
51 52
52 53
53 54
54 55
55 56
56 57
57 58
58 59
59 0
42 49
1 16
16 50
36 46
46 54
26 56
26 28
6 56
0 56
4 6
31 49
46 51
0 21
48 51
23 31
3 7
17 23
37 49
9 15
50 54
23 29
22 56
12 56
32 49
28 31
50 52
36 56
32 37
17 49
6 57
50 55
14 16
17 50
31 34
14 55
38 49
7 16
31 36
24 28
8 10
18 23
3 5
1 21
23 25
26 36
23 26
20 23
41 46
4 58
23 28
10 56
9 16
27 36
45 47
1 19
13 55
36 55
47 51
8 16
0 22
6 10
57 59
56 59
45 48
0 3
18 20
10 14
41 44
38 42
1 7
2 7
41 45
32 36
43 48
10 15
17 19
24 26
51 53
1 20
32 34
1 17
10 12
4 57
27 31
31 35
46 55
33 35
50 53
38 46
11 14
40 46
17 31
49 51
43 49
3 6
44 48
46 53
36 38
1 3
16 55
0 4
21 23
23 56
29 31
32 35
39 42
40 42
12 55
4 59
23 30
39 46
