0 1
1 2
2 3
3 4
4 5
5 6
6 7
7 8
8 9
9 10
10 11
11 12
12 13
13 14
14 15
15 16
16 17
17 18
18 19
19 20
20 21
21 22
22 23
23 24
24 25
25 26
26 27
27 28
28 29
29 30
30 31
31 32
32 33
33 34
34 35
35 36
36 37
37 38
38 39
39 40
40 41
41 42
42 43
43 44
44 45
45 46
46 47
47 48
48 49
49 50
50 51
51 52
52 53
53 54
54 55
55 56
56 57
57 58
58 59
59 0
24 49
30 53
9 59
44 49
0 13
38 46
7 11
25 39
25 35
27 53
51 53
30 33
30 37
25 38
19 54
19 27
18 57
46 51
29 53
23 51
51 54
12 17
21 51
11 18
5 7
34 37
38 42
18 27
4 59
27 31
27 57
18 54
22 26
39 44
24 26
15 55
46 48
36 38
6 59
11 58
7 10
19 22
12 16
46 50
3 59
24 50
32 34
14 55
1 13
38 40
14 57
5 59
4 13
0 58
18 55
6 9
4 12
47 50
24 44
34 36
6 8
11 57
21 54
45 48
28 31
27 29
23 50
47 49
0 2
12 14
30 34
7 9
22 24
2 59
26 32
19 26
27 55
1 3
37 51
42 46
39 42
44 46
15 18
43 46
15 17
3 13
39 43
53 55
13 57
40 42
38 41
5 12
12 15
35 38
26 35
55 57
44 48
0 57
12 18
37 53
37 52
26 31
29 31
24 39
5 11
22 51
37 46
26 34
27 56
20 54
9 11
9 58
30 32
20 22

0 1
1 2
2 3
3 4
4 5
5 6
6 7
7 8
8 9
9 10
10 11
11 12
12 13
13 14
14 15
15 16
16 17
17 18
18 19
19 20
20 21
21 22
22 23
23 24
24 25
25 26
26 27
27 28
28 29
29 30
30 31
31 32
32 33
33 34
34 35
35 36
36 37
37 38
38 39
39 40
40 41
41 42
42 43
43 44
44 45
45 46
46 47
47 48
48 49
49 50
50 51
51 52
52 53
53 54
54 55
55 56
56 57
57 58
58 59
59 0
2 53
8 46
19 55
6 57
12 33
19 32
16 21
28 33
40 51
36 43
55 59
36 53
41 43
16 22
46 53
7 46
35 54
2 55
19 33
21 25
11 16
13 33
5 53
21 32
41 48
5 46
11 35
14 27
7 56
0 5
3 5
41 50
26 29
6 56
0 3
16 19
33 55
16 20
15 25
11 44
8 56
11 13
17 20
44 47
47 53
10 45
37 43
9 45
34 54
37 41
8 45
15 22
40 53
43 47
16 55
35 53
41 49
15 27
9 16
25 31
9 56
11 14
28 30
14 16
57 59
40 52
19 21
47 51
25 27
35 44
33 35
39 41
31 33
41 51
12 35
33 54
41 47
2 54
0 4
0 55
22 25
49 51
27 33
2 5
26 30
55 58
10 16
26 28
16 56
37 40
25 30
13 27
21 23
17 19
1 55
35 43
23 25
18 20
5 57
48 51
37 42
6 46
36 40
21 31
45 47
37 39
56 58
11 45
21 24
47 52
