0 1
1 2
2 3
3 4
4 5
5 6
6 7
7 8
8 9
9 10
10 11
11 12
12 13
13 14
14 15
15 16
16 17
17 18
18 19
19 20
20 21
21 22
22 23
23 24
24 25
25 26
26 27
27 28
28 29
29 30
30 31
31 32
32 33
33 34
34 35
35 36
36 37
37 38
38 39
39 40
40 41
41 42
42 43
43 44
44 45
45 46
46 47
47 48
48 49
49 50
50 51
51 52
52 53
53 54
54 55
55 56
56 57
57 58
58 59
59 0
44 55
42 56
8 57
19 25
10 34
42 58
10 27
21 40
1 3
8 46
3 16
38 40
20 23
35 38
14 26
44 46
2 8
43 56
23 29
53 57
34 41
29 32
36 39
4 13
47 54
18 58
20 58
25 28
16 59
8 44
1 16
22 34
21 36
3 15
11 26
18 26
19 58
13 15
8 49
3 7
28 30
15 18
3 13
16 18
5 13
10 13
28 34
32 34
2 57
30 32
46 55
47 49
42 57
34 43
6 13
20 42
34 42
23 34
46 48
11 14
7 10
50 54
19 23
36 38
27 34
21 42
52 57
53 55
0 58
29 31
21 41
49 51
22 35
51 54
49 57
3 6
45 55
10 26
29 33
4 6
19 26
9 34
6 10
23 33
15 26
19 24
0 16
35 41
47 50
46 49
36 40
37 39
25 27
55 57
9 43
22 36
43 55
24 29
24 28
28 32
18 59
1 58
17 59
2 58
10 12
2 7
51 53
38 41
8 43
47 55
21 23
12 14
51 57
7 9

0 1
1 2
2 3
3 4
4 5
5 6
6 7
7 8
8 9
9 10
10 11
11 12
12 13
13 14
14 15
15 16
16 17
17 18
18 19
19 20
20 21
21 22
22 23
23 24
24 25
25 26
26 27
27 28
28 29
29 30
30 31
31 32
32 33
33 34
34 35
35 36
36 37
37 38
38 39
39 40
40 41
41 42
42 43
43 44
44 45
45 46
46 47
47 48
48 49
49 50
50 51
51 52
52 53
53 54
54 55
55 56
56 57
57 58
58 59
59 0
25 42
23 51
26 54
20 57
37 43
36 51
32 36
54 58
20 59
33 36
14 57
0 12
28 35
25 59
28 41
39 43
0 57
29 41
3 57
0 5
23 50
30 39
27 52
5 8
25 50
14 59
12 57
36 52
0 14
42 47
21 55
57 59
32 35
16 20
43 49
7 11
28 42
22 24
42 44
55 58
26 42
41 43
20 25
31 38
56 58
35 52
15 17
33 35
1 4
20 24
4 12
0 3
27 53
30 35
27 35
18 20
20 22
17 20
26 59
42 45
22 55
15 59
0 11
6 8
22 51
0 8
37 51
43 45
6 12
14 19
2 4
29 35
43 50
0 4
29 39
21 57
8 11
26 53
31 36
0 13
14 20
0 9
15 20
43 47
43 48
34 36
17 19
15 19
0 2
8 10
22 54
43 51
25 48
30 38
40 43
13 57
0 10
38 43
48 50
3 12
24 50
26 28
45 47
22 52
26 58
6 11
25 47
31 35
43 46
21 56
29 40
5 12
31 37
22 53
