0 1
1 2
2 3
3 4
4 5
5 6
6 7
7 8
8 9
9 10
10 11
11 12
12 13
13 14
14 15
15 16
16 17
17 18
18 19
19 20
20 21
21 22
22 23
23 24
24 25
25 26
26 27
27 28
28 29
29 30
30 31
31 32
32 33
33 34
34 35
35 36
36 37
37 38
38 39
39 40
40 41
41 42
42 43
43 44
44 45
45 46
46 47
47 48
48 49
49 50
50 51
51 52
52 53
53 54
54 55
55 56
56 57
57 58
58 59
59 0
10 20
17 59
37 59
1 52
51 59
2 47
5 28
23 27
26 34
19 26
0 16
6 23
31 35
52 57
25 27
20 23
29 44
9 15
14 19
5 23
0 6
37 47
1 53
36 41
0 5
34 59
14 18
37 43
4 47
35 43
23 25
19 22
2 49
4 28
48 59
11 15
36 38
22 24
29 33
18 34
27 29
8 15
36 43
1 56
32 34
7 15
37 41
56 59
52 56
22 25
37 40
11 14
37 45
49 52
4 29
45 47
36 59
36 39
54 56
1 4
19 25
30 33
0 7
9 23
29 35
17 34
51 57
11 19
9 11
57 59
50 59
13 19
7 9
41 43
47 59
1 54
43 45
0 4
1 49
3 47
47 49
36 42
29 31
4 45
4 46
1 3
14 17
49 51
9 20
31 33
27 34
29 43
5 27
53 55
48 50
51 58
12 19
53 56
29 34
19 34
12 14
38 40
7 23
36 40
19 21
0 15
35 59
16 59
0 56
20 22
14 16
11 20
31 34
4 44

0 1
1 2
2 3
3 4
4 5
5 6
6 7
7 8
8 9
9 10
10 11
11 12
12 13
13 14
14 15
15 16
16 17
17 18
18 19
19 20
20 21
21 22
22 23
23 24
24 25
25 26
26 27
27 28
28 29
29 30
30 31
31 32
32 33
33 34
34 35
35 36
36 37
37 38
38 39
39 40
40 41
41 42
42 43
43 44
44 45
45 46
46 47
47 48
48 49
49 50
50 51
51 52
52 53
53 54
54 55
55 56
56 57
57 58
58 59
59 0
23 33
12 37
42 51
31 43
18 35
49 56
19 57
5 17
13 37
25 28
13 15
8 55
10 53
5 58
49 57
20 46
50 53
22 29
40 43
45 50
18 59
11 16
20 33
21 46
8 57
37 51
24 30
22 28
24 27
43 46
18 37
19 35
9 54
31 38
12 16
50 54
20 57
50 55
42 50
46 50
10 12
22 46
8 54
3 58
50 56
5 9
37 42
44 46
46 49
4 18
20 34
3 5
6 57
10 37
25 30
46 57
37 53
19 59
9 16
32 36
30 32
19 58
31 37
13 18
32 35
18 36
50 52
48 57
0 2
42 45
10 54
22 30
22 27
22 43
51 53
2 59
1 18
26 28
22 33
24 33
32 37
42 44
31 39
15 18
7 57
39 42
16 18
8 56
5 16
2 4
28 30
31 40
2 18
5 7
13 16
10 16
22 31
6 58
20 35
4 17
5 8
2 58
33 35
24 32
21 33
47 57
39 41
37 39
1 59
46 48
24 26
40 42
