0 1
1 2
2 3
3 4
4 5
5 6
6 7
7 8
8 9
9 10
10 11
11 12
12 13
13 14
14 15
15 16
16 17
17 18
18 19
19 20
20 21
21 22
22 23
23 24
24 25
25 26
26 27
27 28
28 29
29 30
30 31
31 32
32 33
33 34
34 35
35 36
36 37
37 38
38 39
39 40
40 41
41 42
42 43
43 44
44 45
45 46
46 47
47 48
48 49
49 50
50 51
51 52
52 53
53 54
54 55
55 56
56 57
57 58
58 59
59 0
11 22
44 48
5 42
19 29
1 9
5 14
24 59
30 58
48 53
32 42
4 59
51 55
34 43
42 45
34 51
15 19
9 22
14 17
33 35
9 59
39 42
3 9
13 22
45 56
19 25
17 20
30 33
2 59
19 24
44 49
34 42
3 5
29 58
51 57
44 50
30 42
10 14
11 13
34 58
48 51
56 59
33 39
47 54
39 41
21 24
35 39
42 44
6 8
5 45
17 19
5 30
19 30
24 27
28 58
22 24
36 42
52 54
9 24
36 40
5 7
13 17
24 26
48 54
25 28
8 14
44 47
56 58
34 36
6 9
54 56
33 58
30 32
7 14
38 40
5 19
49 51
45 59
8 10
20 24
24 28
35 38
2 9
45 47
19 28
12 14
9 11
15 17
34 44
16 18
13 20
10 12
45 54
16 19
44 46
5 59
34 57
34 50
25 27
21 23
31 42
20 22
40 42
51 53
51 54
2 4
1 59
37 40
3 6
36 38
33 42
0 2
5 15
28 59
55 57
0 1
1 2
2 3
3 4
4 5
5 6
6 7
7 8
8 9
9 10
10 11
11 12
12 13
13 14
14 15
15 16
16 17
17 18
18 19
19 20
20 21
21 22
22 23
23 24
24 25
25 26
26 27
27 28
28 29
29 30
30 31
31 32
32 33
33 34
34 35
35 36
36 37
37 38
38 39
39 40
40 41
41 42
42 43
43 44
44 45
45 46
46 47
47 48
48 49
49 50
50 51
51 52
52 53
53 54
54 55
55 56
56 57
57 58
58 59
59 0
29 55
4 18
3 12
12 34
20 25
31 46
29 48
31 39
13 25
17 24
26 34
12 15
5 11
35 46
7 16
25 59
18 25
17 23
36 39
26 59
28 31
19 22
50 59
27 34
14 25
37 44
35 50
35 59
12 35
53 55
5 9
4 7
17 22
41 43
29 46
0 4
18 22
21 25
4 25
1 35
1 12
0 25
35 48
37 41
33 36
42 46
29 31
7 15
16 25
51 56
36 46
26 57
15 25
8 11
43 45
12 26
49 55
1 3
52 56
4 11
4 17
0 35
35 47
53 56
23 25
57 59
50 53
32 36
7 11
31 41
1 4
13 15
37 43
28 33
3 11
32 39
36 45
27 29
50 55
4 16
18 20
50 54
26 56
38 41
31 33
29 49
51 59
17 25
26 58
28 30
5 8
29 47
26 55
4 6
31 40
48 50
2 12
11 15
36 44
43 46
26 29
12 25
28 34
41 46
50 52
22 25
19 21
5 10
37 39
