0 1
1 2
2 3
3 4
4 5
5 6
6 7
7 8
8 9
9 10
10 11
11 12
12 13
13 14
14 15
15 16
16 17
17 18
18 19
19 20
20 21
21 22
22 23
23 24
24 25
25 26
26 27
27 28
28 29
29 30
30 31
31 32
32 33
33 34
34 35
35 36
36 37
37 38
38 39
39 40
40 41
41 42
42 43
43 44
44 45
45 46
46 47
47 48
48 49
49 50
50 51
51 52
52 53
53 54
54 55
55 56
56 57
57 58
58 59
59 0
19 29
26 54
18 59
8 11
37 42
21 29
17 19
38 55
37 46
26 48
12 17
26 31
10 16
18 23
37 48
1 38
0 12
30 34
8 34
3 12
42 55
10 34
49 51
16 34
45 54
26 29
41 55
2 6
12 59
26 50
43 54
31 36
56 59
23 55
13 17
26 36
18 57
25 54
47 53
44 54
29 31
21 23
0 38
8 37
1 12
24 29
42 44
6 38
34 37
17 34
19 30
2 12
48 51
17 59
51 53
40 55
42 54
46 54
6 8
28 31
50 52
10 14
10 13
4 6
18 21
22 24
47 51
50 53
3 8
38 42
8 38
4 7
26 53
31 35
15 17
26 49
19 34
26 28
10 15
5 7
24 55
35 37
37 45
37 47
46 53
38 40
55 59
25 55
39 42
2 38
18 20
21 24
4 8
27 29
0 55
32 35
42 45
9 34
31 34
56 58
2 4
32 34
8 12
33 35
11 13
23 57
40 42
55 57
20 29
26 37
13 15
25 29
8 10
18 58

0 1
1 2
2 3
3 4
4 5
5 6
6 7
7 8
8 9
9 10
10 11
11 12
12 13
13 14
14 15
15 16
16 17
17 18
18 19
19 20
20 21
21 22
22 23
23 24
24 25
25 26
26 27
27 28
28 29
29 30
30 31
31 32
32 33
33 34
34 35
35 36
36 37
37 38
38 39
39 40
40 41
41 42
42 43
43 44
44 45
45 46
46 47
47 48
48 49
49 50
50 51
51 52
52 53
53 54
54 55
55 56
56 57
57 58
58 59
59 0
44 58
25 41
9 42
8 43
3 38
14 42
47 52
0 47
52 54
47 55
1 5
52 59
3 5
1 4
52 57
17 31
14 25
7 32
11 14
44 46
30 37
5 44
14 19
53 55
40 59
0 45
6 43
39 59
25 30
27 37
16 19
19 22
14 24
14 16
6 35
48 59
9 16
28 30
37 39
7 34
5 37
7 31
17 30
26 30
12 16
42 59
49 52
3 59
5 38
48 50
42 58
21 30
6 36
37 41
48 52
0 2
52 56
10 42
30 35
44 56
6 37
7 16
23 25
15 19
9 11
52 55
38 59
43 58
8 42
19 24
25 42
11 16
16 18
44 57
28 37
0 3
12 14
47 49
0 44
7 35
44 47
21 25
20 30
7 33
52 58
25 27
19 21
22 25
1 44
6 44
11 42
30 36
0 48
39 41
29 37
41 59
30 33
7 17
7 43
31 33
19 23
7 9
53 56
18 30
27 30
0 46
27 41
13 16
1 3
44 55
