0 1
1 2
2 3
3 4
4 5
5 6
6 7
7 8
8 9
9 10
10 11
11 12
12 13
13 14
14 15
15 16
16 17
17 18
18 19
19 20
20 21
21 22
22 23
23 24
24 25
25 26
26 27
27 28
28 29
29 30
30 31
31 32
32 33
33 34
34 35
35 36
36 37
37 38
38 39
39 40
40 41
41 42
42 43
43 44
44 45
45 46
46 47
47 48
48 49
49 50
50 51
51 52
52 53
53 54
54 55
55 56
56 57
57 58
58 59
59 0
4 26
14 27
47 51
5 39
36 52
0 46
47 55
33 52
39 42
6 8
8 23
15 27
1 54
54 58
27 35
29 31
12 14
2 39
9 36
45 52
55 57
16 27
12 18
46 59
7 26
8 20
1 43
46 55
48 50
6 9
37 52
6 26
1 52
20 25
45 51
4 32
50 54
14 35
32 52
11 13
1 58
9 37
6 37
9 19
28 30
46 56
5 26
29 35
10 12
56 58
39 52
54 57
31 33
1 41
17 20
50 55
1 32
9 14
14 18
15 18
5 37
11 14
39 43
26 32
1 45
31 34
8 21
9 35
3 5
50 53
16 20
8 19
48 55
1 40
27 30
39 41
16 25
37 39
1 4
7 23
8 22
22 25
43 45
27 32
27 31
45 47
9 11
0 45
33 36
1 44
2 4
5 38
23 26
1 39
23 25
50 52
0 58
34 36
25 27
17 19
1 53
28 35
22 24
47 49
41 43
39 45
10 19
10 18
49 51
29 34
15 17
2 5
21 25
46 58
0 1
1 2
2 3
3 4
4 5
5 6
6 7
7 8
8 9
9 10
10 11
11 12
12 13
13 14
14 15
15 16
16 17
17 18
18 19
19 20
20 21
21 22
22 23
23 24
24 25
25 26
26 27
27 28
28 29
29 30
30 31
31 32
32 33
33 34
34 35
35 36
36 37
37 38
38 39
39 40
40 41
41 42
42 43
43 44
44 45
45 46
46 47
47 48
48 49
49 50
50 51
51 52
52 53
53 54
54 55
55 56
56 57
57 58
58 59
59 0
9 57
21 55
37 42
8 15
15 38
21 52
0 7
46 49
23 32
28 42
5 46
55 58
42 52
36 38
9 21
24 31
2 52
20 35
7 39
53 58
28 34
0 3
48 52
26 42
23 33
5 52
2 58
6 46
6 42
9 16
28 31
0 4
20 23
10 13
52 54
26 28
6 44
9 55
9 56
25 52
42 47
15 36
2 53
57 59
5 50
30 33
5 51
42 48
48 51
18 36
19 36
38 41
37 41
19 35
25 31
0 9
52 55
7 38
0 2
42 45
2 59
19 21
20 22
13 16
8 13
34 42
20 33
8 14
8 11
34 37
13 15
23 52
7 41
26 31
0 8
30 32
7 15
9 13
9 17
46 50
9 59
23 31
18 21
42 44
38 40
16 36
44 46
20 34
21 23
53 55
8 10
42 46
6 41
26 52
17 36
0 5
29 33
46 48
8 12
17 21
28 33
0 6
1 59
27 42
4 52
24 52
35 37
3 52
6 43
7 40
