0 1
1 2
2 3
3 4
4 5
5 6
6 7
7 8
8 9
9 10
10 11
11 12
12 13
13 14
14 15
15 16
16 17
17 18
18 19
19 20
20 21
21 22
22 23
23 24
24 25
25 26
26 27
27 28
28 29
29 30
30 31
31 32
32 33
33 34
34 35
35 36
36 37
37 38
38 39
39 40
40 41
41 42
42 43
43 44
44 45
45 46
46 47
47 48
48 49
49 50
50 51
51 52
52 53
53 54
54 55
55 56
56 57
57 58
58 59
59 0
25 55
13 58
30 55
5 26
1 33
8 19
6 23
0 45
0 11
44 46
2 8
11 58
0 38
31 33
4 31
31 44
14 21
4 33
48 52
2 7
0 57
27 30
41 44
31 55
6 20
28 31
3 5
32 38
44 51
45 48
10 14
56 58
33 35
35 37
16 18
32 43
44 49
45 53
19 21
44 48
10 19
39 43
53 56
32 36
8 11
49 52
0 39
57 59
14 55
51 55
7 20
1 8
2 4
1 34
35 38
6 22
6 21
39 45
21 55
36 38
51 54
33 36
45 47
9 19
39 42
5 7
48 53
11 14
46 48
17 21
15 18
15 19
45 57
44 50
7 19
14 16
40 44
25 27
22 55
55 58
45 56
5 24
0 35
8 10
24 26
32 39
16 21
41 43
39 41
51 53
5 27
5 31
2 5
12 14
54 56
27 31
14 19
17 19
11 59
6 24
44 55
1 4
39 44
23 55
1 11
0 34
32 44
12 58
27 29
29 31
49 51
25 30
13 55
24 55

0 1
1 2
2 3
3 4
4 5
5 6
6 7
7 8
8 9
9 10
10 11
11 12
12 13
13 14
14 15
15 16
16 17
17 18
18 19
19 20
20 21
21 22
22 23
23 24
24 25
25 26
26 27
27 28
28 29
29 30
30 31
31 32
32 33
33 34
34 35
35 36
36 37
37 38
38 39
39 40
40 41
41 42
42 43
43 44
44 45
45 46
46 47
47 48
48 49
49 50
50 51
51 52
52 53
53 54
54 55
55 56
56 57
57 58
58 59
59 0
25 31
43 57
1 6
6 25
21 27
14 51
2 31
43 48
1 41
16 46
6 58
6 16
21 25
8 55
16 34
9 14
20 33
0 42
42 59
22 25
12 54
5 25
28 32
31 36
16 37
16 25
47 51
6 59
11 55
47 49
16 51
38 44
22 24
2 41
18 20
37 45
30 32
34 37
6 15
43 45
20 28
13 54
43 58
10 13
43 46
14 52
19 24
20 34
49 54
1 5
47 50
9 55
21 28
17 20
6 55
26 30
26 28
12 55
16 45
36 39
2 40
13 53
38 42
6 57
1 3
15 51
28 30
2 25
32 34
52 54
9 13
1 42
7 15
31 34
34 36
4 25
2 36
21 24
16 20
50 52
16 19
1 59
48 54
43 59
48 56
10 12
6 56
36 40
38 45
38 40
43 56
21 23
16 47
19 25
42 44
40 42
13 52
7 55
43 47
7 9
31 35
10 55
9 15
50 54
3 25
21 26
20 24
26 31
26 29
37 39
48 55
28 33
