0 1
1 2
2 3
3 4
4 5
5 6
6 7
7 8
8 9
9 10
10 11
11 12
12 13
13 14
14 15
15 16
16 17
17 18
18 19
19 20
20 21
21 22
22 23
23 24
24 25
25 26
26 27
27 28
28 29
29 30
30 31
31 32
32 33
33 34
34 35
35 36
36 37
37 38
38 39
39 40
40 41
41 42
42 43
43 44
44 45
45 46
46 47
47 48
48 49
49 50
50 51
51 52
52 53
53 54
54 55
55 56
56 57
57 58
58 59
59 0
7 15
15 17
17 38
3 53
47 53
8 18
17 56
28 32
46 49
41 44
19 30
27 52
3 17
19 53
10 18
22 24
19 25
1 56
27 34
35 37
37 52
17 41
25 53
53 55
17 37
32 36
41 53
41 45
22 30
13 17
37 43
34 36
44 49
24 28
5 18
0 56
55 57
23 30
39 42
54 58
19 36
6 17
13 18
28 34
1 17
43 52
19 21
3 19
38 43
8 10
13 15
21 25
0 53
51 53
30 32
6 8
18 36
1 3
3 5
26 52
18 37
41 46
12 14
25 28
7 12
7 9
6 15
41 56
53 56
4 19
7 10
39 43
56 59
3 6
34 37
20 22
48 51
55 58
25 27
47 51
41 47
1 53
17 40
25 52
38 40
0 54
40 42
23 28
2 17
7 11
10 12
7 14
27 37
49 51
44 51
43 51
6 16
45 49
44 50
6 18
12 18
56 58
5 19
19 31
19 22
46 48
0 58
41 43
32 34
19 32
22 25
28 33
23 29
29 32

0 1
1 2
2 3
3 4
4 5
5 6
6 7
7 8
8 9
9 10
10 11
11 12
12 13
13 14
14 15
15 16
16 17
17 18
18 19
19 20
20 21
21 22
22 23
23 24
24 25
25 26
26 27
27 28
28 29
29 30
30 31
31 32
32 33
33 34
34 35
35 36
36 37
37 38
38 39
39 40
40 41
41 42
42 43
43 44
44 45
45 46
46 47
47 48
48 49
49 50
50 51
51 52
52 53
53 54
54 55
55 56
56 57
57 58
58 59
59 0
4 54
41 55
54 57
23 34
10 19
8 34
33 50
48 55
28 52
35 38
18 27
37 47
2 34
27 32
50 54
4 59
39 47
5 27
34 59
20 27
46 55
43 55
38 47
10 34
7 27
33 52
10 15
25 34
40 44
2 4
28 30
17 27
50 55
9 12
27 29
15 27
5 53
40 55
9 13
35 49
35 56
8 13
34 58
35 55
44 46
10 21
43 46
23 26
11 14
42 55
40 46
0 4
15 19
4 57
52 54
10 22
23 25
28 31
2 5
31 33
42 44
10 14
35 47
0 34
22 34
20 26
33 51
14 27
26 34
34 57
49 55
38 55
29 31
36 38
34 56
47 55
28 53
9 11
21 26
43 45
16 19
36 47
5 34
5 8
24 26
4 58
22 26
18 20
11 13
26 33
4 53
9 34
13 27
34 49
39 55
6 27
0 2
27 53
0 3
1 34
39 46
5 7
10 20
47 49
54 56
16 27
34 50
50 52
27 33
8 27
17 19
31 52
27 31
