0 1
1 2
2 3
3 4
4 5
5 6
6 7
7 8
8 9
9 10
10 11
11 12
12 13
13 14
14 15
15 16
16 17
17 18
18 19
19 20
20 21
21 22
22 23
23 24
24 25
25 26
26 27
27 28
28 29
29 30
30 31
31 32
32 33
33 34
34 35
35 36
36 37
37 38
38 39
39 40
40 41
41 42
42 43
43 44
44 45
45 46
46 47
47 48
48 49
49 50
50 51
51 52
52 53
53 54
54 55
55 56
56 57
57 58
58 59
59 0
9 21
13 59
27 35
47 59
0 12
21 23
13 21
14 34
6 9
41 43
38 58
1 41
18 24
2 12
13 34
24 41
2 7
14 21
21 24
34 59
24 26
38 45
2 9
25 34
54 59
2 8
25 28
6 12
23 41
0 2
4 6
45 56
36 59
22 41
15 18
51 59
50 54
16 24
2 5
31 35
31 33
35 59
37 39
2 6
50 59
41 46
2 41
25 31
35 40
33 35
24 40
47 55
20 24
25 32
9 12
24 35
15 20
32 34
41 47
26 28
49 55
56 59
19 24
38 59
9 11
10 12
39 42
11 13
46 56
50 52
38 44
28 30
52 59
3 6
39 44
15 34
7 9
54 56
1 59
27 30
3 12
53 59
45 57
43 46
30 35
14 20
43 45
12 59
47 56
16 34
36 38
17 24
38 57
39 43
15 19
49 59
11 21
57 59
47 49
36 39
27 29
41 59
16 25
52 54
50 55
28 31
48 55
15 17
2 4
24 27
35 39
39 41
21 41
2 21
0 1
1 2
2 3
3 4
4 5
5 6
6 7
7 8
8 9
9 10
10 11
11 12
12 13
13 14
14 15
15 16
16 17
17 18
18 19
19 20
20 21
21 22
22 23
23 24
24 25
25 26
26 27
27 28
28 29
29 30
30 31
31 32
32 33
33 34
34 35
35 36
36 37
37 38
38 39
39 40
40 41
41 42
42 43
43 44
44 45
45 46
46 47
47 48
48 49
49 50
50 51
51 52
52 53
53 54
54 55
55 56
56 57
57 58
58 59
59 0
20 58
13 26
1 15
43 57
40 55
1 33
23 35
5 10
8 32
36 57
39 58
40 49
6 10
16 21
43 54
5 12
43 50
10 13
2 15
31 34
5 8
36 43
16 59
1 57
42 45
5 13
20 37
43 48
15 22
2 32
3 13
13 32
14 25
13 31
19 59
5 11
36 41
2 13
55 57
22 36
40 53
22 25
23 34
0 15
38 40
5 7
20 38
44 47
40 51
3 8
4 8
1 36
55 58
15 25
20 36
23 31
43 52
24 30
42 46
37 40
21 36
41 49
10 32
16 19
53 55
23 30
16 18
20 39
42 49
13 28
26 30
16 20
8 10
3 32
54 57
40 50
40 58
42 44
7 10
23 25
33 36
26 29
4 13
0 16
36 42
43 53
36 40
46 49
46 48
23 36
16 22
45 47
20 59
0 58
13 15
43 51
13 30
13 29
1 58
2 33
13 27
48 50
25 30
9 32
51 53
56 58
43 47
14 26
17 59
34 36
17 19
