0 1
1 2
2 3
3 4
4 5
5 6
6 7
7 8
8 9
9 10
10 11
11 12
12 13
13 14
14 15
15 16
16 17
17 18
18 19
19 20
20 21
21 22
22 23
23 24
24 25
25 26
26 27
27 28
28 29
29 30
30 31
31 32
32 33
33 34
34 35
35 36
36 37
37 38
38 39
39 40
40 41
41 42
42 43
43 44
44 45
45 46
46 47
47 48
48 49
49 50
50 51
51 52
52 53
53 54
54 55
55 56
56 57
57 58
58 59
59 0
34 41
19 30
20 41
8 36
12 34
8 39
25 32
24 32
15 57
1 40
8 38
45 57
18 43
40 53
7 11
36 38
19 27
3 13
34 38
45 48
23 32
2 39
31 34
19 34
42 50
9 11
2 58
47 52
9 34
25 27
38 41
9 36
3 6
23 41
14 34
1 54
18 44
53 57
35 37
41 50
1 53
21 24
3 8
0 54
18 34
19 31
1 58
3 15
25 28
44 48
4 8
54 58
40 50
19 25
18 20
54 59
40 52
15 18
19 21
18 41
47 51
3 57
43 49
18 45
19 26
39 41
15 45
27 30
56 58
9 12
14 16
47 57
3 14
53 56
16 34
48 51
25 31
17 34
21 25
5 8
6 8
23 34
10 12
53 55
23 33
50 52
3 58
13 34
54 56
22 24
34 36
21 23
46 57
7 12
43 50
31 33
28 30
3 5
2 8
34 37
18 42
29 31
46 48
52 57
1 59
3 7
7 13
1 39
49 51
8 11
28 31
21 41
15 17
43 48
0 1
1 2
2 3
3 4
4 5
5 6
6 7
7 8
8 9
9 10
10 11
11 12
12 13
13 14
14 15
15 16
16 17
17 18
18 19
19 20
20 21
21 22
22 23
23 24
24 25
25 26
26 27
27 28
28 29
29 30
30 31
31 32
32 33
33 34
34 35
35 36
36 37
37 38
38 39
39 40
40 41
41 42
42 43
43 44
44 45
45 46
46 47
47 48
48 49
49 50
50 51
51 52
52 53
53 54
54 55
55 56
56 57
57 58
58 59
59 0
11 21
27 57
19 23
6 50
38 42
7 15
4 55
39 51
37 52
0 7
24 59
24 49
4 56
33 57
37 42
25 33
40 47
46 49
27 32
45 49
6 54
0 57
12 14
29 33
6 19
27 31
13 20
41 46
0 4
52 56
11 24
5 54
13 16
11 20
2 56
0 9
34 52
34 57
38 51
33 42
38 40
27 29
17 20
35 42
42 45
44 49
24 57
51 54
32 57
0 24
52 55
6 16
24 26
42 46
40 42
52 54
33 43
0 10
4 7
30 33
10 15
40 46
23 49
26 29
11 22
39 50
25 29
12 15
48 50
33 44
19 22
1 57
40 48
12 20
34 42
7 16
6 23
0 11
11 23
7 10
6 49
11 15
4 6
16 19
37 51
0 58
16 20
24 27
25 49
7 9
16 18
25 44
1 3
43 45
17 19
3 56
0 3
0 8
50 54
20 22
30 32
36 42
39 48
13 15
2 57
57 59
26 28
4 54
51 53
36 52
34 56
35 52
47 49
