0 1
1 2
2 3
3 4
4 5
5 6
6 7
7 8
8 9
9 10
10 11
11 12
12 13
13 14
14 15
15 16
16 17
17 18
18 19
19 20
20 21
21 22
22 23
23 24
24 25
25 26
26 27
27 28
28 29
29 30
30 31
31 32
32 33
33 34
34 35
35 36
36 37
37 38
38 39
39 40
40 41
41 42
42 43
43 44
44 45
45 46
46 47
47 48
48 49
49 50
50 51
51 52
52 53
53 54
54 55
55 56
56 57
57 58
58 59
59 0
21 39
7 34
12 47
13 47
13 18
15 30
9 14
5 52
5 45
7 48
10 48
1 3
26 35
13 16
31 35
16 19
35 39
26 31
26 28
46 48
23 27
16 28
16 29
49 52
18 41
18 21
50 58
23 28
1 6
21 36
50 53
5 7
8 32
20 22
49 51
26 36
7 58
44 47
6 58
1 4
52 59
48 58
4 59
0 4
21 41
39 41
13 43
5 49
9 15
52 57
43 45
1 5
21 26
1 59
53 58
55 58
55 57
7 43
24 27
21 25
15 31
35 43
41 43
28 30
2 5
3 5
19 23
13 42
5 46
5 59
8 31
11 14
19 28
52 58
34 43
19 21
19 22
31 34
21 37
7 10
13 15
52 55
28 31
8 15
21 40
36 39
18 42
45 47
5 43
54 58
7 9
1 58
15 29
43 47
22 24
24 26
11 13
17 19
11 47
7 33
31 33
5 48
36 38
8 33
56 58
22 25
10 47
51 53
13 17
48 50
37 39
9 11
39 43
53 55

0 1
1 2
2 3
3 4
4 5
5 6
6 7
7 8
8 9
9 10
10 11
11 12
12 13
13 14
14 15
15 16
16 17
17 18
18 19
19 20
20 21
21 22
22 23
23 24
24 25
25 26
26 27
27 28
28 29
29 30
30 31
31 32
32 33
33 34
34 35
35 36
36 37
37 38
38 39
39 40
40 41
41 42
42 43
43 44
44 45
45 46
46 47
47 48
48 49
49 50
50 51
51 52
52 53
53 54
54 55
55 56
56 57
57 58
58 59
59 0
15 28
39 47
7 57
20 32
3 57
15 40
36 47
0 10
49 58
31 53
4 6
0 42
33 47
19 38
18 39
35 47
48 53
25 29
15 53
32 47
8 56
42 48
20 29
41 44
10 12
8 54
41 46
4 7
9 53
0 49
19 36
0 7
32 36
50 56
19 39
20 36
18 23
20 31
15 42
23 25
50 57
0 5
33 36
2 58
8 55
20 30
33 35
43 46
0 13
17 25
15 26
0 58
41 47
21 29
12 15
49 59
15 18
11 53
32 53
18 24
34 36
53 56
0 12
15 39
49 57
2 4
18 25
32 48
28 53
15 25
42 49
18 20
38 47
50 52
0 2
25 27
15 27
42 46
41 45
23 29
0 9
54 56
0 8
29 31
42 44
22 29
37 47
3 58
49 53
20 23
40 47
44 46
10 53
14 42
15 17
40 42
42 47
4 57
16 18
0 6
8 53
0 14
11 15
51 56
7 56
27 29
21 23
52 56
19 37
29 53
12 14
