0 1
1 2
2 3
3 4
4 5
5 6
6 7
7 8
8 9
9 10
10 11
11 12
12 13
13 14
14 15
15 16
16 17
17 18
18 19
19 20
20 21
21 22
22 23
23 24
24 25
25 26
26 27
27 28
28 29
29 30
30 31
31 32
32 33
33 34
34 35
35 36
36 37
37 38
38 39
39 40
40 41
41 42
42 43
43 44
44 45
45 46
46 47
47 48
48 49
49 50
50 51
51 52
52 53
53 54
54 55
55 56
56 57
57 58
58 59
59 0
43 53
13 25
0 29
27 54
29 34
15 58
43 47
24 56
29 50
18 57
40 50
27 41
4 7
15 19
1 12
32 37
28 36
40 44
0 15
27 29
14 19
12 14
7 10
50 53
11 26
52 54
40 46
21 25
6 8
1 3
0 51
55 59
27 40
29 33
7 9
16 19
54 56
2 9
22 24
1 10
2 11
1 7
1 29
40 49
18 56
42 54
29 40
16 57
2 8
12 25
55 57
23 56
37 39
32 35
1 27
46 48
13 20
35 37
30 38
13 21
0 58
21 24
54 59
34 36
38 40
5 8
30 32
0 50
32 38
44 46
40 43
18 21
55 58
47 49
37 40
15 57
27 56
2 27
1 15
2 4
51 59
28 37
21 56
11 25
4 8
31 38
43 46
25 56
40 45
41 43
51 54
47 50
10 12
1 14
11 27
29 38
19 21
30 33
43 50
26 56
2 10
1 4
46 49
21 23
28 40
41 54
14 20
4 6
17 19
51 53
32 34
28 34
42 53
17 57

0 1
1 2
2 3
3 4
4 5
5 6
6 7
7 8
8 9
9 10
10 11
11 12
12 13
13 14
14 15
15 16
16 17
17 18
18 19
19 20
20 21
21 22
22 23
23 24
24 25
25 26
26 27
27 28
28 29
29 30
30 31
31 32
32 33
33 34
34 35
35 36
36 37
37 38
38 39
39 40
40 41
41 42
42 43
43 44
44 45
45 46
46 47
47 48
48 49
49 50
50 51
51 52
52 53
53 54
54 55
55 56
56 57
57 58
58 59
59 0
39 54
27 50
39 41
29 42
21 55
31 58
22 53
16 21
0 26
41 49
4 16
27 43
40 52
42 47
27 47
12 57
0 57
33 42
42 44
2 18
10 14
53 55
26 58
38 58
0 22
12 15
8 15
2 57
34 41
5 9
24 50
26 28
41 48
2 12
0 23
29 43
8 14
27 44
30 58
18 22
33 41
15 56
4 10
29 58
35 41
38 54
37 41
0 2
3 18
16 55
4 11
17 20
22 55
16 20
0 25
22 50
4 15
35 38
5 10
3 11
45 47
41 52
56 58
25 27
27 45
38 41
12 56
6 15
57 59
40 54
5 15
15 55
23 25
0 18
33 35
32 42
19 22
29 32
3 12
4 18
10 13
22 51
44 47
1 18
28 43
27 46
42 48
49 51
18 20
23 50
32 58
33 58
28 58
20 22
33 38
54 58
4 17
11 13
27 48
36 41
7 15
36 38
13 15
40 53
48 50
26 59
8 10
29 31
49 52
22 52
24 27
6 9
