0 1
1 2
2 3
3 4
4 5
5 6
6 7
7 8
8 9
9 10
10 11
11 12
12 13
13 14
14 15
15 16
16 17
17 18
18 19
19 20
20 21
21 22
22 23
23 24
24 25
25 26
26 27
27 28
28 29
29 30
30 31
31 32
32 33
33 34
34 35
35 36
36 37
37 38
38 39
39 40
40 41
41 42
42 43
43 44
44 45
45 46
46 47
47 48
48 49
49 50
50 51
51 52
52 53
53 54
54 55
55 56
56 57
57 58
58 59
59 0
11 59
10 38
31 59
38 55
3 11
44 47
15 37
36 46
35 59
2 11
42 52
5 8
11 24
29 36
32 36
2 5
2 56
36 59
40 55
50 53
39 55
37 46
48 57
25 31
21 36
20 23
41 54
13 24
24 26
21 37
24 28
42 54
37 45
52 54
31 36
24 36
57 59
13 17
36 58
8 10
22 24
1 11
49 57
1 59
46 48
4 10
17 24
18 24
5 55
18 23
43 52
20 22
13 37
19 21
24 29
10 55
36 57
48 50
40 42
25 28
6 10
19 23
36 48
4 9
39 43
44 51
32 34
50 54
26 28
5 7
24 59
22 36
33 35
6 8
32 59
0 11
18 21
50 56
45 47
49 56
2 55
3 5
44 50
18 37
25 27
12 24
5 9
5 10
50 55
34 59
25 59
47 50
28 30
10 12
17 37
3 10
1 57
13 38
13 15
39 45
10 13
13 16
14 37
30 36
40 43
41 55
16 37
44 52
28 31
33 36
51 53
43 45
38 45
1 56
0 1
1 2
2 3
3 4
4 5
5 6
6 7
7 8
8 9
9 10
10 11
11 12
12 13
13 14
14 15
15 16
16 17
17 18
18 19
19 20
20 21
21 22
22 23
23 24
24 25
25 26
26 27
27 28
28 29
29 30
30 31
31 32
32 33
33 34
34 35
35 36
36 37
37 38
38 39
39 40
40 41
41 42
42 43
43 44
44 45
45 46
46 47
47 48
48 49
49 50
50 51
51 52
52 53
53 54
54 55
55 56
56 57
57 58
58 59
59 0
0 42
1 34
15 22
12 15
14 39
22 34
2 6
52 59
4 58
14 43
0 35
26 36
12 14
7 22
47 55
11 56
19 39
28 34
8 56
24 39
11 13
32 35
17 39
16 21
0 43
8 12
29 32
26 37
27 34
46 55
38 40
45 49
14 41
55 59
55 57
13 43
0 44
37 41
45 59
27 36
44 59
26 38
6 58
2 7
11 44
56 58
8 22
0 37
48 54
54 59
19 24
49 54
7 56
11 45
30 35
20 24
25 39
27 30
24 27
16 22
0 3
38 41
14 17
4 59
14 16
24 34
50 52
25 38
1 22
9 12
27 29
49 51
16 20
51 54
2 22
1 35
28 33
14 40
53 59
11 46
50 59
0 4
47 54
41 43
27 35
10 56
2 4
30 32
31 35
18 20
28 32
6 56
45 48
0 2
13 44
46 56
23 34
9 56
21 23
45 50
12 22
17 20
0 36
18 39
5 58
9 11
55 58
37 42
4 6
21 24
