0 1
1 2
2 3
3 4
4 5
5 6
6 7
7 8
8 9
9 10
10 11
11 12
12 13
13 14
14 15
15 16
16 17
17 18
18 19
19 20
20 21
21 22
22 23
23 24
24 25
25 26
26 27
27 28
28 29
29 30
30 31
31 32
32 33
33 34
34 35
35 36
36 37
37 38
38 39
39 40
40 41
41 42
42 43
43 44
44 45
45 46
46 47
47 48
48 49
49 50
50 51
51 52
52 53
53 54
54 55
55 56
56 57
57 58
58 59
59 0
5 40
2 26
16 23
34 47
22 32
45 49
38 46
1 52
1 42
9 23
24 26
34 53
24 29
26 59
16 38
29 58
31 34
6 25
0 52
29 32
8 10
31 54
33 35
1 26
52 55
45 51
4 26
30 55
5 12
42 44
0 57
57 59
38 40
15 23
0 55
20 33
20 22
12 40
36 47
48 51
46 48
20 23
16 36
29 59
18 36
7 11
18 23
8 25
42 46
43 45
22 33
2 40
14 38
21 33
5 26
19 36
17 36
29 57
12 23
6 12
39 46
23 32
42 45
28 59
44 51
6 11
0 26
9 25
33 36
29 56
19 23
13 23
48 52
39 42
45 50
12 14
44 52
29 55
10 12
23 29
52 54
31 33
15 38
34 54
42 52
34 52
47 52
37 46
40 42
20 36
0 56
30 54
7 10
30 32
4 40
36 46
26 28
12 38
45 48
1 40
17 23
14 23
2 4
9 24
27 29
36 38
5 25
6 8
49 51
10 23
34 36
3 26
26 29
39 41
0 1
1 2
2 3
3 4
4 5
5 6
6 7
7 8
8 9
9 10
10 11
11 12
12 13
13 14
14 15
15 16
16 17
17 18
18 19
19 20
20 21
21 22
22 23
23 24
24 25
25 26
26 27
27 28
28 29
29 30
30 31
31 32
32 33
33 34
34 35
35 36
36 37
37 38
38 39
39 40
40 41
41 42
42 43
43 44
44 45
45 46
46 47
47 48
48 49
49 50
50 51
51 52
52 53
53 54
54 55
55 56
56 57
57 58
58 59
59 0
10 32
33 58
11 59
29 34
10 29
24 59
40 57
17 19
33 57
36 57
46 51
10 17
28 45
26 56
24 58
44 48
35 41
1 10
7 9
4 59
13 16
15 19
45 54
29 45
54 56
42 48
34 45
3 9
22 25
13 19
25 58
26 57
2 10
13 21
42 54
55 57
40 54
11 22
30 34
8 59
22 28
4 7
0 11
40 55
36 39
47 50
10 20
51 54
9 58
41 44
10 16
14 19
25 27
37 57
35 44
17 20
13 15
42 50
6 9
27 54
32 34
22 59
42 51
45 53
7 59
39 57
12 16
46 50
18 20
11 21
41 54
28 54
21 28
34 57
23 59
27 56
36 41
1 11
36 40
10 33
20 29
22 24
10 30
25 28
1 4
20 28
42 49
10 31
48 50
1 59
2 9
34 44
5 7
13 20
11 16
8 58
44 46
35 57
43 48
15 17
51 53
44 47
3 5
38 57
9 33
11 13
3 6
26 58
46 53
1 3
46 52
37 39
41 43
