0 1
1 2
2 3
3 4
4 5
5 6
6 7
7 8
8 9
9 10
10 11
11 12
12 13
13 14
14 15
15 16
16 17
17 18
18 19
19 20
20 21
21 22
22 23
23 24
24 25
25 26
26 27
27 28
28 29
29 30
30 31
31 32
32 33
33 34
34 35
35 36
36 37
37 38
38 39
39 40
40 41
41 42
42 43
43 44
44 45
45 46
46 47
47 48
48 49
49 50
50 51
51 52
52 53
53 54
54 55
55 56
56 57
57 58
58 59
59 0
0 45
17 55
21 32
19 34
16 43
16 38
33 53
4 55
21 24
22 54
14 45
17 38
0 52
18 38
36 43
6 12
34 53
30 32
27 54
32 34
11 55
4 12
11 15
27 29
19 37
37 41
27 53
23 54
35 47
54 56
2 14
4 13
21 25
44 47
4 9
47 49
24 27
0 46
17 22
30 53
31 33
1 58
53 57
56 58
48 53
29 32
3 14
15 43
0 47
15 17
36 47
4 56
57 59
45 47
12 14
1 14
21 23
37 42
9 12
47 53
20 22
53 59
19 21
26 29
5 12
18 37
34 37
24 26
47 51
18 22
28 30
43 47
4 6
4 7
48 51
21 29
9 11
15 44
15 45
35 53
19 32
23 27
18 20
16 41
2 58
16 39
1 45
21 26
3 58
47 52
22 55
30 33
11 14
27 30
38 40
4 58
7 12
16 40
37 43
49 51
8 12
48 50
4 8
15 55
38 41
41 43
35 37
0 53
4 11
54 57
10 12
1 59
3 13
48 52
0 1
1 2
2 3
3 4
4 5
5 6
6 7
7 8
8 9
9 10
10 11
11 12
12 13
13 14
14 15
15 16
16 17
17 18
18 19
19 20
20 21
21 22
22 23
23 24
24 25
25 26
26 27
27 28
28 29
29 30
30 31
31 32
32 33
33 34
34 35
35 36
36 37
37 38
38 39
39 40
40 41
41 42
42 43
43 44
44 45
45 46
46 47
47 48
48 49
49 50
50 51
51 52
52 53
53 54
54 55
55 56
56 57
57 58
58 59
59 0
7 54
28 53
1 51
3 12
18 33
2 55
21 53
28 37
2 4
9 15
1 37
22 27
42 47
7 55
15 37
37 52
33 37
7 10
18 53
18 26
38 49
7 53
13 15
1 46
1 44
38 48
22 53
47 50
1 38
19 25
1 54
39 43
9 18
32 35
42 45
18 32
0 57
54 58
33 35
9 53
50 52
37 53
17 37
43 45
18 25
9 17
14 37
37 50
31 35
28 36
30 35
13 37
10 13
44 46
1 50
3 11
18 21
22 28
38 43
26 28
28 32
1 55
20 23
38 42
22 24
52 54
20 25
1 57
3 37
33 36
39 41
9 16
2 6
7 11
1 3
22 25
11 13
1 43
37 49
20 24
42 48
7 9
6 11
8 10
28 35
1 47
51 54
5 11
10 15
2 7
29 35
55 58
17 33
28 31
39 42
1 56
29 31
0 54
40 42
0 58
22 26
3 5
12 37
40 43
18 28
54 59
16 37
42 46
34 36
55 57
2 5
