0 1
1 2
2 3
3 4
4 5
5 6
6 7
7 8
8 9
9 10
10 11
11 12
12 13
13 14
14 15
15 16
16 17
17 18
18 19
19 20
20 21
21 22
22 23
23 24
24 25
25 26
26 27
27 28
28 29
29 30
30 31
31 32
32 33
33 34
34 35
35 36
36 37
37 38
38 39
39 40
40 41
41 42
42 43
43 44
44 45
45 46
46 47
47 48
48 49
49 50
50 51
51 52
52 53
53 54
54 55
55 56
56 57
57 58
58 59
59 0
3 23
2 17
31 59
17 32
3 29
45 58
40 54
0 29
50 52
17 42
36 54
23 28
21 29
2 29
48 58
33 55
4 17
41 48
17 33
10 17
2 45
37 39
48 50
18 29
52 58
15 18
3 15
9 11
33 36
50 54
51 54
36 40
8 12
25 29
11 16
40 49
41 46
33 57
19 22
40 50
7 15
17 43
18 32
12 16
8 15
6 9
22 24
17 36
8 13
36 42
0 30
35 54
30 32
15 22
22 29
41 45
24 27
52 54
19 29
26 29
53 58
32 57
5 15
17 44
6 17
57 59
2 58
13 15
10 16
5 7
18 30
54 57
15 23
12 15
36 39
34 55
24 26
0 58
17 45
34 36
24 29
34 54
46 58
46 48
20 29
36 41
1 58
20 22
54 56
47 58
18 22
3 17
38 54
42 44
38 40
55 57
7 9
37 54
27 29
3 5
9 12
8 14
53 57
42 45
6 10
23 29
1 29
4 6
41 49
24 28
15 17
32 59
0 31
50 58

0 1
1 2
2 3
3 4
4 5
5 6
6 7
7 8
8 9
9 10
10 11
11 12
12 13
13 14
14 15
15 16
16 17
17 18
18 19
19 20
20 21
21 22
22 23
23 24
24 25
25 26
26 27
27 28
28 29
29 30
30 31
31 32
32 33
33 34
34 35
35 36
36 37
37 38
38 39
39 40
40 41
41 42
42 43
43 44
44 45
45 46
46 47
47 48
48 49
49 50
50 51
51 52
52 53
53 54
54 55
55 56
56 57
57 58
58 59
59 0
1 59
33 38
47 50
21 42
10 12
26 47
26 31
24 38
16 42
5 8
16 47
6 55
4 51
44 46
44 47
28 45
24 31
2 5
6 25
40 42
33 37
9 16
8 48
39 44
7 24
42 47
18 24
13 48
47 54
8 51
23 41
31 39
45 47
52 55
24 36
5 55
30 45
1 52
39 42
5 58
12 48
0 2
39 41
7 25
55 58
47 49
1 51
18 21
26 54
31 35
1 4
9 48
16 21
15 48
49 51
23 38
2 4
32 35
35 37
53 55
31 44
16 19
9 13
56 58
26 45
31 36
29 31
29 45
21 24
1 57
38 41
6 54
14 16
52 56
25 54
28 31
0 5
52 57
43 47
13 16
31 38
8 17
27 45
22 41
19 21
48 51
10 48
7 17
8 16
14 48
17 24
5 59
24 37
47 53
34 37
25 31
11 13
33 35
4 8
50 53
16 20
32 38
6 8
17 19
16 48
31 45
26 28
1 3
10 13
51 53
21 41
21 23
39 43
