0 1
1 2
2 3
3 4
4 5
5 6
6 7
7 8
8 9
9 10
10 11
11 12
12 13
13 14
14 15
15 16
16 17
17 18
18 19
19 20
20 21
21 22
22 23
23 24
24 25
25 26
26 27
27 28
28 29
29 30
30 31
31 32
32 33
33 34
34 35
35 36
36 37
37 38
38 39
39 40
40 41
41 42
42 43
43 44
44 45
45 46
46 47
47 48
48 49
49 50
50 51
51 52
52 53
53 54
54 55
55 56
56 57
57 58
58 59
59 0
33 40
38 54
26 58
2 18
56 58
3 18
8 21
3 51
42 46
8 16
33 54
22 32
9 17
30 58
53 59
10 16
43 54
53 57
4 32
24 58
32 54
47 49
40 42
45 53
47 50
22 59
2 52
34 36
26 29
29 32
33 35
7 17
23 32
42 47
20 59
33 39
16 21
38 40
8 10
23 29
5 8
26 30
30 56
41 49
35 37
18 59
8 14
3 50
3 32
18 21
27 30
54 57
46 50
8 15
1 52
52 59
16 18
43 53
3 33
48 50
2 51
42 54
51 53
30 55
34 54
9 16
23 59
4 6
12 14
44 46
12 15
43 46
19 21
43 45
5 32
30 54
3 49
7 18
41 47
2 59
8 11
31 54
40 54
35 38
8 12
23 25
12 16
1 59
33 38
57 59
0 2
50 53
5 7
18 20
3 41
4 18
25 58
8 17
30 32
36 38
3 40
8 32
23 26
6 18
8 13
28 30
24 59
54 56
20 22
10 12
34 38
46 53
8 22
26 28

0 1
1 2
2 3
3 4
4 5
5 6
6 7
7 8
8 9
9 10
10 11
11 12
12 13
13 14
14 15
15 16
16 17
17 18
18 19
19 20
20 21
21 22
22 23
23 24
24 25
25 26
26 27
27 28
28 29
29 30
30 31
31 32
32 33
33 34
34 35
35 36
36 37
37 38
38 39
39 40
40 41
41 42
42 43
43 44
44 45
45 46
46 47
47 48
48 49
49 50
50 51
51 52
52 53
53 54
54 55
55 56
56 57
57 58
58 59
59 0
38 44
7 22
23 54
38 55
32 38
45 52
55 57
23 53
23 45
1 11
36 42
23 36
1 12
18 30
23 33
21 30
25 30
23 52
36 45
45 54
24 30
49 54
1 7
5 54
9 19
21 29
0 58
11 17
14 56
15 55
40 43
37 42
3 7
2 7
14 59
49 52
2 55
36 44
31 55
33 36
1 57
12 17
48 51
39 43
22 26
2 5
25 29
0 13
9 20
30 33
27 29
9 18
23 35
13 17
47 54
46 52
10 17
21 28
56 59
36 43
46 51
24 33
18 55
37 41
7 21
13 59
1 8
41 43
49 51
38 43
22 24
14 55
1 10
52 54
21 26
3 6
1 9
32 55
16 55
33 37
21 27
5 55
9 21
46 54
24 26
7 54
7 9
44 55
0 57
47 51
50 52
2 4
20 30
23 34
13 15
48 54
19 30
18 31
39 41
1 13
1 55
22 54
31 33
45 55
13 16
32 37
6 54
37 39
3 5
25 27
17 55
10 18
