0 1
1 2
2 3
3 4
4 5
5 6
6 7
7 8
8 9
9 10
10 11
11 12
12 13
13 14
14 15
15 16
16 17
17 18
18 19
19 20
20 21
21 22
22 23
23 24
24 25
25 26
26 27
27 28
28 29
29 30
30 31
31 32
32 33
33 34
34 35
35 36
36 37
37 38
38 39
39 40
40 41
41 42
42 43
43 44
44 45
45 46
46 47
47 48
48 49
49 50
50 51
51 52
52 53
53 54
54 55
55 56
56 57
57 58
58 59
59 0
25 41
17 31
8 35
38 44
35 55
36 44
5 7
2 12
4 7
19 53
41 45
19 57
3 59
27 29
20 24
31 41
34 41
11 31
36 52
21 41
0 16
20 29
8 11
6 11
36 45
47 51
13 31
21 52
18 29
2 15
36 49
35 37
53 57
6 9
26 31
35 52
47 49
17 57
17 58
28 31
49 52
45 51
32 35
27 31
6 10
37 41
3 6
16 59
7 35
3 7
7 57
41 43
7 9
24 27
17 19
36 38
21 23
22 24
38 43
38 41
23 41
46 51
42 44
36 48
24 26
32 34
41 52
41 51
55 57
11 32
1 15
24 29
35 56
28 30
11 13
23 25
42 45
0 3
2 6
35 54
50 52
16 58
3 58
14 31
33 41
18 31
16 31
39 43
0 15
20 22
3 5
31 33
47 50
15 31
8 10
2 11
11 35
29 31
36 46
7 58
12 15
0 2
12 14
7 56
36 47
34 37
18 20
20 52
54 57
35 53
38 40
39 41
26 41
19 52

0 1
1 2
2 3
3 4
4 5
5 6
6 7
7 8
8 9
9 10
10 11
11 12
12 13
13 14
14 15
15 16
16 17
17 18
18 19
19 20
20 21
21 22
22 23
23 24
24 25
25 26
26 27
27 28
28 29
29 30
30 31
31 32
32 33
33 34
34 35
35 36
36 37
37 38
38 39
39 40
40 41
41 42
42 43
43 44
44 45
45 46
46 47
47 48
48 49
49 50
50 51
51 52
52 53
53 54
54 55
55 56
56 57
57 58
58 59
59 0
31 59
23 49
7 10
26 36
8 51
43 45
38 53
11 21
23 37
3 30
9 51
14 21
7 27
41 47
37 53
11 20
34 56
45 47
21 51
37 56
51 54
37 40
31 57
40 50
0 6
4 30
17 21
27 30
10 12
31 35
10 22
22 49
26 37
14 51
6 55
24 37
28 36
10 27
10 21
23 46
37 44
30 36
52 54
23 44
34 36
6 57
10 26
53 55
7 30
1 30
14 16
43 47
23 26
44 46
39 51
31 36
1 5
53 56
11 16
38 51
6 8
30 59
11 18
32 56
41 44
39 50
6 56
6 30
33 35
0 58
36 56
8 55
10 51
40 47
11 19
51 55
19 21
29 36
49 51
46 49
21 49
0 57
5 30
18 21
13 51
16 21
37 39
33 56
11 15
48 50
10 13
27 36
10 23
38 52
0 30
1 3
40 44
57 59
46 48
1 4
2 30
31 56
25 37
42 47
1 6
11 14
16 18
40 48
