0 1
1 2
2 3
3 4
4 5
5 6
6 7
7 8
8 9
9 10
10 11
11 12
12 13
13 14
14 15
15 16
16 17
17 18
18 19
19 20
20 21
21 22
22 23
23 24
24 25
25 26
26 27
27 28
28 29
29 30
30 31
31 32
32 33
33 34
34 35
35 36
36 37
37 38
38 39
39 40
40 41
41 42
42 43
43 44
44 45
45 46
46 47
47 48
48 49
49 50
50 51
51 52
52 53
53 54
54 55
55 56
56 57
57 58
58 59
59 0
11 45
44 58
7 9
11 13
5 10
2 19
7 58
2 16
38 58
13 19
29 34
23 45
35 43
35 41
4 58
26 36
23 58
35 40
26 30
23 31
46 48
40 44
10 58
36 39
48 53
10 47
0 21
26 34
12 14
50 54
23 32
1 58
10 53
54 58
35 39
13 18
2 14
5 14
32 44
46 55
40 58
37 39
1 59
6 58
54 57
26 38
27 29
10 45
11 14
31 33
28 30
11 20
5 58
55 58
11 19
20 22
1 20
50 53
50 55
39 58
48 52
26 31
17 19
5 7
24 38
46 58
40 42
34 36
5 8
15 18
11 23
21 58
46 49
2 58
44 46
23 25
3 58
24 58
25 38
33 35
29 33
26 29
5 11
3 5
16 19
2 20
33 43
21 23
10 48
32 43
0 58
55 57
8 10
26 28
2 15
13 15
9 58
51 53
32 45
30 33
1 21
49 52
26 37
54 56
20 23
3 14
16 18
45 47
49 55
40 43
23 26
50 52
35 42
10 54

0 1
1 2
2 3
3 4
4 5
5 6
6 7
7 8
8 9
9 10
10 11
11 12
12 13
13 14
14 15
15 16
16 17
17 18
18 19
19 20
20 21
21 22
22 23
23 24
24 25
25 26
26 27
27 28
28 29
29 30
30 31
31 32
32 33
33 34
34 35
35 36
36 37
37 38
38 39
39 40
40 41
41 42
42 43
43 44
44 45
45 46
46 47
47 48
48 49
49 50
50 51
51 52
52 53
53 54
54 55
55 56
56 57
57 58
58 59
59 0
6 40
27 48
28 35
23 40
24 35
51 56
4 25
28 40
7 25
13 25
6 52
2 48
45 52
16 23
27 32
27 31
1 54
6 23
19 24
49 51
27 44
15 25
1 51
16 20
25 35
11 16
1 6
6 53
15 24
27 43
4 7
27 45
40 52
10 23
53 56
7 12
47 51
4 48
51 58
16 24
6 54
27 46
4 26
2 4
24 36
8 23
27 34
11 15
1 50
20 24
32 34
44 52
16 22
27 42
10 12
46 51
0 56
27 40
56 59
1 56
30 34
46 52
10 16
16 21
8 12
29 31
4 27
22 24
23 38
43 52
27 33
28 37
18 24
1 3
48 51
17 24
37 40
57 59
23 36
38 40
36 38
2 50
7 13
9 12
6 8
28 36
27 35
48 50
28 34
52 56
1 5
41 52
21 24
51 59
4 6
9 23
53 55
31 34
26 35
18 20
17 20
42 52
0 51
28 31
51 57
1 4
27 41
14 25
12 15
1 55
23 39
27 47
