0 1
1 2
2 3
3 4
4 5
5 6
6 7
7 8
8 9
9 10
10 11
11 12
12 13
13 14
14 15
15 16
16 17
17 18
18 19
19 20
20 21
21 22
22 23
23 24
24 25
25 26
26 27
27 28
28 29
29 30
30 31
31 32
32 33
33 34
34 35
35 36
36 37
37 38
38 39
39 40
40 41
41 42
42 43
43 44
44 45
45 46
46 47
47 48
48 49
49 50
50 51
51 52
52 53
53 54
54 55
55 56
56 57
57 58
58 59
59 0
23 27
11 15
22 28
1 3
40 46
22 45
16 50
28 44
23 56
0 9
21 23
33 43
40 56
9 21
14 17
2 6
42 44
4 6
1 57
7 10
31 34
35 39
38 42
20 47
36 43
1 9
24 29
48 53
23 25
52 57
33 35
10 18
9 23
29 44
19 21
29 34
11 51
10 21
12 15
7 52
39 42
57 59
26 29
20 49
30 43
48 54
11 13
5 52
23 28
9 57
48 50
34 56
5 7
11 18
27 29
45 47
35 40
47 54
22 44
11 50
30 32
1 5
17 49
29 31
3 6
13 15
2 9
2 7
17 20
40 47
33 36
52 56
18 21
0 57
9 56
22 47
51 53
35 38
14 18
29 43
31 33
48 51
47 56
3 5
13 18
25 27
7 51
5 57
1 58
25 29
37 42
42 46
24 56
1 59
15 50
14 16
18 20
29 56
20 22
30 33
47 49
41 46
42 45
37 43
53 55
10 51
35 56
36 38
54 56
39 41
7 9
2 8
16 49
52 55

0 1
1 2
2 3
3 4
4 5
5 6
6 7
7 8
8 9
9 10
10 11
11 12
12 13
13 14
14 15
15 16
16 17
17 18
18 19
19 20
20 21
21 22
22 23
23 24
24 25
25 26
26 27
27 28
28 29
29 30
30 31
31 32
32 33
33 34
34 35
35 36
36 37
37 38
38 39
39 40
40 41
41 42
42 43
43 44
44 45
45 46
46 47
47 48
48 49
49 50
50 51
51 52
52 53
53 54
54 55
55 56
56 57
57 58
58 59
59 0
0 56
10 28
29 35
35 41
5 37
32 35
15 34
39 53
39 52
2 43
39 43
12 34
16 34
4 43
15 17
14 23
41 43
50 56
6 10
45 57
4 56
28 32
1 56
4 37
7 41
51 56
25 28
38 54
35 37
17 32
38 41
9 34
6 43
22 26
12 24
5 29
46 56
14 34
17 26
7 43
2 57
10 12
22 25
2 59
46 57
37 54
52 54
0 2
9 12
19 23
5 35
6 9
14 19
28 30
39 46
49 51
0 58
47 50
14 24
43 46
51 54
3 43
37 41
20 23
3 56
39 49
27 32
5 43
28 31
15 18
24 28
38 53
40 42
21 26
6 28
4 55
7 35
51 55
17 19
44 46
2 45
39 48
11 28
38 40
16 33
9 35
17 27
19 26
46 50
15 19
12 28
16 32
5 36
6 8
6 29
49 52
40 43
13 34
2 44
12 14
56 58
22 24
2 56
8 35
2 58
46 48
37 55
26 28
31 35
20 26
30 35
32 34
