0 1
1 2
2 3
3 4
4 5
5 6
6 7
7 8
8 9
9 10
10 11
11 12
12 13
13 14
14 15
15 16
16 17
17 18
18 19
19 20
20 21
21 22
22 23
23 24
24 25
25 26
26 27
27 28
28 29
29 30
30 31
31 32
32 33
33 34
34 35
35 36
36 37
37 38
38 39
39 40
40 41
41 42
42 43
43 44
44 45
45 46
46 47
47 48
48 49
49 50
50 51
51 52
52 53
53 54
54 55
55 56
56 57
57 58
58 59
59 0
17 27
34 39
20 48
37 53
34 48
38 52
35 56
8 33
2 34
19 27
4 10
14 32
3 51
0 35
16 28
52 54
41 46
28 48
18 51
12 14
28 31
21 28
31 33
11 18
15 28
18 49
8 10
40 43
56 58
7 10
50 52
3 54
23 28
28 33
30 33
1 35
48 50
3 55
2 6
8 32
25 27
3 52
36 39
6 8
48 52
16 18
20 28
14 31
21 24
9 11
18 50
34 45
24 28
3 59
37 52
4 6
3 57
39 43
11 15
53 56
24 27
54 56
13 15
39 45
0 56
3 6
41 48
5 10
43 45
2 35
19 24
29 31
9 14
3 10
19 48
37 39
55 57
8 14
41 45
9 12
29 33
35 39
41 44
20 24
56 59
25 28
5 7
22 24
18 27
39 48
37 56
12 15
26 28
45 48
42 44
46 48
35 37
16 27
11 51
40 42
15 18
45 47
15 31
40 48
0 2
21 23
6 34
2 59
8 34
3 58
10 51
38 48
28 34
19 49

0 1
1 2
2 3
3 4
4 5
5 6
6 7
7 8
8 9
9 10
10 11
11 12
12 13
13 14
14 15
15 16
16 17
17 18
18 19
19 20
20 21
21 22
22 23
23 24
24 25
25 26
26 27
27 28
28 29
29 30
30 31
31 32
32 33
33 34
34 35
35 36
36 37
37 38
38 39
39 40
40 41
41 42
42 43
43 44
44 45
45 46
46 47
47 48
48 49
49 50
50 51
51 52
52 53
53 54
54 55
55 56
56 57
57 58
58 59
59 0
41 59
8 41
4 57
32 50
18 24
11 36
6 52
21 34
32 37
25 33
17 20
6 13
4 55
3 8
27 51
16 36
37 43
18 25
52 56
17 34
46 49
44 57
38 43
0 41
32 43
47 57
9 40
22 33
27 33
41 58
28 51
15 51
46 50
38 41
29 50
4 52
48 57
3 5
49 56
6 12
16 35
10 40
6 9
2 41
4 59
46 57
11 16
30 32
14 51
23 33
15 27
10 37
32 46
6 14
19 22
5 52
16 25
26 33
37 40
1 41
29 51
19 21
15 26
1 59
47 49
50 56
11 13
48 56
8 40
44 58
29 32
19 23
38 42
6 11
32 34
28 30
51 56
32 36
4 58
17 19
11 14
27 30
32 45
2 8
11 37
27 32
16 26
43 58
4 54
39 41
24 33
32 35
16 34
14 52
53 55
17 25
7 9
4 56
2 4
17 21
21 33
4 53
14 16
6 10
3 7
38 40
27 31
1 4
45 57
32 44
41 43
52 55
18 23
