0 1
1 2
2 3
3 4
4 5
5 6
6 7
7 8
8 9
9 10
10 11
11 12
12 13
13 14
14 15
15 16
16 17
17 18
18 19
19 20
20 21
21 22
22 23
23 24
24 25
25 26
26 27
27 28
28 29
29 30
30 31
31 32
32 33
33 34
34 35
35 36
36 37
37 38
38 39
39 40
40 41
41 42
42 43
43 44
44 45
45 46
46 47
47 48
48 49
49 50
50 51
51 52
52 53
53 54
54 55
55 56
56 57
57 58
58 59
59 0
11 17
36 44
3 48
3 6
12 24
47 58
23 37
0 11
28 34
26 36
21 59
26 29
48 52
28 30
41 59
2 51
10 36
36 38
10 34
0 8
1 55
14 18
14 19
8 10
14 23
12 26
12 30
3 46
40 44
48 58
5 46
12 31
24 37
53 57
17 19
3 50
5 45
12 25
41 45
42 44
1 52
28 36
13 15
55 59
11 20
13 24
11 32
52 58
5 36
47 59
26 30
1 53
34 36
6 8
40 43
10 35
1 3
1 51
0 7
12 15
0 6
42 45
41 47
54 57
26 37
30 33
41 46
37 40
37 59
0 55
36 40
48 51
40 59
37 39
14 16
0 9
12 32
11 15
5 10
19 22
38 40
17 20
54 56
14 22
13 23
27 36
32 34
5 44
46 48
9 11
2 50
56 58
23 59
20 22
55 58
30 34
0 21
41 43
4 6
24 26
1 6
0 20
14 17
22 59
30 32
4 46
49 51
52 57
26 28
11 16
10 32
6 10
1 54
3 49

0 1
1 2
2 3
3 4
4 5
5 6
6 7
7 8
8 9
9 10
10 11
11 12
12 13
13 14
14 15
15 16
16 17
17 18
18 19
19 20
20 21
21 22
22 23
23 24
24 25
25 26
26 27
27 28
28 29
29 30
30 31
31 32
32 33
33 34
34 35
35 36
36 37
37 38
38 39
39 40
40 41
41 42
42 43
43 44
44 45
45 46
46 47
47 48
48 49
49 50
50 51
51 52
52 53
53 54
54 55
55 56
56 57
57 58
58 59
59 0
5 49
47 56
3 5
31 58
8 49
16 36
47 50
10 41
11 13
17 26
10 14
15 37
18 33
21 31
15 30
43 45
52 55
40 57
16 26
54 58
21 26
44 49
45 56
19 23
53 58
8 43
9 41
31 38
5 30
49 58
29 31
12 38
26 31
16 29
50 58
27 29
1 5
18 21
32 36
32 35
10 12
8 15
7 15
6 30
18 32
30 59
17 33
21 24
8 14
40 58
5 58
17 36
2 59
50 52
17 23
17 35
3 58
42 56
47 52
10 13
1 4
3 59
51 53
39 58
18 23
45 47
9 14
43 49
33 35
44 48
2 4
39 41
8 41
52 54
12 37
10 39
5 8
47 49
22 24
32 37
0 5
1 59
16 37
16 28
5 59
19 21
42 57
38 58
17 24
43 56
18 20
21 32
30 58
12 39
16 27
21 25
44 47
32 38
47 55
40 42
7 30
17 25
15 29
46 56
55 57
27 31
51 58
21 23
12 14
5 7
17 34
14 37
8 42
