0 1
1 2
2 3
3 4
4 5
5 6
6 7
7 8
8 9
9 10
10 11
11 12
12 13
13 14
14 15
15 16
16 17
17 18
18 19
19 20
20 21
21 22
22 23
23 24
24 25
25 26
26 27
27 28
28 29
29 30
30 31
31 32
32 33
33 34
34 35
35 36
36 37
37 38
38 39
39 40
40 41
41 42
42 43
43 44
44 45
45 46
46 47
47 48
48 49
49 50
50 51
51 52
52 53
53 54
54 55
55 56
56 57
57 58
58 59
59 0
18 55
33 58
36 41
10 27
46 49
39 56
8 27
36 40
6 28
25 49
16 23
16 26
0 3
10 18
34 39
31 34
4 10
39 50
41 44
34 49
24 55
4 58
34 42
2 5
42 49
30 33
1 6
1 59
43 45
21 23
55 58
23 55
47 49
39 57
25 28
41 46
12 27
38 40
50 52
12 26
39 47
29 58
12 18
49 54
7 27
28 49
16 24
34 37
5 8
45 49
15 26
46 48
30 34
4 8
35 41
39 58
10 12
24 26
12 17
52 56
8 10
18 23
9 27
37 40
50 56
6 27
12 15
19 55
14 26
3 59
28 34
35 42
47 50
51 53
6 59
6 8
33 39
21 55
41 45
4 18
18 58
52 54
25 54
37 39
20 55
3 58
19 21
29 33
28 59
49 51
2 6
19 23
25 55
2 4
29 34
56 58
54 56
25 27
11 27
16 18
40 47
35 37
1 3
43 49
42 44
41 47
30 32
12 14
13 26
31 33
49 53
22 55
12 16
29 59

0 1
1 2
2 3
3 4
4 5
5 6
6 7
7 8
8 9
9 10
10 11
11 12
12 13
13 14
14 15
15 16
16 17
17 18
18 19
19 20
20 21
21 22
22 23
23 24
24 25
25 26
26 27
27 28
28 29
29 30
30 31
31 32
32 33
33 34
34 35
35 36
36 37
37 38
38 39
39 40
40 41
41 42
42 43
43 44
44 45
45 46
46 47
47 48
48 49
49 50
50 51
51 52
52 53
53 54
54 55
55 56
56 57
57 58
58 59
59 0
2 38
6 31
15 43
14 54
25 37
6 13
3 7
47 55
38 55
3 31
21 39
17 31
15 44
15 49
15 18
42 45
22 25
40 43
11 55
35 38
27 36
15 54
26 28
18 22
27 30
8 57
32 35
33 36
29 31
7 13
33 35
18 24
19 39
24 29
0 58
15 39
14 31
15 51
34 36
2 59
49 52
9 56
40 42
15 46
9 55
0 38
18 29
2 35
4 31
14 17
40 46
7 11
39 55
3 8
27 32
53 55
15 50
21 38
2 8
25 36
24 28
15 47
14 16
27 31
42 46
12 55
32 36
48 53
9 11
38 58
18 20
18 31
2 32
9 57
8 58
26 36
3 32
15 40
20 22
28 30
51 54
5 31
22 38
22 24
12 54
39 46
13 31
38 57
4 6
18 39
1 38
20 39
48 55
15 17
0 2
7 12
2 58
46 55
25 38
36 38
15 48
13 54
44 46
48 52
4 7
8 11
23 25
41 43
55 57
10 55
