0 1
1 2
2 3
3 4
4 5
5 6
6 7
7 8
8 9
9 10
10 11
11 12
12 13
13 14
14 15
15 16
16 17
17 18
18 19
19 20
20 21
21 22
22 23
23 24
24 25
25 26
26 27
27 28
28 29
29 30
30 31
31 32
32 33
33 34
34 35
35 36
36 37
37 38
38 39
39 40
40 41
41 42
42 43
43 44
44 45
45 46
46 47
47 48
48 49
49 50
50 51
51 52
52 53
53 54
54 55
55 56
56 57
57 58
58 59
59 0
38 46
10 50
15 57
24 53
6 52
19 40
23 55
2 58
25 38
28 36
16 47
38 41
36 38
4 56
15 20
27 40
25 49
34 39
8 59
11 14
16 19
4 55
10 13
31 36
20 25
38 45
33 36
22 25
15 59
41 46
21 56
49 51
2 56
17 47
33 39
42 45
14 49
8 52
25 48
35 39
32 40
9 50
16 18
19 26
40 47
21 57
1 5
5 7
2 5
15 47
34 36
14 50
56 58
28 32
5 52
9 51
23 54
28 30
7 52
35 38
29 32
4 52
3 5
0 8
42 44
12 14
43 46
9 14
22 56
38 42
53 55
25 51
15 58
24 54
21 25
14 47
1 58
15 19
19 47
25 37
25 46
8 15
22 24
47 49
19 25
13 50
26 40
25 47
26 37
25 52
9 15
28 37
0 7
18 47
44 46
33 40
28 31
41 47
41 43
10 12
9 52
15 21
28 40
27 37
22 55
38 40
52 55
24 52
10 14
3 56
0 5
31 33
29 31
0 58

0 1
1 2
2 3
3 4
4 5
5 6
6 7
7 8
8 9
9 10
10 11
11 12
12 13
13 14
14 15
15 16
16 17
17 18
18 19
19 20
20 21
21 22
22 23
23 24
24 25
25 26
26 27
27 28
28 29
29 30
30 31
31 32
32 33
33 34
34 35
35 36
36 37
37 38
38 39
39 40
40 41
41 42
42 43
43 44
44 45
45 46
46 47
47 48
48 49
49 50
50 51
51 52
52 53
53 54
54 55
55 56
56 57
57 58
58 59
59 0
18 59
37 49
1 9
28 34
10 15
0 44
21 40
5 12
22 26
4 17
34 49
20 29
41 48
10 40
5 14
49 53
32 34
18 53
7 10
46 50
42 46
48 50
21 39
20 34
20 26
23 35
1 18
3 9
24 35
0 42
0 43
17 19
46 48
45 58
40 42
57 59
2 17
19 53
16 40
55 58
20 28
20 32
1 42
5 9
24 27
30 32
2 4
49 52
22 39
53 59
11 15
50 53
9 40
19 49
50 54
4 9
20 22
47 50
5 11
40 48
38 48
44 58
24 26
12 15
17 21
30 33
5 16
24 28
2 18
17 20
6 11
7 11
22 35
2 9
5 8
56 59
34 37
54 58
28 35
35 37
46 54
29 34
46 58
5 15
43 45
23 25
51 53
6 8
37 48
44 59
17 40
53 56
22 36
55 57
15 40
29 33
9 42
1 59
50 52
5 17
7 9
20 27
22 38
19 34
39 48
22 37
20 30
5 13
42 48
23 26
54 56
20 31
13 15
