0 1
1 2
2 3
3 4
4 5
5 6
6 7
7 8
8 9
9 10
10 11
11 12
12 13
13 14
14 15
15 16
16 17
17 18
18 19
19 20
20 21
21 22
22 23
23 24
24 25
25 26
26 27
27 28
28 29
29 30
30 31
31 32
32 33
33 34
34 35
35 36
36 37
37 38
38 39
39 40
40 41
41 42
42 43
43 44
44 45
45 46
46 47
47 48
48 49
49 50
50 51
51 52
52 53
53 54
54 55
55 56
56 57
57 58
58 59
59 0
1 28
38 42
6 36
7 18
52 56
49 58
14 18
3 43
6 34
21 24
10 25
9 26
2 45
33 36
14 24
4 41
46 59
29 36
37 55
37 46
7 23
51 54
20 23
9 14
2 23
36 40
29 37
1 26
38 44
8 17
49 51
3 7
10 13
37 45
14 17
6 40
9 33
2 43
55 57
28 31
0 57
1 57
0 45
9 16
34 36
18 24
19 23
26 31
15 17
6 8
56 58
6 9
21 23
2 25
30 32
48 58
38 40
13 25
9 34
29 55
0 58
5 40
37 39
47 50
49 56
10 26
26 28
30 36
13 24
46 55
46 54
45 59
46 51
26 33
1 55
11 14
3 42
23 25
20 22
3 5
19 24
28 55
8 18
51 53
26 32
52 55
11 13
32 36
42 44
49 52
20 24
0 2
33 35
5 41
37 40
53 55
3 6
28 30
10 14
12 14
48 59
47 51
1 25
38 41
27 31
9 15
8 16
47 49
46 48
18 23
2 7
38 45
2 44
3 41

0 1
1 2
2 3
3 4
4 5
5 6
6 7
7 8
8 9
9 10
10 11
11 12
12 13
13 14
14 15
15 16
16 17
17 18
18 19
19 20
20 21
21 22
22 23
23 24
24 25
25 26
26 27
27 28
28 29
29 30
30 31
31 32
32 33
33 34
34 35
35 36
36 37
37 38
38 39
39 40
40 41
41 42
42 43
43 44
44 45
45 46
46 47
47 48
48 49
49 50
50 51
51 52
52 53
53 54
54 55
55 56
56 57
57 58
58 59
59 0
26 55
4 46
2 50
15 38
29 47
1 50
54 59
22 27
51 59
6 57
43 46
28 47
9 56
10 40
14 23
7 9
6 42
30 43
46 50
3 46
14 40
31 43
17 23
2 46
2 6
54 56
27 29
31 37
13 55
14 55
10 41
52 54
36 39
47 55
8 41
36 38
6 41
2 5
18 22
16 38
0 6
36 43
29 38
20 29
31 33
12 40
14 38
31 36
5 46
16 29
19 29
5 43
24 55
9 13
40 42
25 27
32 37
39 42
21 29
13 40
29 43
49 53
10 12
9 11
2 4
6 58
35 37
9 12
15 23
31 34
1 59
46 49
31 35
29 46
6 56
24 26
16 18
30 37
43 45
7 56
30 38
17 22
9 55
19 22
49 55
54 58
18 29
29 44
49 54
36 42
19 21
32 35
50 53
16 23
1 6
44 46
52 59
1 51
54 57
50 52
22 24
27 47
6 43
9 41
24 27
6 59
32 34
23 55
27 55
7 41
48 55
22 29
14 39
