0 1
1 2
2 3
3 4
4 5
5 6
6 7
7 8
8 9
9 10
10 11
11 12
12 13
13 14
14 15
15 16
16 17
17 18
18 19
19 20
20 21
21 22
22 23
23 24
24 25
25 26
26 27
27 28
28 29
29 30
30 31
31 32
32 33
33 34
34 35
35 36
36 37
37 38
38 39
39 40
40 41
41 42
42 43
43 44
44 45
45 46
46 47
47 48
48 49
49 50
50 51
51 52
52 53
53 54
54 55
55 56
56 57
57 58
58 59
59 0
11 35
19 27
6 52
18 20
20 46
18 51
23 30
34 46
41 49
37 50
51 53
13 58
6 53
40 46
21 34
45 49
17 55
20 23
6 36
16 56
38 49
2 57
36 38
15 19
19 28
11 28
15 57
2 5
16 19
39 49
11 29
4 6
4 55
0 6
6 8
6 59
8 35
35 40
18 48
11 32
10 59
9 35
18 46
3 56
41 46
27 29
37 51
11 30
35 46
15 28
0 57
36 51
16 55
11 13
2 56
47 49
12 28
14 57
14 28
21 46
9 11
21 30
18 54
37 49
3 5
16 18
25 27
44 46
11 58
23 26
23 25
38 40
19 26
7 59
42 44
22 30
18 55
4 54
31 33
11 33
49 51
42 49
36 52
10 58
2 6
48 51
46 48
1 57
0 2
57 59
23 27
15 56
46 49
31 34
41 44
11 31
43 49
8 36
23 29
21 23
14 58
30 34
40 49
33 35
20 26
44 49
4 56
8 59
9 59
18 53
36 40
4 53
24 27
13 28
0 1
1 2
2 3
3 4
4 5
5 6
6 7
7 8
8 9
9 10
10 11
11 12
12 13
13 14
14 15
15 16
16 17
17 18
18 19
19 20
20 21
21 22
22 23
23 24
24 25
25 26
26 27
27 28
28 29
29 30
30 31
31 32
32 33
33 34
34 35
35 36
36 37
37 38
38 39
39 40
40 41
41 42
42 43
43 44
44 45
45 46
46 47
47 48
48 49
49 50
50 51
51 52
52 53
53 54
54 55
55 56
56 57
57 58
58 59
59 0
0 40
48 52
22 49
7 33
38 46
47 56
47 55
32 47
6 54
14 54
26 28
0 44
30 49
9 22
45 56
7 27
6 58
40 44
38 44
19 21
9 27
38 43
19 50
29 33
2 34
11 15
18 22
16 50
52 54
25 30
11 14
40 43
54 56
35 47
1 6
31 48
7 10
16 52
6 56
1 5
32 35
36 46
6 11
0 35
11 16
6 57
28 33
17 50
12 14
11 54
9 23
16 22
15 52
9 25
14 53
2 4
56 58
20 22
17 22
37 40
1 59
18 21
56 59
48 55
15 53
31 49
23 49
50 52
1 3
30 33
52 55
0 45
5 7
11 22
20 49
7 9
25 49
38 45
48 50
46 56
37 39
36 47
4 34
16 51
20 50
39 43
0 37
4 33
8 10
27 33
2 35
1 58
6 10
1 35
13 54
35 37
25 28
24 49
25 29
17 19
30 32
4 7
12 54
41 43
37 46
1 4
0 56
31 47
9 26
9 24
39 41
32 34
10 22
40 42
