0 1
1 2
2 3
3 4
4 5
5 6
6 7
7 8
8 9
9 10
10 11
11 12
12 13
13 14
14 15
15 16
16 17
17 18
18 19
19 20
20 21
21 22
22 23
23 24
24 25
25 26
26 27
27 28
28 29
29 30
30 31
31 32
32 33
33 34
34 35
35 36
36 37
37 38
38 39
39 40
40 41
41 42
42 43
43 44
44 45
45 46
46 47
47 48
48 49
49 50
50 51
51 52
52 53
53 54
54 55
55 56
56 57
57 58
58 59
59 0
8 20
18 54
21 59
50 53
4 54
18 50
35 55
28 31
7 15
18 35
21 28
31 55
39 46
42 51
27 59
18 46
36 41
1 6
54 58
17 19
22 24
42 53
31 57
41 45
20 30
45 51
8 19
45 47
1 5
7 16
2 54
39 41
10 17
46 48
11 15
45 48
12 14
21 23
8 21
18 38
37 40
42 54
18 48
1 7
21 27
19 34
28 57
43 45
54 59
9 14
9 12
24 28
30 34
38 46
5 16
36 38
54 57
1 8
54 56
29 31
27 58
50 52
8 10
0 8
27 57
5 54
8 59
36 40
23 28
16 54
41 44
50 54
21 24
2 5
24 27
28 30
21 26
11 17
6 16
0 2
3 54
41 46
51 53
34 55
37 39
42 45
48 51
48 50
9 11
8 17
35 54
20 34
33 55
41 43
35 42
21 30
31 33
55 57
8 14
0 54
16 18
18 34
35 38
31 34
11 13
11 16
49 51
8 15
25 27
3 5
21 25
13 15
35 41
32 55
0 1
1 2
2 3
3 4
4 5
5 6
6 7
7 8
8 9
9 10
10 11
11 12
12 13
13 14
14 15
15 16
16 17
17 18
18 19
19 20
20 21
21 22
22 23
23 24
24 25
25 26
26 27
27 28
28 29
29 30
30 31
31 32
32 33
33 34
34 35
35 36
36 37
37 38
38 39
39 40
40 41
41 42
42 43
43 44
44 45
45 46
46 47
47 48
48 49
49 50
50 51
51 52
52 53
53 54
54 55
55 56
56 57
57 58
58 59
59 0
13 40
31 51
17 20
27 51
11 58
0 50
8 13
55 58
17 36
9 59
42 48
12 24
28 34
44 49
34 36
14 19
25 55
0 48
44 51
20 36
14 21
0 7
51 59
27 53
28 32
0 13
27 54
15 19
19 21
20 28
13 38
37 43
14 24
3 59
12 58
24 56
0 3
13 16
34 51
2 6
17 38
30 51
37 42
22 28
44 46
11 59
0 51
6 59
13 39
44 48
16 19
20 35
3 6
8 12
14 22
25 56
53 55
17 37
24 26
4 59
55 59
30 32
10 12
36 44
7 13
32 51
16 38
27 29
14 16
23 26
6 9
52 55
23 27
36 43
42 47
12 56
0 40
27 52
32 34
51 55
43 47
44 50
13 24
28 33
0 42
27 55
29 32
36 51
40 42
43 46
12 57
18 20
22 27
37 41
27 30
5 59
28 35
38 40
10 59
20 22
44 47
26 55
14 23
0 49
0 6
4 6
1 3
6 8
56 58
38 41
