0 1
1 2
2 3
3 4
4 5
5 6
6 7
7 8
8 9
9 10
10 11
11 12
12 13
13 14
14 15
15 16
16 17
17 18
18 19
19 20
20 21
21 22
22 23
23 24
24 25
25 26
26 27
27 28
28 29
29 30
30 31
31 32
32 33
33 34
34 35
35 36
36 37
37 38
38 39
39 40
40 41
41 42
42 43
43 44
44 45
45 46
46 47
47 48
48 49
49 50
50 51
51 52
52 53
53 54
54 55
55 56
56 57
57 58
58 59
59 0
4 42
15 20
17 58
13 22
12 58
38 54
15 21
4 38
24 56
4 37
12 31
24 36
1 47
32 37
49 59
42 50
52 59
1 46
10 32
27 32
53 59
1 42
1 44
26 29
17 20
0 47
19 22
6 9
26 35
24 54
8 11
1 12
3 6
26 31
54 56
0 49
43 48
26 36
52 54
22 24
2 12
12 32
18 57
41 52
22 57
47 49
36 38
40 54
1 43
27 31
1 45
44 47
13 25
33 37
4 6
20 22
23 57
16 58
2 8
0 12
12 26
27 34
35 37
4 9
17 19
53 58
15 22
13 15
22 25
53 55
1 3
55 58
26 34
51 59
3 5
50 59
3 42
40 52
42 48
0 58
56 58
38 42
41 51
34 37
38 40
26 28
27 30
19 57
2 6
15 17
8 10
24 38
4 10
13 16
27 29
39 42
42 49
7 9
43 47
12 16
18 58
8 12
14 16
32 34
13 26
26 30
6 8
24 26
39 41
44 46
4 32
42 51
23 56
10 12

0 1
1 2
2 3
3 4
4 5
5 6
6 7
7 8
8 9
9 10
10 11
11 12
12 13
13 14
14 15
15 16
16 17
17 18
18 19
19 20
20 21
21 22
22 23
23 24
24 25
25 26
26 27
27 28
28 29
29 30
30 31
31 32
32 33
33 34
34 35
35 36
36 37
37 38
38 39
39 40
40 41
41 42
42 43
43 44
44 45
45 46
46 47
47 48
48 49
49 50
50 51
51 52
52 53
53 54
54 55
55 56
56 57
57 58
58 59
59 0
16 20
2 23
10 18
11 33
51 57
12 14
35 42
2 57
5 46
24 57
12 23
46 52
34 45
7 46
5 18
37 52
25 34
9 11
34 36
38 43
47 52
23 27
34 53
36 39
4 20
46 48
2 46
36 52
39 43
25 30
0 23
38 44
5 19
16 23
49 51
51 53
7 10
33 45
46 57
13 23
5 7
20 23
3 22
34 55
35 43
34 43
1 58
12 29
4 19
33 46
9 46
29 33
11 18
11 14
31 34
6 18
23 29
14 18
23 58
12 33
34 44
48 50
25 29
25 56
4 46
25 27
25 57
53 56
40 43
41 43
35 40
34 52
35 39
25 31
37 39
4 22
29 31
15 18
50 52
9 33
23 28
47 50
2 58
21 23
15 23
38 45
51 56
35 41
0 2
2 22
4 21
14 23
25 55
48 57
6 10
23 59
25 28
31 33
8 46
16 19
38 46
37 46
34 54
23 26
24 58
16 18
3 46
29 32
23 25
1 59
49 57
