0 1
1 2
2 3
3 4
4 5
5 6
6 7
7 8
8 9
9 10
10 11
11 12
12 13
13 14
14 15
15 16
16 17
17 18
18 19
19 20
20 21
21 22
22 23
23 24
24 25
25 26
26 27
27 28
28 29
29 30
30 31
31 32
32 33
33 34
34 35
35 36
36 37
37 38
38 39
39 40
40 41
41 42
42 43
43 44
44 45
45 46
46 47
47 48
48 49
49 50
50 51
51 52
52 53
53 54
54 55
55 56
56 57
57 58
58 59
59 0
3 44
2 35
13 42
25 30
51 55
12 24
39 46
3 13
18 34
3 30
13 36
31 35
21 23
39 49
16 21
10 13
1 45
24 29
19 22
49 52
0 36
47 59
11 13
10 12
0 38
23 29
17 36
47 57
25 29
47 49
12 21
39 53
46 49
38 41
18 32
1 47
31 34
24 26
1 3
18 29
3 25
4 13
18 30
39 45
7 13
7 10
4 6
8 13
48 51
39 59
3 5
13 41
40 45
6 12
0 35
47 58
50 52
39 52
16 18
12 23
0 39
27 29
51 56
18 21
39 54
18 36
53 55
45 47
54 59
18 22
39 41
40 43
3 43
12 25
25 28
36 38
2 31
13 15
6 25
6 13
7 12
18 31
7 9
5 25
25 27
8 10
15 36
55 57
3 45
12 15
48 57
57 59
32 34
3 42
26 29
2 30
37 41
52 55
34 36
15 17
55 59
12 14
19 21
49 51
48 56
31 33
22 29
40 44
0 2
12 16
20 22
36 41
40 42
1 59

0 1
1 2
2 3
3 4
4 5
5 6
6 7
7 8
8 9
9 10
10 11
11 12
12 13
13 14
14 15
15 16
16 17
17 18
18 19
19 20
20 21
21 22
22 23
23 24
24 25
25 26
26 27
27 28
28 29
29 30
30 31
31 32
32 33
33 34
34 35
35 36
36 37
37 38
38 39
39 40
40 41
41 42
42 43
43 44
44 45
45 46
46 47
47 48
48 49
49 50
50 51
51 52
52 53
53 54
54 55
55 56
56 57
57 58
58 59
59 0
29 46
13 35
40 49
16 59
44 47
13 23
21 55
51 54
35 54
18 55
22 51
38 45
36 40
11 55
32 36
24 34
15 21
2 11
5 13
50 53
17 59
28 48
22 54
17 19
24 48
29 36
12 55
1 4
28 31
36 54
4 8
1 11
28 30
23 49
9 13
23 50
3 8
39 43
14 59
19 55
44 49
14 23
55 58
36 50
24 33
0 13
36 39
39 44
18 56
14 16
24 35
28 32
28 33
3 10
16 20
11 59
29 37
56 59
0 14
13 55
25 48
32 35
26 48
9 12
1 5
23 35
3 11
44 46
26 28
38 44
21 54
4 7
46 48
17 20
28 46
15 22
38 46
23 48
30 32
3 9
50 54
42 44
25 33
1 13
41 44
26 33
35 55
17 56
5 9
27 33
0 11
33 35
5 8
20 55
29 38
36 49
23 51
9 11
56 58
30 36
41 49
14 22
37 39
15 20
11 58
2 4
5 7
52 54
6 8
41 43
44 48
51 53
