0 1
1 2
2 3
3 4
4 5
5 6
6 7
7 8
8 9
9 10
10 11
11 12
12 13
13 14
14 15
15 16
16 17
17 18
18 19
19 20
20 21
21 22
22 23
23 24
24 25
25 26
26 27
27 28
28 29
29 30
30 31
31 32
32 33
33 34
34 35
35 36
36 37
37 38
38 39
39 40
40 41
41 42
42 43
43 44
44 45
45 46
46 47
47 48
48 49
49 50
50 51
51 52
52 53
53 54
54 55
55 56
56 57
57 58
58 59
59 0
23 35
41 59
25 49
16 51
28 45
38 44
4 20
10 19
41 45
0 6
0 40
33 35
51 54
41 55
6 13
19 22
20 35
2 38
11 19
27 47
29 34
20 36
6 14
12 15
16 25
6 55
29 32
17 25
29 33
20 22
12 19
29 38
29 31
7 19
41 58
36 38
42 44
25 33
41 48
55 57
8 12
23 33
0 58
27 32
26 33
16 18
25 50
29 35
23 25
16 50
4 6
45 48
52 54
30 32
41 57
51 55
1 39
42 45
39 43
35 38
19 25
28 46
8 11
52 55
22 24
28 44
49 55
0 39
4 36
51 53
9 19
28 31
12 18
0 4
14 52
0 55
1 3
5 7
40 43
25 48
12 14
3 36
41 49
40 42
7 12
4 7
50 55
28 47
14 55
21 23
26 48
0 57
7 13
26 32
15 51
7 20
41 56
2 37
18 25
29 44
15 52
21 35
2 39
39 44
27 31
15 18
2 36
0 3
26 47
19 24
8 19
9 11
0 41
45 47

0 1
1 2
2 3
3 4
4 5
5 6
6 7
7 8
8 9
9 10
10 11
11 12
12 13
13 14
14 15
15 16
16 17
17 18
18 19
19 20
20 21
21 22
22 23
23 24
24 25
25 26
26 27
27 28
28 29
29 30
30 31
31 32
32 33
33 34
34 35
35 36
36 37
37 38
38 39
39 40
40 41
41 42
42 43
43 44
44 45
45 46
46 47
47 48
48 49
49 50
50 51
51 52
52 53
53 54
54 55
55 56
56 57
57 58
58 59
59 0
33 59
34 51
11 58
30 55
10 12
26 30
24 32
13 32
44 58
12 32
13 20
35 50
30 33
39 58
30 52
19 26
9 59
46 57
17 58
2 12
37 41
14 18
10 58
2 4
36 58
35 59
28 58
42 50
9 12
26 29
44 47
16 58
0 33
21 32
45 57
3 59
3 6
35 42
4 9
35 41
25 30
30 53
17 28
38 40
14 17
17 27
20 32
47 52
28 57
14 16
35 58
20 23
11 14
15 58
1 59
12 33
2 33
13 18
42 47
53 55
54 56
47 56
29 55
14 58
2 9
30 34
19 27
29 57
42 58
20 24
52 56
49 52
4 8
47 49
39 41
8 59
5 8
36 41
23 32
37 58
34 52
3 5
47 50
22 32
13 19
46 56
31 33
44 57
48 50
18 27
38 58
6 59
29 56
11 13
24 26
26 28
24 30
38 41
34 50
39 42
2 59
49 51
34 59
43 58
6 8
24 31
9 58
1 33
53 56
44 46
20 26
43 47
7 59
