0 1
1 2
2 3
3 4
4 5
5 6
6 7
7 8
8 9
9 10
10 11
11 12
12 13
13 14
14 15
15 16
16 17
17 18
18 19
19 20
20 21
21 22
22 23
23 24
24 25
25 26
26 27
27 28
28 29
29 30
30 31
31 32
32 33
33 34
34 35
35 36
36 37
37 38
38 39
39 40
40 41
41 42
42 43
43 44
44 45
45 46
46 47
47 48
48 49
49 50
50 51
51 52
52 53
53 54
54 55
55 56
56 57
57 58
58 59
59 0
41 48
2 43
5 25
42 47
16 56
23 54
0 54
27 38
7 13
5 12
5 27
14 56
15 23
31 54
44 53
17 20
32 37
5 24
27 35
20 56
7 23
33 36
32 34
48 53
13 23
31 35
2 53
41 51
38 54
40 43
43 47
7 24
2 59
16 22
38 51
28 54
43 45
30 35
24 54
4 27
9 12
17 19
18 20
14 23
20 55
43 46
3 13
16 19
26 28
26 54
43 53
3 38
17 21
48 51
3 27
40 51
47 53
44 47
51 53
3 56
2 56
54 57
16 23
56 59
49 53
13 56
8 13
28 30
49 51
31 34
31 37
33 37
5 9
33 35
29 54
35 38
5 8
23 55
54 56
9 11
44 46
20 22
41 47
38 52
1 54
38 53
16 21
27 30
3 40
14 16
16 20
41 43
0 2
3 39
3 12
35 37
5 26
8 12
30 54
25 54
39 51
10 12
2 40
20 23
5 7
50 53
6 8
56 58
8 10
37 54
4 12
57 59
1 53
54 59

0 1
1 2
2 3
3 4
4 5
5 6
6 7
7 8
8 9
9 10
10 11
11 12
12 13
13 14
14 15
15 16
16 17
17 18
18 19
19 20
20 21
21 22
22 23
23 24
24 25
25 26
26 27
27 28
28 29
29 30
30 31
31 32
32 33
33 34
34 35
35 36
36 37
37 38
38 39
39 40
40 41
41 42
42 43
43 44
44 45
45 46
46 47
47 48
48 49
49 50
50 51
51 52
52 53
53 54
54 55
55 56
56 57
57 58
58 59
59 0
28 32
40 50
46 59
0 28
7 19
19 38
38 45
8 57
34 46
23 33
6 21
30 46
21 34
35 46
12 14
49 55
21 26
42 46
7 15
19 39
19 50
21 28
3 59
20 36
12 56
23 32
19 51
4 6
46 49
47 50
15 53
12 57
15 51
11 57
9 57
0 5
49 58
49 59
13 55
6 20
52 55
0 6
10 57
3 57
19 36
7 14
40 46
22 25
42 44
21 35
17 51
38 43
55 58
19 40
29 32
24 28
6 28
29 46
30 32
15 52
7 20
38 42
21 33
37 45
15 54
50 55
19 37
46 50
39 42
7 11
15 18
23 25
1 59
18 51
24 26
47 49
31 46
46 48
24 32
55 57
15 19
16 18
4 8
37 46
11 14
52 54
22 33
16 51
12 55
0 4
33 46
21 36
29 59
42 45
14 55
41 46
7 10
4 57
50 52
32 46
24 27
21 25
40 42
7 9
28 59
0 3
36 46
38 44
4 7
14 54
21 27
1 3
3 58
