0 1
1 2
2 3
3 4
4 5
5 6
6 7
7 8
8 9
9 10
10 11
11 12
12 13
13 14
14 15
15 16
16 17
17 18
18 19
19 20
20 21
21 22
22 23
23 24
24 25
25 26
26 27
27 28
28 29
29 30
30 31
31 32
32 33
33 34
34 35
35 36
36 37
37 38
38 39
39 40
40 41
41 42
42 43
43 44
44 45
45 46
46 47
47 48
48 49
49 50
50 51
51 52
52 53
53 54
54 55
55 56
56 57
57 58
58 59
59 0
16 32
13 27
8 57
8 29
4 49
30 54
14 49
14 41
16 26
33 51
32 38
39 45
8 11
16 20
41 43
7 9
9 11
14 20
6 49
15 32
39 46
33 50
11 28
16 30
35 37
46 48
54 58
42 44
55 58
46 50
2 4
2 7
2 59
32 53
18 25
0 7
14 42
13 28
15 41
18 24
6 13
39 41
32 36
24 27
4 6
56 58
15 38
9 13
14 46
41 44
35 50
20 24
54 57
40 44
4 52
14 44
20 23
3 58
32 51
27 30
8 10
5 7
37 50
13 21
23 27
38 46
46 49
3 53
21 27
8 59
20 22
34 36
8 30
11 29
4 50
8 58
30 57
14 21
30 32
15 39
13 49
3 59
14 48
3 54
6 9
25 27
0 2
1 59
28 30
4 53
30 53
2 5
16 27
16 25
16 19
14 16
54 56
21 23
16 18
33 36
18 20
51 53
17 25
11 13
12 28
33 35
14 47
39 44
4 51
32 37
37 46
7 59
31 53
14 45
0 1
1 2
2 3
3 4
4 5
5 6
6 7
7 8
8 9
9 10
10 11
11 12
12 13
13 14
14 15
15 16
16 17
17 18
18 19
19 20
20 21
21 22
22 23
23 24
24 25
25 26
26 27
27 28
28 29
29 30
30 31
31 32
32 33
33 34
34 35
35 36
36 37
37 38
38 39
39 40
40 41
41 42
42 43
43 44
44 45
45 46
46 47
47 48
48 49
49 50
50 51
51 52
52 53
53 54
54 55
55 56
56 57
57 58
58 59
59 0
44 55
14 37
28 53
12 54
3 56
17 54
30 43
41 56
17 28
9 59
1 3
28 48
17 32
44 46
3 13
10 54
21 24
23 28
30 39
46 55
11 54
3 57
34 38
24 53
4 12
29 31
9 57
4 7
38 40
28 49
52 54
49 51
8 12
2 9
17 23
14 33
22 24
33 39
19 21
34 37
3 38
29 47
13 37
51 54
19 24
29 43
17 31
50 53
2 8
19 54
18 54
19 23
45 55
51 55
0 9
15 33
30 40
3 12
17 33
12 14
27 53
28 47
25 28
47 49
6 8
35 38
7 12
1 9
42 56
2 6
18 23
0 58
31 33
1 57
3 37
17 29
26 28
29 46
9 55
3 5
12 16
38 41
34 39
24 54
14 34
30 42
43 46
30 33
40 42
10 12
38 56
3 6
12 17
46 51
10 55
24 28
55 57
24 26
36 38
0 57
43 56
19 22
16 33
12 15
9 12
26 53
44 56
28 50
57 59
47 51
50 52
