0 1
1 2
2 3
3 4
4 5
5 6
6 7
7 8
8 9
9 10
10 11
11 12
12 13
13 14
14 15
15 16
16 17
17 18
18 19
19 20
20 21
21 22
22 23
23 24
24 25
25 26
26 27
27 28
28 29
29 30
30 31
31 32
32 33
33 34
34 35
35 36
36 37
37 38
38 39
39 40
40 41
41 42
42 43
43 44
44 45
45 46
46 47
47 48
48 49
49 50
50 51
51 52
52 53
53 54
54 55
55 56
56 57
57 58
58 59
59 0
27 55
13 30
41 43
8 19
29 40
31 40
45 49
19 55
2 34
13 21
22 28
51 54
12 30
49 58
34 40
36 58
4 32
7 30
40 52
5 8
31 34
6 30
18 20
2 19
2 8
54 57
35 39
50 57
22 30
19 23
40 48
4 6
45 50
23 25
15 18
37 58
41 52
2 36
40 47
13 20
34 36
0 57
1 57
52 55
42 51
43 51
40 58
10 12
44 50
24 55
19 21
2 33
16 18
32 34
40 44
44 46
22 27
9 19
9 12
35 37
2 4
19 56
22 25
12 19
17 19
48 58
40 55
7 11
3 8
53 55
9 11
38 58
52 54
38 40
55 57
13 16
16 19
49 57
24 26
35 40
27 40
30 32
41 44
36 59
19 24
40 46
1 56
28 40
0 36
14 18
0 2
45 48
7 9
45 47
0 58
30 40
21 30
13 18
51 57
41 51
35 38
22 26
4 8
43 50
4 30
24 27
13 19
2 32
28 30
6 8
21 23
11 30
14 16
1 19

0 1
1 2
2 3
3 4
4 5
5 6
6 7
7 8
8 9
9 10
10 11
11 12
12 13
13 14
14 15
15 16
16 17
17 18
18 19
19 20
20 21
21 22
22 23
23 24
24 25
25 26
26 27
27 28
28 29
29 30
30 31
31 32
32 33
33 34
34 35
35 36
36 37
37 38
38 39
39 40
40 41
41 42
42 43
43 44
44 45
45 46
46 47
47 48
48 49
49 50
50 51
51 52
52 53
53 54
54 55
55 56
56 57
57 58
58 59
59 0
16 55
4 49
30 44
17 38
24 31
39 47
20 24
18 55
5 14
51 58
33 42
46 54
1 9
0 51
46 50
0 9
10 55
21 27
39 48
10 59
47 49
33 39
14 38
18 29
1 4
26 28
17 34
46 53
33 37
21 29
5 13
14 17
46 55
20 31
10 13
33 40
32 43
6 12
50 53
8 11
0 10
29 55
2 5
4 50
40 45
34 38
2 9
4 51
54 56
5 38
5 9
44 55
19 31
5 48
17 31
5 7
34 37
51 56
37 39
25 27
10 58
13 55
26 29
25 30
18 31
40 42
36 38
8 12
19 29
1 3
0 4
3 5
5 49
50 52
32 44
21 25
31 44
56 58
5 12
20 29
42 44
26 30
32 42
51 59
47 50
39 46
45 55
20 23
20 22
13 15
17 33
33 41
5 39
31 33
30 55
8 10
22 24
17 55
15 55
52 56
7 12
55 58
42 45
15 17
24 30
21 24
53 56
11 13
27 29
39 45
