0 1
1 2
2 3
3 4
4 5
5 6
6 7
7 8
8 9
9 10
10 11
11 12
12 13
13 14
14 15
15 16
16 17
17 18
18 19
19 20
20 21
21 22
22 23
23 24
24 25
25 26
26 27
27 28
28 29
29 30
30 31
31 32
32 33
33 34
34 35
35 36
36 37
37 38
38 39
39 40
40 41
41 42
42 43
43 44
44 45
45 46
46 47
47 48
48 49
49 50
50 51
51 52
52 53
53 54
54 55
55 56
56 57
57 58
58 59
59 0
26 41
14 55
31 54
3 53
29 34
0 10
24 50
22 24
38 53
8 17
9 15
10 57
4 24
3 5
2 10
14 16
9 14
44 49
48 50
7 24
34 39
9 13
26 31
25 42
46 49
43 49
22 54
25 31
20 22
19 54
42 48
24 54
10 12
13 55
42 53
6 9
19 55
2 53
49 51
27 31
35 54
3 50
2 59
5 24
28 34
45 47
14 17
6 10
8 22
29 32
43 53
13 56
31 33
3 10
27 30
9 11
42 45
36 53
2 57
29 33
6 24
24 48
7 22
10 56
25 54
9 12
6 8
39 42
17 22
2 56
42 44
36 39
4 50
57 59
19 22
53 56
26 39
31 34
26 42
18 21
49 53
36 38
12 56
42 47
14 19
24 42
50 53
28 39
54 56
40 42
1 59
10 59
17 19
17 21
27 39
0 2
27 29
34 36
39 41
44 46
8 15
3 6
39 53
10 58
8 16
19 21
37 39
29 31
51 53
49 52
35 53
34 54
23 54
46 48
0 1
1 2
2 3
3 4
4 5
5 6
6 7
7 8
8 9
9 10
10 11
11 12
12 13
13 14
14 15
15 16
16 17
17 18
18 19
19 20
20 21
21 22
22 23
23 24
24 25
25 26
26 27
27 28
28 29
29 30
30 31
31 32
32 33
33 34
34 35
35 36
36 37
37 38
38 39
39 40
40 41
41 42
42 43
43 44
44 45
45 46
46 47
47 48
48 49
49 50
50 51
51 52
52 53
53 54
54 55
55 56
56 57
57 58
58 59
59 0
5 9
24 53
23 43
10 15
34 42
40 43
23 38
10 24
22 57
3 12
15 24
12 16
10 53
33 52
10 13
23 31
19 59
22 46
7 57
7 59
35 39
27 33
51 54
23 34
16 21
24 27
50 55
26 30
25 27
43 52
34 52
48 57
33 53
21 57
8 54
28 30
23 35
13 15
48 52
20 58
35 41
24 26
0 7
52 54
18 20
27 32
44 52
24 30
45 52
30 32
12 59
32 34
23 39
22 44
27 53
12 19
55 57
15 21
12 14
12 18
9 53
3 59
4 7
50 54
1 7
46 52
7 9
19 58
4 10
48 51
42 52
5 10
4 12
22 48
26 28
4 6
11 13
7 58
35 42
1 3
35 40
49 56
1 4
20 57
8 55
28 32
17 20
23 36
22 47
8 53
35 38
0 3
47 52
15 23
23 44
16 18
23 37
7 55
2 4
49 55
5 7
24 31
21 23
41 43
4 11
12 15
22 45
26 29
48 56
23 32
23 40
16 20
35 37
