0 1
1 2
2 3
3 4
4 5
5 6
6 7
7 8
8 9
9 10
10 11
11 12
12 13
13 14
14 15
15 16
16 17
17 18
18 19
19 20
20 21
21 22
22 23
23 24
24 25
25 26
26 27
27 28
28 29
29 30
30 31
31 32
32 33
33 34
34 35
35 36
36 37
37 38
38 39
39 40
40 41
41 42
42 43
43 44
44 45
45 46
46 47
47 48
48 49
49 50
50 51
51 52
52 53
53 54
54 55
55 56
56 57
57 58
58 59
59 0
18 26
24 33
15 18
8 12
27 36
14 47
4 44
0 58
35 40
11 52
8 19
44 58
2 55
21 33
29 36
26 29
5 7
47 51
48 50
13 50
26 47
3 58
5 34
32 34
52 55
6 21
36 40
8 53
14 49
55 58
21 24
30 33
19 25
50 52
11 50
7 54
16 26
42 47
2 58
35 37
20 23
2 5
24 29
2 56
51 55
13 49
8 54
35 44
6 33
35 38
36 47
8 13
26 36
30 32
13 18
13 19
40 44
9 53
11 13
0 2
7 21
21 23
11 53
15 17
45 51
9 12
43 45
16 47
36 42
23 25
4 34
5 33
37 39
15 47
43 47
8 21
29 33
1 56
29 31
29 34
52 54
17 26
2 4
48 51
42 44
1 59
9 11
19 26
44 51
20 22
56 58
1 58
29 32
51 58
10 12
36 41
29 35
3 44
13 15
20 25
47 49
27 29
35 39
2 54
46 51
2 7
19 21
37 40
34 44
45 47
28 36
25 29
55 57
41 44

0 1
1 2
2 3
3 4
4 5
5 6
6 7
7 8
8 9
9 10
10 11
11 12
12 13
13 14
14 15
15 16
16 17
17 18
18 19
19 20
20 21
21 22
22 23
23 24
24 25
25 26
26 27
27 28
28 29
29 30
30 31
31 32
32 33
33 34
34 35
35 36
36 37
37 38
38 39
39 40
40 41
41 42
42 43
43 44
44 45
45 46
46 47
47 48
48 49
49 50
50 51
51 52
52 53
53 54
54 55
55 56
56 57
57 58
58 59
59 0
20 26
29 55
18 47
27 57
25 43
24 46
35 42
37 44
12 20
37 54
12 16
49 53
44 48
25 33
37 49
8 57
30 54
2 57
34 42
4 47
10 20
5 11
25 32
4 58
47 53
12 18
53 55
25 42
37 48
6 57
15 19
37 53
47 52
47 58
5 12
10 26
29 56
23 26
29 54
35 41
37 41
38 40
28 30
21 47
40 43
40 42
33 37
47 57
5 10
47 55
49 51
34 37
34 36
27 32
31 54
39 41
33 54
7 9
37 43
14 16
25 45
0 4
3 5
19 47
27 31
1 4
3 6
7 10
1 57
49 52
26 32
12 19
10 27
28 57
9 27
2 6
12 14
23 46
33 42
5 47
11 20
46 48
8 27
38 43
57 59
21 26
32 54
24 45
13 16
5 18
22 46
0 57
45 48
25 44
17 19
47 50
27 30
14 19
20 47
6 8
16 18
29 57
1 3
16 19
24 26
38 41
6 10
47 56
4 59
22 26
21 46
