0 1
1 2
2 3
3 4
4 5
5 6
6 7
7 8
8 9
9 10
10 11
11 12
12 13
13 14
14 15
15 16
16 17
17 18
18 19
19 20
20 21
21 22
22 23
23 24
24 25
25 26
26 27
27 28
28 29
29 30
30 31
31 32
32 33
33 34
34 35
35 36
36 37
37 38
38 39
39 40
40 41
41 42
42 43
43 44
44 45
45 46
46 47
47 48
48 49
49 50
50 51
51 52
52 53
53 54
54 55
55 56
56 57
57 58
58 59
59 0
0 28
48 54
27 43
13 20
31 59
16 54
24 51
1 26
4 55
28 38
25 47
8 15
48 55
8 16
22 26
10 20
29 34
45 58
4 16
36 44
34 58
18 24
7 9
48 53
8 14
48 51
40 44
36 58
51 53
12 14
20 23
24 49
32 34
45 57
3 26
10 12
45 55
45 56
24 54
4 21
45 47
5 8
24 48
46 48
27 42
22 25
34 37
28 59
7 21
27 38
9 20
7 20
9 14
4 7
37 40
18 54
14 20
28 34
41 44
3 57
33 59
43 45
25 27
21 23
11 14
39 41
30 59
2 26
38 42
2 58
10 14
2 57
37 44
4 26
3 56
45 48
0 58
25 43
3 55
24 53
44 58
32 59
28 30
37 39
41 43
34 36
0 26
25 48
15 19
20 24
29 31
24 50
5 7
5 16
43 47
14 19
34 59
6 8
1 58
10 13
21 26
16 19
31 34
35 37
22 24
4 54
26 28
28 37
38 41
48 50
18 20
24 52
16 18
17 54
0 1
1 2
2 3
3 4
4 5
5 6
6 7
7 8
8 9
9 10
10 11
11 12
12 13
13 14
14 15
15 16
16 17
17 18
18 19
19 20
20 21
21 22
22 23
23 24
24 25
25 26
26 27
27 28
28 29
29 30
30 31
31 32
32 33
33 34
34 35
35 36
36 37
37 38
38 39
39 40
40 41
41 42
42 43
43 44
44 45
45 46
46 47
47 48
48 49
49 50
50 51
51 52
52 53
53 54
54 55
55 56
56 57
57 58
58 59
59 0
11 17
16 52
11 33
43 51
38 58
33 47
3 9
22 50
3 13
36 41
1 8
19 25
13 57
35 41
43 48
26 49
3 10
43 57
17 26
8 10
30 33
15 53
53 55
16 50
29 32
4 9
41 45
14 56
32 47
17 25
25 50
16 20
41 46
21 50
43 55
10 34
53 56
41 47
11 27
1 59
27 30
3 7
1 3
20 22
0 3
8 34
40 57
43 52
37 58
11 26
28 49
36 40
0 57
41 57
1 35
11 34
23 50
50 52
52 54
39 57
34 47
36 39
11 13
13 15
57 59
1 36
43 46
15 56
23 25
52 55
39 58
20 25
17 19
0 13
44 46
18 25
36 38
26 50
27 33
17 20
13 17
42 44
3 6
28 47
16 53
3 5
4 8
28 32
42 45
49 51
12 17
15 17
30 32
43 56
1 34
36 59
3 11
28 48
1 7
16 21
14 57
4 6
31 33
42 57
34 41
37 59
0 2
27 29
43 49
27 49
