0 1
1 2
2 3
3 4
4 5
5 6
6 7
7 8
8 9
9 10
10 11
11 12
12 13
13 14
14 15
15 16
16 17
17 18
18 19
19 20
20 21
21 22
22 23
23 24
24 25
25 26
26 27
27 28
28 29
29 30
30 31
31 32
32 33
33 34
34 35
35 36
36 37
37 38
38 39
39 40
40 41
41 42
42 43
43 44
44 45
45 46
46 47
47 48
48 49
49 50
50 51
51 52
52 53
53 54
54 55
55 56
56 57
57 58
58 59
59 0
2 50
21 39
2 41
8 33
44 57
33 59
16 33
28 38
0 5
7 13
2 59
6 17
6 40
10 16
30 36
31 36
36 39
21 29
12 15
41 49
4 41
21 32
45 56
52 54
19 21
46 50
39 58
41 57
51 53
28 39
51 59
1 5
6 41
16 21
21 30
48 50
36 38
44 49
57 59
23 27
31 33
22 39
41 58
55 59
11 16
21 28
44 46
30 32
46 52
20 39
23 39
8 59
45 57
54 59
1 3
42 49
35 58
7 15
12 14
10 12
27 39
34 58
50 59
22 25
5 7
46 51
28 36
46 55
42 57
47 50
34 36
22 24
22 28
44 48
17 21
8 12
36 58
42 44
1 4
9 16
40 58
9 12
20 40
7 14
5 59
5 41
41 50
52 55
45 55
22 27
37 39
43 57
16 32
53 59
17 19
56 59
17 40
31 34
29 36
9 33
5 8
17 20
7 17
24 26
15 17
25 27
8 13
46 48
12 16
1 59
33 58
2 4
24 27
18 20

0 1
1 2
2 3
3 4
4 5
5 6
6 7
7 8
8 9
9 10
10 11
11 12
12 13
13 14
14 15
15 16
16 17
17 18
18 19
19 20
20 21
21 22
22 23
23 24
24 25
25 26
26 27
27 28
28 29
29 30
30 31
31 32
32 33
33 34
34 35
35 36
36 37
37 38
38 39
39 40
40 41
41 42
42 43
43 44
44 45
45 46
46 47
47 48
48 49
49 50
50 51
51 52
52 53
53 54
54 55
55 56
56 57
57 58
58 59
59 0
13 59
39 56
28 35
10 54
26 47
23 32
25 32
10 53
14 36
2 57
48 52
2 56
10 20
10 25
35 39
44 55
0 11
20 25
26 43
48 54
5 56
14 37
30 34
8 10
9 11
7 54
19 22
6 9
16 19
14 33
33 36
3 6
20 23
26 45
38 59
16 18
10 15
21 23
0 2
17 23
40 43
7 55
35 42
25 51
23 25
28 42
0 57
27 43
39 57
33 35
23 33
14 23
44 54
11 14
38 57
48 51
4 56
38 58
13 38
44 47
29 34
0 58
5 55
27 30
27 42
45 47
15 19
11 15
25 47
7 10
0 13
29 35
43 55
14 16
35 40
25 30
32 34
49 51
6 55
18 22
14 17
26 44
13 37
1 9
27 29
17 22
26 30
47 49
15 20
24 32
0 12
47 51
35 38
3 56
25 31
39 55
0 9
39 43
4 6
35 41
6 8
1 6
10 52
40 42
25 52
2 6
47 54
11 13
20 22
26 46
35 37
48 53
