0 1
1 2
2 3
3 4
4 5
5 6
6 7
7 8
8 9
9 10
10 11
11 12
12 13
13 14
14 15
15 16
16 17
17 18
18 19
19 20
20 21
21 22
22 23
23 24
24 25
25 26
26 27
27 28
28 29
29 30
30 31
31 32
32 33
33 34
34 35
35 36
36 37
37 38
38 39
39 40
40 41
41 42
42 43
43 44
44 45
45 46
46 47
47 48
48 49
49 50
50 51
51 52
52 53
53 54
54 55
55 56
56 57
57 58
58 59
59 0
28 51
13 56
21 58
28 41
2 58
20 56
7 21
24 48
42 45
5 9
33 45
30 32
10 19
34 45
33 41
9 12
26 54
24 46
44 51
21 57
23 56
49 56
0 13
12 18
41 43
22 57
34 40
25 29
16 18
7 58
34 36
25 45
25 57
41 44
0 3
18 56
40 42
24 47
48 51
0 9
49 51
25 46
45 51
9 19
20 22
25 27
37 41
30 33
29 33
53 55
41 51
33 35
49 52
27 53
32 45
45 48
55 57
12 14
13 57
22 25
25 30
3 9
34 38
8 20
24 56
0 57
37 39
25 55
4 6
27 54
14 17
0 12
17 56
8 21
9 20
25 32
1 59
23 25
34 42
4 58
6 58
12 19
14 18
5 7
11 19
29 41
13 17
25 54
4 9
37 40
38 40
15 17
52 56
46 48
27 52
53 56
20 23
35 37
31 33
57 59
19 56
3 58
27 51
14 16
24 49
27 29
1 3
42 44
1 58
10 12
48 50
7 9
36 38
33 37

0 1
1 2
2 3
3 4
4 5
5 6
6 7
7 8
8 9
9 10
10 11
11 12
12 13
13 14
14 15
15 16
16 17
17 18
18 19
19 20
20 21
21 22
22 23
23 24
24 25
25 26
26 27
27 28
28 29
29 30
30 31
31 32
32 33
33 34
34 35
35 36
36 37
37 38
38 39
39 40
40 41
41 42
42 43
43 44
44 45
45 46
46 47
47 48
48 49
49 50
50 51
51 52
52 53
53 54
54 55
55 56
56 57
57 58
58 59
59 0
19 52
15 18
9 56
5 18
39 51
27 37
19 46
19 34
19 25
16 23
13 52
35 42
6 8
17 23
30 34
0 56
5 10
16 51
4 55
13 55
19 31
19 29
23 27
4 7
19 26
40 45
29 34
36 42
37 42
4 8
8 57
18 53
9 57
5 55
29 31
56 59
15 51
19 47
13 18
13 15
18 22
19 27
47 52
20 24
40 48
16 38
11 18
27 35
19 22
40 49
2 56
20 25
35 44
34 44
1 4
19 44
13 51
5 11
24 26
35 43
40 47
10 13
19 21
23 26
0 58
39 49
6 10
19 33
50 52
17 22
27 34
2 55
10 55
1 57
47 49
9 55
23 38
3 55
16 39
0 2
23 37
52 55
2 4
6 9
43 45
52 54
56 58
19 53
38 42
39 50
44 46
22 24
21 24
41 45
32 34
40 46
1 8
5 53
19 32
39 42
28 34
27 36
39 41
14 51
31 34
11 13
19 28
47 50
5 54
