0 1
1 2
2 3
3 4
4 5
5 6
6 7
7 8
8 9
9 10
10 11
11 12
12 13
13 14
14 15
15 16
16 17
17 18
18 19
19 20
20 21
21 22
22 23
23 24
24 25
25 26
26 27
27 28
28 29
29 30
30 31
31 32
32 33
33 34
34 35
35 36
36 37
37 38
38 39
39 40
40 41
41 42
42 43
43 44
44 45
45 46
46 47
47 48
48 49
49 50
50 51
51 52
52 53
53 54
54 55
55 56
56 57
57 58
58 59
59 0
15 47
25 50
15 53
29 43
37 39
47 57
21 32
38 41
18 20
14 59
21 45
5 59
15 50
29 33
1 5
36 43
32 41
46 49
21 50
29 32
47 53
6 9
13 56
47 52
9 58
35 41
1 8
47 49
30 32
19 45
21 28
17 20
16 46
2 59
6 12
25 43
32 44
9 11
37 40
2 5
30 33
22 27
29 36
41 44
49 51
12 59
35 40
16 50
39 41
18 45
15 59
27 43
49 52
13 58
10 58
22 24
37 42
4 59
37 43
50 52
53 55
21 29
47 54
6 11
8 58
19 21
13 53
55 57
21 27
33 41
43 45
14 53
5 7
35 37
24 26
0 2
5 12
13 55
5 8
21 24
26 43
43 46
33 35
47 55
33 36
21 23
16 47
57 59
25 49
11 13
47 59
16 45
21 44
31 33
43 49
56 58
24 27
16 21
6 8
17 21
8 59
3 59
46 48
42 44
10 13
50 53
21 25
3 5
27 29
12 14
16 18
1 59
37 41
34 36
0 1
1 2
2 3
3 4
4 5
5 6
6 7
7 8
8 9
9 10
10 11
11 12
12 13
13 14
14 15
15 16
16 17
17 18
18 19
19 20
20 21
21 22
22 23
23 24
24 25
25 26
26 27
27 28
28 29
29 30
30 31
31 32
32 33
33 34
34 35
35 36
36 37
37 38
38 39
39 40
40 41
41 42
42 43
43 44
44 45
45 46
46 47
47 48
48 49
49 50
50 51
51 52
52 53
53 54
54 55
55 56
56 57
57 58
58 59
59 0
19 51
29 59
5 21
5 14
1 54
2 9
29 58
25 27
19 41
55 58
31 42
12 15
5 28
18 21
31 35
42 55
31 57
10 14
15 54
22 29
41 43
36 38
44 50
14 18
4 9
20 33
20 41
20 29
34 41
4 6
42 57
25 29
2 28
13 15
5 18
43 53
28 59
2 4
20 30
39 42
49 53
7 14
23 25
18 51
2 11
5 27
11 54
51 54
36 42
2 10
17 51
1 58
38 42
29 31
36 41
21 26
15 51
3 28
8 10
23 29
42 53
45 53
43 51
29 57
52 54
51 53
44 47
45 47
44 53
14 17
46 53
2 54
25 28
0 28
8 14
36 40
44 49
20 22
0 58
48 53
19 43
7 9
11 14
22 25
24 29
14 16
11 15
36 39
40 42
1 28
15 17
32 35
20 32
22 26
43 50
1 55
42 54
20 31
32 34
44 48
4 28
42 56
35 42
6 14
20 34
4 7
5 26
