0 1
1 2
2 3
3 4
4 5
5 6
6 7
7 8
8 9
9 10
10 11
11 12
12 13
13 14
14 15
15 16
16 17
17 18
18 19
19 20
20 21
21 22
22 23
23 24
24 25
25 26
26 27
27 28
28 29
29 30
30 31
31 32
32 33
33 34
34 35
35 36
36 37
37 38
38 39
39 40
40 41
41 42
42 43
43 44
44 45
45 46
46 47
47 48
48 49
49 50
50 51
51 52
52 53
53 54
54 55
55 56
56 57
57 58
58 59
59 0
33 44
8 26
1 19
53 56
30 57
16 23
25 56
41 57
28 31
47 53
3 7
43 52
5 8
5 26
23 59
10 13
34 57
5 58
12 19
34 38
10 16
3 9
14 16
44 51
19 22
2 4
26 32
46 53
16 26
36 57
28 32
31 33
1 10
1 23
34 40
15 17
32 46
49 52
40 43
25 55
1 3
46 48
5 27
17 19
44 52
35 37
28 30
31 57
36 38
50 52
6 8
8 10
34 43
36 39
48 53
44 46
48 52
43 57
48 51
32 54
23 57
1 12
29 31
46 54
28 57
53 55
0 5
18 21
12 14
16 18
43 56
23 58
23 25
10 14
18 20
32 55
48 50
10 26
27 58
25 57
39 41
34 37
35 57
42 57
36 41
3 5
1 5
15 19
33 46
20 22
0 58
26 28
45 51
18 23
19 23
25 32
1 59
3 10
12 15
11 13
21 23
33 57
1 4
38 40
24 57
40 42
34 44
7 9
43 53
16 25
28 58
10 12
45 48
3 6

0 1
1 2
2 3
3 4
4 5
5 6
6 7
7 8
8 9
9 10
10 11
11 12
12 13
13 14
14 15
15 16
16 17
17 18
18 19
19 20
20 21
21 22
22 23
23 24
24 25
25 26
26 27
27 28
28 29
29 30
30 31
31 32
32 33
33 34
34 35
35 36
36 37
37 38
38 39
39 40
40 41
41 42
42 43
43 44
44 45
45 46
46 47
47 48
48 49
49 50
50 51
51 52
52 53
53 54
54 55
55 56
56 57
57 58
58 59
59 0
3 33
8 48
43 54
33 43
15 42
19 34
6 11
6 33
15 29
44 54
13 43
24 29
26 31
11 47
11 15
35 41
19 24
21 34
15 18
0 52
11 30
39 42
4 52
54 59
6 48
18 39
35 40
33 56
4 51
4 50
11 14
11 48
22 32
11 44
23 31
6 49
33 58
22 31
18 37
12 44
47 50
21 32
27 31
25 31
51 54
14 42
6 30
24 31
0 4
16 29
56 59
19 36
17 24
6 10
4 33
41 43
25 29
5 49
15 30
17 29
6 32
5 33
18 24
18 38
13 42
52 59
33 59
35 38
11 46
55 59
13 44
9 11
21 24
9 48
3 59
45 50
0 2
0 3
44 50
20 24
15 39
27 29
4 49
19 21
45 47
47 49
34 41
33 41
19 37
33 54
11 45
50 54
32 34
27 30
35 39
26 29
6 31
51 53
57 59
34 36
7 48
56 58
6 9
54 56
53 59
2 59
22 24
