0 1
1 2
2 3
3 4
4 5
5 6
6 7
7 8
8 9
9 10
10 11
11 12
12 13
13 14
14 15
15 16
16 17
17 18
18 19
19 20
20 21
21 22
22 23
23 24
24 25
25 26
26 27
27 28
28 29
29 30
30 31
31 32
32 33
33 34
34 35
35 36
36 37
37 38
38 39
39 40
40 41
41 42
42 43
43 44
44 45
45 46
46 47
47 48
48 49
49 50
50 51
51 52
52 53
53 54
54 55
55 56
56 57
57 58
58 59
59 0
1 4
20 48
46 57
33 57
9 29
16 27
7 9
23 43
44 47
20 22
4 18
2 51
20 43
10 27
46 48
4 20
34 40
6 13
0 5
46 50
19 23
3 49
9 32
26 43
35 57
34 41
41 57
5 14
3 50
35 39
36 41
24 27
8 58
18 20
12 16
3 51
5 18
46 51
29 31
0 6
12 14
29 41
44 57
7 58
20 47
0 7
21 43
17 27
9 27
10 13
8 57
0 55
7 10
10 16
9 57
51 56
37 39
48 50
29 33
1 53
20 49
4 49
25 43
51 57
7 59
0 54
29 34
18 24
11 16
15 18
22 43
43 57
41 43
1 51
42 57
17 24
35 37
38 41
45 57
44 46
56 59
1 52
2 4
35 40
51 54
12 15
19 22
9 33
24 43
55 59
5 13
9 30
14 18
6 10
27 43
35 41
27 41
1 54
54 56
57 59
33 35
11 13
38 40
51 53
28 41
24 26
18 23
15 17
1 5
27 29
43 47
37 41
9 31
29 32
0 1
1 2
2 3
3 4
4 5
5 6
6 7
7 8
8 9
9 10
10 11
11 12
12 13
13 14
14 15
15 16
16 17
17 18
18 19
19 20
20 21
21 22
22 23
23 24
24 25
25 26
26 27
27 28
28 29
29 30
30 31
31 32
32 33
33 34
34 35
35 36
36 37
37 38
38 39
39 40
40 41
41 42
42 43
43 44
44 45
45 46
46 47
47 48
48 49
49 50
50 51
51 52
52 53
53 54
54 55
55 56
56 57
57 58
58 59
59 0
27 54
35 49
15 56
35 50
3 12
13 15
28 34
1 30
39 41
7 28
28 47
10 28
34 52
2 57
34 57
14 26
44 48
37 44
6 28
47 53
2 30
0 34
1 58
6 9
40 42
15 27
40 43
4 29
42 46
43 45
11 26
0 57
52 57
36 46
15 57
11 28
22 26
3 11
45 47
11 27
35 47
14 20
17 25
36 49
2 29
40 44
36 47
18 21
52 56
2 15
47 51
15 19
47 52
3 5
43 46
27 55
30 32
27 47
19 21
1 32
52 54
14 22
39 46
22 24
3 10
4 28
45 48
8 28
13 26
36 48
39 44
3 15
32 34
16 19
12 26
21 23
1 33
41 46
21 24
6 8
36 44
14 19
15 25
28 35
52 55
14 21
36 38
2 58
35 52
28 31
15 26
27 56
5 10
27 53
18 25
47 50
8 10
17 19
0 33
5 28
38 46
28 32
3 29
38 44
1 59
35 51
28 30
47 49
22 25
5 9
3 13
16 25
21 25
0 58
