0 1
1 2
2 3
3 4
4 5
5 6
6 7
7 8
8 9
9 10
10 11
11 12
12 13
13 14
14 15
15 16
16 17
17 18
18 19
19 20
20 21
21 22
22 23
23 24
24 25
25 26
26 27
27 28
28 29
29 30
30 31
31 32
32 33
33 34
34 35
35 36
36 37
37 38
38 39
39 40
40 41
41 42
42 43
43 44
44 45
45 46
46 47
47 48
48 49
49 50
50 51
51 52
52 53
53 54
54 55
55 56
56 57
57 58
58 59
59 0
27 36
4 10
16 27
32 45
29 52
42 56
13 53
10 59
27 58
17 27
1 9
3 20
32 46
2 26
12 56
52 55
29 36
49 56
2 20
20 24
3 17
19 26
34 42
10 15
33 44
1 5
27 29
27 59
38 57
3 16
42 48
11 56
33 35
13 54
34 40
4 16
3 18
18 26
29 31
33 36
1 27
6 9
22 26
30 36
31 51
41 56
32 47
42 47
49 51
13 27
34 43
50 55
9 59
2 21
44 46
33 45
42 46
32 36
5 9
36 57
31 52
20 25
10 12
34 44
56 58
10 56
48 56
4 9
13 29
10 16
47 51
48 51
17 26
2 27
50 56
40 42
23 25
21 24
14 27
35 38
43 46
31 36
36 38
13 28
7 9
12 54
54 56
40 56
21 26
39 56
23 26
32 51
10 58
1 8
15 27
10 14
53 55
50 52
39 57
2 4
1 7
38 40
0 9
10 13
13 52
1 59
35 37
22 24
18 20
35 40
2 5
27 57
19 25
1 6

0 1
1 2
2 3
3 4
4 5
5 6
6 7
7 8
8 9
9 10
10 11
11 12
12 13
13 14
14 15
15 16
16 17
17 18
18 19
19 20
20 21
21 22
22 23
23 24
24 25
25 26
26 27
27 28
28 29
29 30
30 31
31 32
32 33
33 34
34 35
35 36
36 37
37 38
38 39
39 40
40 41
41 42
42 43
43 44
44 45
45 46
46 47
47 48
48 49
49 50
50 51
51 52
52 53
53 54
54 55
55 56
56 57
57 58
58 59
59 0
57 59
10 38
30 54
26 34
25 35
51 57
36 41
3 59
9 46
11 57
27 30
12 22
1 49
12 23
20 27
11 36
3 46
32 53
24 36
36 53
29 55
45 52
7 59
45 49
10 39
21 25
18 55
1 51
0 51
36 40
9 45
16 56
11 16
27 34
17 55
17 20
32 34
11 24
1 47
31 33
16 57
19 28
13 15
32 35
9 41
19 55
9 58
10 57
41 44
20 22
27 31
45 50
3 47
30 55
32 54
10 40
31 34
0 2
15 20
13 22
6 8
14 22
2 59
45 48
0 57
45 51
51 56
15 17
1 50
4 59
43 53
11 37
10 37
28 30
8 59
2 47
31 54
5 7
17 56
17 19
8 46
51 54
5 59
12 15
37 39
41 45
3 5
45 53
12 16
20 26
5 46
35 53
28 55
51 55
14 20
25 34
12 24
8 58
47 49
9 57
42 44
36 42
19 27
43 45
52 54
36 43
25 36
22 25
37 40
5 8
10 41
45 47
