0 1
1 2
2 3
3 4
4 5
5 6
6 7
7 8
8 9
9 10
10 11
11 12
12 13
13 14
14 15
15 16
16 17
17 18
18 19
19 20
20 21
21 22
22 23
23 24
24 25
25 26
26 27
27 28
28 29
29 30
30 31
31 32
32 33
33 34
34 35
35 36
36 37
37 38
38 39
39 40
40 41
41 42
42 43
43 44
44 45
45 46
46 47
47 48
48 49
49 50
50 51
51 52
52 53
53 54
54 55
55 56
56 57
57 58
58 59
59 0
19 41
9 36
4 55
2 19
42 52
46 48
2 48
55 57
26 31
9 20
0 50
4 56
22 33
27 41
32 40
2 5
1 4
50 52
7 9
29 41
33 36
11 14
41 53
15 18
9 38
6 17
7 39
15 19
7 41
3 5
19 47
42 45
0 48
4 54
25 41
35 38
54 59
22 31
32 41
55 59
48 52
25 31
11 15
29 31
48 50
2 4
22 25
51 53
19 44
20 22
32 38
7 15
43 45
8 10
15 20
9 21
50 59
38 40
8 15
6 16
10 15
41 43
26 28
42 48
34 36
12 14
30 32
12 20
53 59
0 57
6 41
17 19
0 58
13 15
42 53
25 27
26 29
0 56
29 32
33 38
22 24
22 32
7 16
0 2
0 4
16 18
41 54
19 48
7 38
22 41
20 41
6 19
51 59
19 45
5 54
23 41
35 37
24 41
10 12
9 33
41 44
9 37
33 35
27 29
2 6
55 58
45 47
21 33
10 20
39 41
13 20
6 54
0 49
42 46

0 1
1 2
2 3
3 4
4 5
5 6
6 7
7 8
8 9
9 10
10 11
11 12
12 13
13 14
14 15
15 16
16 17
17 18
18 19
19 20
20 21
21 22
22 23
23 24
24 25
25 26
26 27
27 28
28 29
29 30
30 31
31 32
32 33
33 34
34 35
35 36
36 37
37 38
38 39
39 40
40 41
41 42
42 43
43 44
44 45
45 46
46 47
47 48
48 49
49 50
50 51
51 52
52 53
53 54
54 55
55 56
56 57
57 58
58 59
59 0
23 55
13 27
21 58
13 53
49 54
4 20
40 48
38 42
30 46
9 57
1 21
24 35
28 51
30 49
19 23
7 59
28 33
41 48
19 21
1 59
13 28
14 19
4 7
0 7
4 16
38 49
9 56
19 26
32 42
31 45
28 35
49 52
11 53
7 13
41 45
1 6
38 41
19 25
36 38
53 55
10 13
25 35
13 51
29 50
23 54
18 20
22 56
8 59
19 24
31 46
9 59
49 53
38 54
2 20
19 27
7 14
56 58
28 34
35 54
10 56
11 55
36 54
32 44
14 17
39 49
23 35
22 58
33 37
32 43
29 49
4 6
12 53
13 19
26 35
3 6
19 22
4 14
7 10
14 18
3 20
32 45
40 49
1 7
28 50
28 30
30 33
1 20
21 59
11 56
41 47
1 3
5 7
13 52
41 46
4 15
15 17
46 49
57 59
4 18
4 17
31 33
23 56
27 35
32 37
42 44
47 49
37 42
49 51
34 37
11 13
