0 1
1 2
2 3
3 4
4 5
5 6
6 7
7 8
8 9
9 10
10 11
11 12
12 13
13 14
14 15
15 16
16 17
17 18
18 19
19 20
20 21
21 22
22 23
23 24
24 25
25 26
26 27
27 28
28 29
29 30
30 31
31 32
32 33
33 34
34 35
35 36
36 37
37 38
38 39
39 40
40 41
41 42
42 43
43 44
44 45
45 46
46 47
47 48
48 49
49 50
50 51
51 52
52 53
53 54
54 55
55 56
56 57
57 58
58 59
59 0
5 10
44 53
44 47
2 54
10 52
9 30
13 20
9 36
3 58
35 43
32 45
8 56
11 45
15 18
11 21
25 29
19 27
14 16
40 56
14 28
5 53
12 29
10 21
47 53
2 4
4 58
9 22
30 35
22 24
11 30
11 32
23 29
33 43
43 55
13 28
10 22
39 56
55 58
40 43
9 35
45 48
19 25
32 43
47 51
12 28
39 42
7 58
45 51
16 28
21 24
6 9
0 55
12 20
11 51
0 58
12 30
13 15
3 59
37 39
36 43
34 43
8 37
2 55
12 21
43 54
16 19
2 53
39 43
30 32
30 34
0 2
22 30
4 53
7 56
20 25
10 53
8 39
6 8
47 49
4 6
13 18
43 56
6 10
1 55
9 37
30 33
56 58
16 18
32 44
21 25
13 19
48 50
41 43
26 29
22 29
19 28
24 29
38 43
39 41
36 38
2 59
17 19
19 26
26 28
47 50
11 52
48 51
47 52
7 57
4 7
11 31
45 47
46 48
44 54
0 1
1 2
2 3
3 4
4 5
5 6
6 7
7 8
8 9
9 10
10 11
11 12
12 13
13 14
14 15
15 16
16 17
17 18
18 19
19 20
20 21
21 22
22 23
23 24
24 25
25 26
26 27
27 28
28 29
29 30
30 31
31 32
32 33
33 34
34 35
35 36
36 37
37 38
38 39
39 40
40 41
41 42
42 43
43 44
44 45
45 46
46 47
47 48
48 49
49 50
50 51
51 52
52 53
53 54
54 55
55 56
56 57
57 58
58 59
59 0
27 56
21 38
7 49
8 43
50 54
7 55
34 51
21 57
42 47
13 43
2 58
50 53
7 9
43 45
29 33
40 49
21 29
2 10
12 18
28 56
30 54
0 57
14 39
5 9
54 56
1 19
42 48
4 57
23 26
17 39
20 39
9 11
33 53
41 48
21 33
36 40
51 53
8 11
8 44
35 40
1 59
0 20
12 43
31 33
33 37
35 49
29 32
4 56
49 55
7 45
24 27
13 40
1 18
49 51
10 18
5 55
22 28
14 40
23 25
33 36
31 53
21 28
5 56
11 43
46 49
14 18
38 40
12 14
26 57
1 58
15 17
2 9
4 9
30 56
23 27
33 38
1 20
14 17
43 46
35 51
34 53
3 57
43 47
29 31
8 45
50 55
18 39
45 49
31 54
13 41
13 42
26 56
41 49
2 57
19 39
22 27
10 12
22 57
0 21
22 26
29 56
50 52
25 27
15 39
21 39
16 39
37 40
2 18
5 7
6 55
33 35
3 9
57 59
