0 1
1 2
2 3
3 4
4 5
5 6
6 7
7 8
8 9
9 10
10 11
11 12
12 13
13 14
14 15
15 16
16 17
17 18
18 19
19 20
20 21
21 22
22 23
23 24
24 25
25 26
26 27
27 28
28 29
29 30
30 31
31 32
32 33
33 34
34 35
35 36
36 37
37 38
38 39
39 40
40 41
41 42
42 43
43 44
44 45
45 46
46 47
47 48
48 49
49 50
50 51
51 52
52 53
53 54
54 55
55 56
56 57
57 58
58 59
59 0
21 28
18 27
0 38
4 13
7 53
3 56
11 27
4 30
29 41
42 44
41 58
35 37
37 39
27 46
27 43
18 22
32 39
16 21
16 29
42 46
3 35
0 3
30 41
39 41
18 20
38 59
41 53
18 21
39 59
16 20
27 52
3 53
31 33
42 51
0 58
41 54
36 38
2 56
5 13
33 35
15 30
22 25
27 42
8 12
27 53
3 34
14 16
47 52
30 39
46 51
12 14
5 7
42 52
11 17
47 50
6 13
4 7
53 56
25 28
8 11
46 49
14 17
27 47
28 42
9 11
16 28
3 36
31 34
16 18
30 40
0 56
32 35
8 27
11 18
4 34
35 39
3 38
18 26
24 28
4 15
27 45
10 12
11 14
8 13
55 58
16 19
54 56
48 50
1 56
28 41
8 10
46 50
0 57
26 28
42 53
22 28
54 58
13 15
46 48
39 58
44 46
56 58
0 2
30 34
8 53
22 24
4 53
7 13
47 51
23 28
16 30
31 39
43 45
22 26
0 1
1 2
2 3
3 4
4 5
5 6
6 7
7 8
8 9
9 10
10 11
11 12
12 13
13 14
14 15
15 16
16 17
17 18
18 19
19 20
20 21
21 22
22 23
23 24
24 25
25 26
26 27
27 28
28 29
29 30
30 31
31 32
32 33
33 34
34 35
35 36
36 37
37 38
38 39
39 40
40 41
41 42
42 43
43 44
44 45
45 46
46 47
47 48
48 49
49 50
50 51
51 52
52 53
53 54
54 55
55 56
56 57
57 58
58 59
59 0
22 34
33 39
25 46
20 23
6 19
12 59
3 25
39 56
27 41
8 15
40 47
8 18
10 14
14 19
22 27
47 55
50 58
6 18
29 32
47 54
0 8
20 34
9 12
26 45
29 40
19 58
47 58
22 33
1 46
5 24
5 19
10 13
48 51
35 58
34 39
40 45
51 58
3 24
40 42
17 19
48 58
52 57
0 9
27 30
48 52
1 59
29 39
20 22
38 58
11 13
41 43
1 3
2 5
10 15
26 43
9 59
2 4
25 27
39 55
19 24
15 19
15 17
19 34
51 57
0 5
1 58
49 58
30 33
34 38
39 57
53 55
20 24
1 47
0 6
7 18
25 45
12 19
48 54
53 57
24 27
12 58
19 35
1 5
29 31
21 34
13 19
3 46
29 33
49 51
8 17
40 55
40 44
48 53
38 57
27 33
8 16
27 40
37 58
26 44
27 29
40 43
40 46
9 15
6 8
36 58
3 5
34 36
55 57
28 30
34 37
26 41
30 32
23 27
