0 1
1 2
2 3
3 4
4 5
5 6
6 7
7 8
8 9
9 10
10 11
11 12
12 13
13 14
14 15
15 16
16 17
17 18
18 19
19 20
20 21
21 22
22 23
23 24
24 25
25 26
26 27
27 28
28 29
29 30
30 31
31 32
32 33
33 34
34 35
35 36
36 37
37 38
38 39
39 40
40 41
41 42
42 43
43 44
44 45
45 46
46 47
47 48
48 49
49 50
50 51
51 52
52 53
53 54
54 55
55 56
56 57
57 58
58 59
59 0
38 48
13 56
22 57
39 43
50 53
3 5
4 18
20 24
39 49
14 50
28 51
4 10
12 16
9 13
7 59
24 38
29 34
9 58
39 50
12 17
5 9
28 52
25 35
41 47
33 48
38 45
23 54
2 57
33 36
21 23
15 39
25 38
27 34
27 29
3 7
14 53
42 47
3 20
16 20
9 57
23 56
26 35
33 50
32 51
41 48
52 54
4 17
3 21
6 8
4 12
23 28
22 56
1 3
39 41
13 53
57 59
20 23
10 12
42 45
9 59
5 8
53 56
13 57
43 45
40 43
33 51
31 34
26 28
11 13
24 26
34 36
3 22
33 49
42 46
16 38
37 48
16 18
26 34
46 48
3 19
1 57
54 56
39 48
12 14
3 6
0 7
31 33
36 38
0 57
5 10
8 59
24 28
38 44
29 31
3 18
20 38
23 55
2 22
25 36
0 3
41 43
10 13
18 20
15 50
30 51
28 30
51 53
38 46
23 52
39 44
36 48
14 16
16 39
30 32
0 1
1 2
2 3
3 4
4 5
5 6
6 7
7 8
8 9
9 10
10 11
11 12
12 13
13 14
14 15
15 16
16 17
17 18
18 19
19 20
20 21
21 22
22 23
23 24
24 25
25 26
26 27
27 28
28 29
29 30
30 31
31 32
32 33
33 34
34 35
35 36
36 37
37 38
38 39
39 40
40 41
41 42
42 43
43 44
44 45
45 46
46 47
47 48
48 49
49 50
50 51
51 52
52 53
53 54
54 55
55 56
56 57
57 58
58 59
59 0
38 58
20 36
7 56
14 58
9 52
20 29
12 33
39 47
14 24
40 57
45 52
21 29
41 57
34 50
39 58
45 47
6 9
7 57
43 57
24 27
14 37
11 51
21 26
45 57
10 51
3 9
6 58
39 57
47 52
34 38
2 59
40 47
22 25
16 19
13 29
0 6
47 50
12 58
1 6
7 9
16 22
32 36
10 58
15 19
12 30
21 25
9 54
17 20
1 4
52 57
10 59
9 51
22 24
32 34
35 37
4 9
54 57
13 28
16 24
15 24
6 59
38 49
0 2
3 59
16 21
44 57
15 37
34 37
46 52
21 28
30 36
2 4
20 30
12 34
16 23
12 50
7 55
6 57
40 42
40 44
9 55
11 58
37 58
13 30
11 50
55 57
12 31
13 58
40 45
47 51
17 21
14 27
19 36
53 57
38 50
14 28
32 35
3 10
42 44
8 55
15 36
31 36
42 57
17 19
48 50
4 6
21 27
1 5
9 53
38 47
12 32
25 27
47 49
