0 1
1 2
2 3
3 4
4 5
5 6
6 7
7 8
8 9
9 10
10 11
11 12
12 13
13 14
14 15
15 16
16 17
17 18
18 19
19 20
20 21
21 22
22 23
23 24
24 25
25 26
26 27
27 28
28 29
29 30
30 31
31 32
32 33
33 34
34 35
35 36
36 37
37 38
38 39
39 40
40 41
41 42
42 43
43 44
44 45
45 46
46 47
47 48
48 49
49 50
50 51
51 52
52 53
53 54
54 55
55 56
56 57
57 58
58 59
59 0
17 28
22 59
22 28
46 55
28 34
10 43
26 55
3 53
12 29
41 55
5 22
47 54
12 15
40 55
2 58
38 55
32 41
3 44
2 57
9 20
11 15
48 52
11 19
50 53
17 21
41 46
51 53
32 38
23 59
7 9
34 38
3 47
47 53
28 36
3 55
4 44
17 19
15 17
6 21
55 58
21 28
0 22
24 55
7 20
4 6
4 22
10 32
11 32
24 59
48 54
52 54
11 13
3 57
56 58
24 58
23 26
41 44
2 59
28 31
10 41
47 49
6 22
28 38
34 36
8 20
9 11
45 47
28 55
50 52
0 4
4 43
13 15
4 9
11 20
3 56
53 55
32 34
11 14
28 30
10 42
28 33
16 29
30 32
49 52
15 29
24 26
2 4
11 18
35 38
49 53
42 44
44 47
46 54
32 40
16 28
22 27
6 9
7 21
12 30
31 33
23 25
12 32
44 46
11 17
39 55
17 20
1 4
22 26
35 37
36 38
26 28
1 59
4 10
32 39
0 1
1 2
2 3
3 4
4 5
5 6
6 7
7 8
8 9
9 10
10 11
11 12
12 13
13 14
14 15
15 16
16 17
17 18
18 19
19 20
20 21
21 22
22 23
23 24
24 25
25 26
26 27
27 28
28 29
29 30
30 31
31 32
32 33
33 34
34 35
35 36
36 37
37 38
38 39
39 40
40 41
41 42
42 43
43 44
44 45
45 46
46 47
47 48
48 49
49 50
50 51
51 52
52 53
53 54
54 55
55 56
56 57
57 58
58 59
59 0
36 55
13 25
21 39
3 32
20 40
14 54
45 55
9 27
1 36
20 42
19 21
6 56
27 30
0 6
18 21
10 27
16 20
39 44
20 39
25 35
46 49
4 31
3 6
57 59
20 47
5 8
15 49
17 25
1 6
4 27
15 54
1 58
27 29
36 44
26 29
33 35
2 35
8 10
43 47
7 10
35 39
18 24
36 45
18 23
2 32
11 54
39 41
1 35
15 20
25 32
37 39
12 14
36 58
38 44
50 55
12 26
21 25
4 8
36 39
17 24
15 53
2 6
40 42
13 17
25 30
36 56
6 11
21 23
45 49
15 50
2 33
15 52
12 54
3 31
18 22
56 59
15 47
36 57
13 16
6 59
49 55
37 44
11 55
18 20
26 30
6 55
7 11
11 27
25 31
15 51
20 43
52 55
46 48
13 26
4 30
43 46
39 43
15 48
11 26
41 43
21 24
32 35
14 16
25 39
3 5
5 7
8 27
43 45
0 58
51 55
16 18
2 34
