0 1
1 2
2 3
3 4
4 5
5 6
6 7
7 8
8 9
9 10
10 11
11 12
12 13
13 14
14 15
15 16
16 17
17 18
18 19
19 20
20 21
21 22
22 23
23 24
24 25
25 26
26 27
27 28
28 29
29 30
30 31
31 32
32 33
33 34
34 35
35 36
36 37
37 38
38 39
39 40
40 41
41 42
42 43
43 44
44 45
45 46
46 47
47 48
48 49
49 50
50 51
51 52
52 53
53 54
54 55
55 56
56 57
57 58
58 59
59 0
0 6
48 59
8 29
15 17
17 25
38 42
5 9
52 59
32 34
27 29
14 39
9 52
39 45
37 47
13 47
15 24
49 52
39 47
51 56
25 35
8 17
2 9
28 30
51 57
39 43
49 59
0 31
27 33
52 54
37 44
24 36
35 59
10 48
12 14
11 14
6 9
18 25
9 17
26 33
19 22
10 16
6 31
37 42
36 39
56 59
19 23
49 51
35 48
17 29
39 42
19 21
29 31
57 59
54 59
2 5
17 24
7 9
3 9
51 55
20 25
44 46
4 9
17 23
40 43
35 37
40 42
14 16
23 25
2 59
42 44
6 8
9 59
24 35
27 32
41 43
51 58
0 5
10 14
50 52
53 55
25 29
9 48
39 44
26 29
6 29
19 25
14 24
9 49
54 56
3 5
28 32
9 16
49 58
51 53
26 34
24 39
10 47
31 35
12 47
26 35
37 48
21 25
32 35
39 46
31 59
37 46
13 39
28 31
18 23
36 38
0 2
1 59
11 47
22 25
0 1
1 2
2 3
3 4
4 5
5 6
6 7
7 8
8 9
9 10
10 11
11 12
12 13
13 14
14 15
15 16
16 17
17 18
18 19
19 20
20 21
21 22
22 23
23 24
24 25
25 26
26 27
27 28
28 29
29 30
30 31
31 32
32 33
33 34
34 35
35 36
36 37
37 38
38 39
39 40
40 41
41 42
42 43
43 44
44 45
45 46
46 47
47 48
48 49
49 50
50 51
51 52
52 53
53 54
54 55
55 56
56 57
57 58
58 59
59 0
18 57
26 49
5 43
9 12
13 16
1 52
21 32
29 45
17 42
43 51
26 56
10 17
17 33
32 44
0 14
43 46
35 43
33 35
33 39
52 55
10 13
5 51
20 26
34 38
5 17
35 40
29 44
35 44
8 13
27 48
23 32
0 4
17 19
29 32
0 16
1 58
35 38
49 55
7 13
25 28
50 54
48 50
33 41
0 3
20 23
37 40
7 17
23 30
30 32
56 58
55 58
18 56
16 59
4 6
35 42
20 56
33 44
24 30
29 47
17 41
26 55
49 54
43 45
19 32
5 42
8 12
0 13
17 58
4 13
51 54
20 22
52 58
18 58
6 13
43 50
26 28
1 5
20 24
37 39
27 49
46 50
36 40
17 59
1 51
0 58
35 41
21 23
33 40
18 20
2 4
11 13
34 39
17 32
9 11
28 48
13 17
46 48
24 28
8 10
5 7
45 47
1 4
24 29
24 26
13 15
23 31
20 32
7 10
1 3
28 47
0 15
