0 1
1 2
2 3
3 4
4 5
5 6
6 7
7 8
8 9
9 10
10 11
11 12
12 13
13 14
14 15
15 16
16 17
17 18
18 19
19 20
20 21
21 22
22 23
23 24
24 25
25 26
26 27
27 28
28 29
29 30
30 31
31 32
32 33
33 34
34 35
35 36
36 37
37 38
38 39
39 40
40 41
41 42
42 43
43 44
44 45
45 46
46 47
47 48
48 49
49 50
50 51
51 52
52 53
53 54
54 55
55 56
56 57
57 58
58 59
59 0
48 58
14 53
30 50
39 45
13 15
4 12
8 25
10 12
43 45
40 44
21 53
31 44
8 11
2 39
4 30
12 55
0 2
2 58
14 18
26 53
19 25
29 53
2 38
11 16
27 29
7 27
1 55
39 44
48 57
22 25
55 58
8 17
2 48
48 53
33 38
31 37
49 52
24 53
33 44
8 19
30 46
30 38
14 16
39 46
6 27
33 39
55 59
36 38
0 55
14 19
6 8
21 23
12 54
30 37
11 13
19 21
21 25
13 54
54 56
33 35
14 54
47 50
8 12
4 6
16 18
23 53
2 47
41 45
31 36
17 19
41 43
42 44
50 52
53 57
20 53
8 26
31 45
46 50
54 57
13 16
0 58
1 12
4 29
41 44
39 41
3 30
7 26
27 53
11 17
31 35
2 4
30 53
48 50
4 27
19 53
2 12
31 34
5 8
28 53
56 58
32 34
51 53
24 26
9 11
39 47
33 36
4 8
9 12
30 45
22 24
2 30
31 33
50 53
49 53

0 1
1 2
2 3
3 4
4 5
5 6
6 7
7 8
8 9
9 10
10 11
11 12
12 13
13 14
14 15
15 16
16 17
17 18
18 19
19 20
20 21
21 22
22 23
23 24
24 25
25 26
26 27
27 28
28 29
29 30
30 31
31 32
32 33
33 34
34 35
35 36
36 37
37 38
38 39
39 40
40 41
41 42
42 43
43 44
44 45
45 46
46 47
47 48
48 49
49 50
50 51
51 52
52 53
53 54
54 55
55 56
56 57
57 58
58 59
59 0
11 24
11 53
39 57
40 54
39 43
26 58
11 20
5 9
44 54
12 18
39 51
28 37
26 37
39 53
25 37
11 26
11 25
16 26
11 56
6 10
10 56
34 39
39 50
18 21
6 11
29 57
11 38
44 51
0 57
16 23
0 10
6 58
26 57
5 10
32 36
17 23
14 26
32 57
3 10
39 56
36 39
47 51
0 6
15 17
5 7
32 37
4 10
18 22
41 54
34 57
11 55
44 49
48 51
16 24
1 3
30 32
44 47
25 38
17 22
46 48
28 30
39 52
57 59
20 23
27 37
14 17
20 24
15 26
39 54
1 6
16 25
11 19
40 43
28 32
34 36
12 17
13 26
1 10
6 59
3 6
43 50
44 52
3 5
43 49
35 39
30 57
6 26
12 26
7 9
10 57
8 10
37 39
12 19
46 49
52 54
2 6
18 20
42 54
45 47
11 54
43 54
20 22
13 17
33 57
49 51
31 57
45 49
11 39
26 28
39 55
26 29
40 42
7 10
