0 1
1 2
2 3
3 4
4 5
5 6
6 7
7 8
8 9
9 10
10 11
11 12
12 13
13 14
14 15
15 16
16 17
17 18
18 19
19 20
20 21
21 22
22 23
23 24
24 25
25 26
26 27
27 28
28 29
29 30
30 31
31 32
32 33
33 34
34 35
35 36
36 37
37 38
38 39
39 40
40 41
41 42
42 43
43 44
44 45
45 46
46 47
47 48
48 49
49 50
50 51
51 52
52 53
53 54
54 55
55 56
56 57
57 58
58 59
59 0
0 22
12 31
44 58
34 59
50 53
3 59
5 15
35 38
35 47
35 39
16 25
37 46
44 47
4 55
22 26
40 44
4 10
13 30
7 13
31 47
8 11
51 58
2 21
40 46
3 17
12 48
53 55
18 22
42 59
11 13
15 27
56 58
7 9
2 22
31 48
49 51
19 22
10 48
1 3
10 53
13 28
32 34
40 42
13 29
6 14
55 59
37 47
43 59
55 58
10 54
44 49
28 30
17 24
27 34
2 18
38 46
44 48
5 16
55 57
40 43
43 58
6 13
10 49
1 22
28 31
18 23
17 25
39 59
2 20
51 57
6 10
20 22
13 31
13 27
36 47
25 27
28 33
8 13
6 9
3 5
16 27
40 59
41 59
27 59
32 35
31 35
45 47
36 38
18 24
26 59
10 55
6 15
14 27
9 11
22 25
3 16
10 50
23 25
28 34
34 39
28 32
38 40
11 48
49 58
51 53
22 59
3 18
3 55
51 55
50 52
0 3
18 20
44 46
5 10

0 1
1 2
2 3
3 4
4 5
5 6
6 7
7 8
8 9
9 10
10 11
11 12
12 13
13 14
14 15
15 16
16 17
17 18
18 19
19 20
20 21
21 22
22 23
23 24
24 25
25 26
26 27
27 28
28 29
29 30
30 31
31 32
32 33
33 34
34 35
35 36
36 37
37 38
38 39
39 40
40 41
41 42
42 43
43 44
44 45
45 46
46 47
47 48
48 49
49 50
50 51
51 52
52 53
53 54
54 55
55 56
56 57
57 58
58 59
59 0
0 27
4 8
24 29
24 43
16 59
21 58
2 10
52 57
33 38
27 56
13 16
23 48
32 47
2 19
23 27
1 16
2 8
1 12
6 16
32 46
32 55
2 16
16 58
29 40
32 51
31 36
29 43
47 50
24 28
22 27
10 15
41 43
56 59
23 43
36 40
22 50
47 51
16 20
30 36
23 47
21 27
41 44
1 19
19 21
13 15
32 45
33 40
17 20
10 14
32 36
30 40
29 55
50 58
34 38
1 10
29 41
22 49
20 58
4 7
24 27
1 27
5 7
48 50
3 6
19 27
32 40
50 57
2 17
1 11
1 13
11 14
6 8
23 45
43 45
29 56
29 42
40 45
57 59
33 36
32 53
2 6
37 40
23 49
32 54
8 10
10 16
41 45
52 55
4 6
37 39
33 39
2 9
0 16
23 26
22 58
27 29
23 46
30 55
12 14
34 37
52 56
2 4
17 19
34 36
8 16
52 54
35 37
32 52
30 32
24 26
0 56
