0 1
1 2
2 3
3 4
4 5
5 6
6 7
7 8
8 9
9 10
10 11
11 12
12 13
13 14
14 15
15 16
16 17
17 18
18 19
19 20
20 21
21 22
22 23
23 24
24 25
25 26
26 27
27 28
28 29
29 30
30 31
31 32
32 33
33 34
34 35
35 36
36 37
37 38
38 39
39 40
40 41
41 42
42 43
43 44
44 45
45 46
46 47
47 48
48 49
49 50
50 51
51 52
52 53
53 54
54 55
55 56
56 57
57 58
58 59
59 0
20 24
17 22
15 20
29 55
14 59
16 23
25 56
28 38
16 50
9 52
9 12
3 12
26 41
45 55
32 42
27 55
16 24
5 8
26 40
2 6
36 41
3 59
0 54
24 47
15 52
28 36
17 20
36 42
25 45
2 8
25 42
50 54
0 58
4 10
31 43
47 55
26 55
54 58
30 32
28 39
18 20
29 36
30 43
28 40
18 21
2 9
4 6
15 50
33 35
32 34
1 54
33 36
13 52
0 2
4 12
3 6
47 49
14 58
8 10
15 57
50 53
0 3
2 52
55 58
21 24
12 59
29 43
24 50
24 56
20 57
19 21
29 33
9 11
24 49
24 48
45 47
24 46
25 41
12 14
10 12
44 55
2 54
26 56
4 8
18 22
39 41
32 35
15 17
2 53
55 57
32 36
50 55
49 55
5 7
24 57
2 7
26 28
43 55
25 46
37 39
9 13
22 24
42 44
16 22
14 57
50 52
31 42
27 29
30 33
42 45
36 39
15 51
36 38
13 15

0 1
1 2
2 3
3 4
4 5
5 6
6 7
7 8
8 9
9 10
10 11
11 12
12 13
13 14
14 15
15 16
16 17
17 18
18 19
19 20
20 21
21 22
22 23
23 24
24 25
25 26
26 27
27 28
28 29
29 30
30 31
31 32
32 33
33 34
34 35
35 36
36 37
37 38
38 39
39 40
40 41
41 42
42 43
43 44
44 45
45 46
46 47
47 48
48 49
49 50
50 51
51 52
52 53
53 54
54 55
55 56
56 57
57 58
58 59
59 0
8 48
22 47
12 41
3 10
4 48
1 59
43 48
12 16
1 15
31 41
16 29
2 15
2 14
16 48
31 47
11 41
34 46
40 42
0 55
4 57
49 56
10 14
34 39
30 41
24 29
18 29
12 15
10 13
41 48
26 47
0 16
17 19
3 9
35 44
44 46
41 43
1 57
18 24
52 56
5 9
2 4
35 37
10 48
4 49
6 9
27 47
37 40
16 20
35 45
35 39
51 56
17 29
19 23
4 9
25 27
35 40
0 51
32 46
18 23
16 51
20 47
7 9
24 27
54 56
40 43
34 41
33 41
6 48
44 47
48 51
43 47
51 53
34 45
9 48
1 16
29 47
49 57
24 26
57 59
23 47
52 54
35 38
56 58
24 28
7 48
21 23
51 54
16 19
23 26
21 47
38 40
5 48
11 13
50 56
55 59
2 57
36 40
49 51
12 29
32 47
56 59
3 14
10 41
40 44
28 47
31 33
33 46
20 48
29 31
29 41
20 23
34 40
51 55
