0 1
1 2
2 3
3 4
4 5
5 6
6 7
7 8
8 9
9 10
10 11
11 12
12 13
13 14
14 15
15 16
16 17
17 18
18 19
19 20
20 21
21 22
22 23
23 24
24 25
25 26
26 27
27 28
28 29
29 30
30 31
31 32
32 33
33 34
34 35
35 36
36 37
37 38
38 39
39 40
40 41
41 42
42 43
43 44
44 45
45 46
46 47
47 48
48 49
49 50
50 51
51 52
52 53
53 54
54 55
55 56
56 57
57 58
58 59
59 0
8 31
21 56
41 57
6 16
38 56
0 35
14 25
34 38
5 16
11 27
9 30
43 51
0 39
28 33
8 10
19 24
38 46
2 56
2 17
34 36
42 55
35 38
1 35
13 26
2 8
1 34
51 56
21 23
1 33
9 31
24 33
19 56
43 46
17 56
0 38
25 33
18 24
3 6
41 56
33 56
10 28
53 56
9 28
45 50
6 14
29 33
2 59
2 5
16 18
40 42
47 50
39 46
42 52
1 8
21 24
56 58
29 31
56 59
45 49
8 32
53 55
44 50
7 10
7 11
46 56
6 15
24 56
9 29
23 56
0 41
51 53
33 38
36 38
42 54
14 26
0 40
14 24
35 37
14 18
47 56
22 24
1 32
25 27
25 28
45 47
42 53
57 59
43 52
40 43
20 56
19 21
6 12
17 19
10 27
5 17
4 6
11 26
0 2
29 32
43 50
50 56
45 48
40 46
6 13
15 18
2 7
43 45
12 26
2 4
41 55
6 11
2 6
0 57
48 50

0 1
1 2
2 3
3 4
4 5
5 6
6 7
7 8
8 9
9 10
10 11
11 12
12 13
13 14
14 15
15 16
16 17
17 18
18 19
19 20
20 21
21 22
22 23
23 24
24 25
25 26
26 27
27 28
28 29
29 30
30 31
31 32
32 33
33 34
34 35
35 36
36 37
37 38
38 39
39 40
40 41
41 42
42 43
43 44
44 45
45 46
46 47
47 48
48 49
49 50
50 51
51 52
52 53
53 54
54 55
55 56
56 57
57 58
58 59
59 0
47 51
5 14
21 34
2 10
28 39
2 36
21 40
27 32
42 56
2 38
15 46
28 40
13 54
21 36
15 41
54 56
0 10
26 33
3 5
15 48
11 56
42 46
14 51
44 47
38 41
5 15
5 21
17 20
9 11
9 14
13 56
30 36
20 41
47 54
38 58
41 46
30 32
22 40
12 56
9 13
42 45
11 58
27 31
21 41
32 34
22 27
6 9
43 55
27 30
22 28
0 11
39 41
15 20
29 37
47 53
14 52
30 35
38 57
4 36
2 9
52 54
14 54
24 26
15 17
21 33
22 26
5 20
23 25
38 42
5 19
1 59
7 14
48 51
1 10
15 50
5 9
27 29
30 37
49 51
5 36
28 38
8 14
23 26
44 54
30 34
42 44
22 33
26 32
44 55
6 8
15 51
22 25
3 9
18 20
11 57
1 38
9 12
29 38
3 36
2 37
15 19
23 33
11 59
5 7
21 35
44 46
16 19
46 48
42 57
43 56
38 59
15 49
47 52
