0 1
1 2
2 3
3 4
4 5
5 6
6 7
7 8
8 9
9 10
10 11
11 12
12 13
13 14
14 15
15 16
16 17
17 18
18 19
19 20
20 21
21 22
22 23
23 24
24 25
25 26
26 27
27 28
28 29
29 30
30 31
31 32
32 33
33 34
34 35
35 36
36 37
37 38
38 39
39 40
40 41
41 42
42 43
43 44
44 45
45 46
46 47
47 48
48 49
49 50
50 51
51 52
52 53
53 54
54 55
55 56
56 57
57 58
58 59
59 0
15 35
2 8
24 54
47 53
5 44
5 48
13 36
34 54
25 29
13 18
16 23
30 35
17 20
6 41
27 54
2 13
1 20
25 30
38 41
39 43
56 58
4 6
3 57
0 3
3 50
37 54
1 56
44 46
53 56
51 57
17 21
1 18
2 7
6 37
38 54
15 30
46 54
9 11
28 30
3 49
5 41
16 22
6 36
0 56
14 18
27 30
24 27
35 54
48 52
50 52
43 46
2 4
27 31
1 22
13 35
25 27
41 43
56 59
15 18
38 43
38 40
3 5
11 13
24 26
35 37
8 12
16 25
3 58
22 56
44 48
40 42
5 49
8 10
30 34
7 9
33 54
22 55
27 33
53 55
46 53
47 52
40 43
41 44
27 29
23 55
20 22
15 17
2 18
2 6
0 2
31 34
53 57
52 57
7 11
27 32
16 30
50 57
45 48
23 25
17 22
49 52
31 33
18 20
6 11
6 38
45 47
43 54
23 54
2 12
0 58
11 36
8 11
17 19
14 35

0 1
1 2
2 3
3 4
4 5
5 6
6 7
7 8
8 9
9 10
10 11
11 12
12 13
13 14
14 15
15 16
16 17
17 18
18 19
19 20
20 21
21 22
22 23
23 24
24 25
25 26
26 27
27 28
28 29
29 30
30 31
31 32
32 33
33 34
34 35
35 36
36 37
37 38
38 39
39 40
40 41
41 42
42 43
43 44
44 45
45 46
46 47
47 48
48 49
49 50
50 51
51 52
52 53
53 54
54 55
55 56
56 57
57 58
58 59
59 0
36 56
40 51
22 47
18 24
4 13
42 45
46 50
10 54
18 27
35 46
14 51
0 36
15 27
12 51
26 29
5 13
24 30
14 36
4 14
39 41
28 32
38 56
37 46
3 8
27 35
39 54
18 48
28 34
8 13
47 49
27 36
16 27
15 49
8 55
9 13
41 45
22 35
9 54
22 24
24 34
42 51
6 8
20 24
5 8
4 36
1 4
41 46
39 55
24 35
38 55
18 21
43 45
36 46
23 35
43 50
40 52
32 34
55 58
8 54
1 58
10 53
18 22
18 26
42 44
14 49
22 46
29 31
12 53
26 28
28 33
47 50
43 51
2 55
40 54
1 36
27 34
5 7
0 57
51 53
19 21
37 41
16 48
12 14
1 59
49 51
18 47
40 53
4 7
37 56
30 32
26 30
57 59
18 25
24 32
9 12
17 27
45 50
3 55
15 48
1 55
16 18
37 39
19 24
15 36
1 3
21 24
10 12
41 51
28 31
55 57
4 8
36 57
11 53
