0 1
1 2
2 3
3 4
4 5
5 6
6 7
7 8
8 9
9 10
10 11
11 12
12 13
13 14
14 15
15 16
16 17
17 18
18 19
19 20
20 21
21 22
22 23
23 24
24 25
25 26
26 27
27 28
28 29
29 30
30 31
31 32
32 33
33 34
34 35
35 36
36 37
37 38
38 39
39 40
40 41
41 42
42 43
43 44
44 45
45 46
46 47
47 48
48 49
49 50
50 51
51 52
52 53
53 54
54 55
55 56
56 57
57 58
58 59
59 0
49 53
4 46
2 57
28 47
53 55
15 28
1 12
4 51
33 41
4 34
21 30
4 14
3 53
12 15
11 14
12 53
35 39
4 38
22 29
15 48
1 55
12 49
38 41
4 6
36 38
30 43
1 10
4 52
4 50
17 19
17 34
18 28
57 59
5 8
23 27
31 34
41 44
4 11
8 11
20 22
17 31
4 53
2 10
4 41
4 37
15 47
25 27
6 10
35 40
28 46
9 11
4 35
22 25
41 45
18 23
12 54
32 41
22 24
4 17
36 39
4 48
34 41
1 56
35 41
23 28
29 45
19 31
18 22
6 9
2 6
19 30
6 8
13 15
26 28
4 15
42 44
15 18
31 41
0 56
50 53
18 20
22 26
12 14
4 16
3 6
2 53
29 46
4 8
1 58
30 42
22 28
20 30
2 58
12 55
10 12
16 18
4 45
1 59
4 36
32 34
53 56
38 40
2 56
50 52
29 43
15 49
24 27
29 44
4 47
4 49
31 42
0 57
22 30
5 7
0 1
1 2
2 3
3 4
4 5
5 6
6 7
7 8
8 9
9 10
10 11
11 12
12 13
13 14
14 15
15 16
16 17
17 18
18 19
19 20
20 21
21 22
22 23
23 24
24 25
25 26
26 27
27 28
28 29
29 30
30 31
31 32
32 33
33 34
34 35
35 36
36 37
37 38
38 39
39 40
40 41
41 42
42 43
43 44
44 45
45 46
46 47
47 48
48 49
49 50
50 51
51 52
52 53
53 54
54 55
55 56
56 57
57 58
58 59
59 0
12 52
37 45
13 53
1 53
20 46
1 9
35 47
23 53
1 52
25 36
8 12
20 50
33 53
21 45
24 33
11 55
54 56
28 33
35 48
53 59
22 37
20 49
14 52
16 53
48 50
46 48
17 50
26 34
13 52
16 23
1 8
26 30
1 6
40 45
38 46
16 22
28 31
26 29
55 58
5 9
15 50
22 36
23 33
34 52
25 35
11 13
44 46
25 34
13 55
10 58
37 46
26 33
39 42
17 21
48 51
1 4
35 46
55 57
38 42
34 51
13 54
23 36
27 29
39 41
15 51
29 31
42 45
18 50
0 9
9 59
3 5
37 39
54 57
39 45
26 31
1 5
28 34
16 21
13 16
14 16
1 7
2 5
20 45
36 46
27 34
43 46
8 52
35 51
46 49
31 33
9 12
2 9
10 59
53 58
24 36
42 46
24 26
19 21
18 21
15 17
26 32
0 53
40 42
15 52
43 45
22 45
54 58
33 52
11 58
7 9
2 4
19 50
