0 1
1 2
2 3
3 4
4 5
5 6
6 7
7 8
8 9
9 10
10 11
11 12
12 13
13 14
14 15
15 16
16 17
17 18
18 19
19 20
20 21
21 22
22 23
23 24
24 25
25 26
26 27
27 28
28 29
29 30
30 31
31 32
32 33
33 34
34 35
35 36
36 37
37 38
38 39
39 40
40 41
41 42
42 43
43 44
44 45
45 46
46 47
47 48
48 49
49 50
50 51
51 52
52 53
53 54
54 55
55 56
56 57
57 58
58 59
59 0
45 47
40 45
27 42
15 59
50 59
9 53
22 29
54 59
10 49
21 43
35 46
9 55
21 32
6 58
10 43
7 15
32 47
10 47
15 47
3 6
15 21
32 35
42 45
16 19
11 14
8 55
27 39
22 24
51 59
42 44
7 58
11 16
33 39
23 28
39 42
4 58
10 15
22 31
16 20
22 25
17 21
16 43
28 32
7 56
2 7
33 36
26 28
36 39
15 32
0 7
33 35
51 54
10 14
38 46
22 42
3 5
48 59
10 44
34 36
53 55
17 20
24 26
56 59
41 45
37 46
22 32
18 20
37 39
8 10
3 59
23 29
7 57
40 42
38 45
10 13
1 7
48 50
10 45
27 32
24 28
9 51
1 3
7 10
4 6
57 59
27 33
14 16
9 49
9 50
47 59
28 30
17 19
54 56
3 58
25 42
32 46
11 43
9 52
52 54
38 40
17 43
0 3
2 6
25 27
11 13
7 55
35 37
21 42
15 20
0 15
10 12
10 48
29 31
30 32

0 1
1 2
2 3
3 4
4 5
5 6
6 7
7 8
8 9
9 10
10 11
11 12
12 13
13 14
14 15
15 16
16 17
17 18
18 19
19 20
20 21
21 22
22 23
23 24
24 25
25 26
26 27
27 28
28 29
29 30
30 31
31 32
32 33
33 34
34 35
35 36
36 37
37 38
38 39
39 40
40 41
41 42
42 43
43 44
44 45
45 46
46 47
47 48
48 49
49 50
50 51
51 52
52 53
53 54
54 55
55 56
56 57
57 58
58 59
59 0
35 45
31 51
24 55
21 47
41 50
36 40
19 49
6 8
0 58
5 59
15 54
18 56
41 47
35 43
10 54
25 34
25 46
8 58
3 55
28 55
3 54
14 54
51 55
7 54
11 58
33 37
9 58
31 40
40 43
50 52
55 57
13 56
30 33
16 50
23 25
31 39
3 7
23 47
26 34
10 58
18 22
47 50
44 47
16 49
35 44
27 34
15 17
15 50
24 56
13 57
2 58
30 51
0 5
15 53
0 4
14 17
17 49
27 55
12 57
25 45
29 33
55 58
32 37
21 23
5 58
8 54
19 21
41 44
2 4
14 18
23 56
20 47
26 55
25 35
12 14
20 49
0 2
2 55
9 54
1 4
29 55
36 38
40 50
14 56
36 43
29 34
52 55
31 50
20 48
32 39
27 29
23 46
31 33
11 57
15 52
11 54
25 55
22 56
5 8
12 54
44 46
34 37
41 43
32 38
19 22
30 55
5 7
4 7
47 49
18 49
