0 1
1 2
2 3
3 4
4 5
5 6
6 7
7 8
8 9
9 10
10 11
11 12
12 13
13 14
14 15
15 16
16 17
17 18
18 19
19 20
20 21
21 22
22 23
23 24
24 25
25 26
26 27
27 28
28 29
29 30
30 31
31 32
32 33
33 34
34 35
35 36
36 37
37 38
38 39
39 40
40 41
41 42
42 43
43 44
44 45
45 46
46 47
47 48
48 49
49 50
50 51
51 52
52 53
53 54
54 55
55 56
56 57
57 58
58 59
59 0
24 59
19 53
32 48
44 55
33 47
30 58
37 55
18 53
23 48
4 53
12 14
45 52
3 12
3 58
23 25
12 15
50 52
7 13
2 24
16 18
3 19
35 43
23 50
29 48
54 57
37 43
25 29
29 58
17 53
48 52
5 13
15 17
31 34
28 48
36 58
3 21
19 50
37 40
37 57
36 41
5 10
21 50
41 43
1 58
4 15
7 10
33 44
4 12
54 58
36 38
1 24
37 56
4 58
26 48
32 47
4 10
1 59
34 58
27 48
48 51
8 11
8 12
52 55
0 24
29 59
2 21
25 28
21 24
37 58
34 36
8 10
5 15
30 34
6 10
44 47
35 44
36 42
19 52
24 29
36 40
35 42
25 48
7 9
34 44
49 51
4 54
48 50
52 54
3 20
31 48
31 33
22 50
5 14
8 13
4 11
46 48
29 31
3 18
3 15
15 18
44 52
19 21
5 7
15 53
38 40
37 44
54 56
45 48
40 43
22 24
25 27
44 46
37 39
2 58
0 1
1 2
2 3
3 4
4 5
5 6
6 7
7 8
8 9
9 10
10 11
11 12
12 13
13 14
14 15
15 16
16 17
17 18
18 19
19 20
20 21
21 22
22 23
23 24
24 25
25 26
26 27
27 28
28 29
29 30
30 31
31 32
32 33
33 34
34 35
35 36
36 37
37 38
38 39
39 40
40 41
41 42
42 43
43 44
44 45
45 46
46 47
47 48
48 49
49 50
50 51
51 52
52 53
53 54
54 55
55 56
56 57
57 58
58 59
59 0
44 59
21 49
26 49
20 36
19 37
28 32
32 39
45 51
8 50
2 13
8 59
0 38
18 21
51 55
2 6
6 9
16 50
42 44
1 14
33 39
21 27
2 11
6 11
42 46
29 49
4 7
0 39
1 17
43 46
0 3
11 13
45 59
51 54
13 16
26 28
32 36
51 53
53 55
17 49
45 49
30 32
45 55
40 47
40 44
8 55
45 50
4 8
40 49
45 58
3 59
9 11
2 5
41 47
21 26
8 52
33 37
55 58
0 19
28 49
20 37
14 17
10 50
41 44
18 49
20 32
40 59
23 27
8 56
6 8
0 40
29 32
13 15
20 27
22 26
47 49
3 8
41 46
10 13
21 23
9 50
56 59
39 49
2 4
28 30
27 32
29 39
35 37
2 12
45 47
22 25
1 3
55 57
4 6
33 35
23 26
8 51
2 14
0 18
43 45
57 59
28 31
16 49
24 26
33 36
34 37
13 50
0 17
19 38
8 53
14 16
40 48
33 38
18 20
