0 1
1 2
2 3
3 4
4 5
5 6
6 7
7 8
8 9
9 10
10 11
11 12
12 13
13 14
14 15
15 16
16 17
17 18
18 19
19 20
20 21
21 22
22 23
23 24
24 25
25 26
26 27
27 28
28 29
29 30
30 31
31 32
32 33
33 34
34 35
35 36
36 37
37 38
38 39
39 40
40 41
41 42
42 43
43 44
44 45
45 46
46 47
47 48
48 49
49 50
50 51
51 52
52 53
53 54
54 55
55 56
56 57
57 58
58 59
59 0
20 33
10 59
37 40
20 46
27 37
46 57
10 22
9 57
20 58
12 59
8 10
24 57
0 2
36 42
24 26
25 31
19 22
43 51
47 51
14 58
26 41
4 58
1 5
36 46
8 58
11 19
49 52
20 57
20 22
42 54
24 55
20 23
17 20
5 10
43 53
49 57
25 27
20 24
51 53
33 35
24 33
15 19
37 42
17 19
27 38
29 35
42 46
0 10
27 41
27 36
38 41
11 22
30 33
47 49
47 57
8 57
31 33
53 56
29 33
15 18
21 23
9 24
27 31
13 15
49 56
24 32
43 45
22 24
16 58
6 8
3 58
2 5
41 54
12 19
6 10
25 32
42 45
16 20
55 57
11 59
27 29
37 41
16 18
12 58
28 36
44 51
48 50
0 3
2 4
29 31
0 5
29 36
12 15
33 36
24 41
53 55
47 50
4 6
3 59
15 58
12 14
45 51
43 54
50 52
49 53
39 41
41 55
10 24
20 36
7 10
29 34
38 40
6 58
45 47

0 1
1 2
2 3
3 4
4 5
5 6
6 7
7 8
8 9
9 10
10 11
11 12
12 13
13 14
14 15
15 16
16 17
17 18
18 19
19 20
20 21
21 22
22 23
23 24
24 25
25 26
26 27
27 28
28 29
29 30
30 31
31 32
32 33
33 34
34 35
35 36
36 37
37 38
38 39
39 40
40 41
41 42
42 43
43 44
44 45
45 46
46 47
47 48
48 49
49 50
50 51
51 52
52 53
53 54
54 55
55 56
56 57
57 58
58 59
59 0
20 59
12 20
50 59
9 55
55 58
29 41
37 49
31 49
17 27
11 54
19 21
27 30
15 20
13 16
28 54
30 39
37 39
7 56
30 34
12 28
0 11
28 47
28 43
5 57
31 34
0 8
1 3
22 25
42 44
32 37
19 25
39 47
57 59
37 48
7 57
9 11
27 50
6 57
3 8
30 36
20 26
32 36
43 46
54 58
28 41
20 50
29 40
1 8
40 46
41 44
15 17
41 45
23 26
3 57
50 58
2 59
30 35
17 28
22 26
36 38
30 49
8 11
51 54
2 57
48 53
48 54
3 5
11 20
18 20
50 54
4 57
12 54
43 47
32 35
14 20
3 6
1 59
16 28
11 55
44 46
13 20
0 20
26 50
30 38
32 34
14 16
40 45
47 54
7 9
39 48
9 56
50 53
28 30
19 26
21 25
31 37
18 26
29 39
41 43
27 49
12 16
17 26
56 58
40 47
23 25
10 55
3 7
21 26
52 54
