0 1
1 2
2 3
3 4
4 5
5 6
6 7
7 8
8 9
9 10
10 11
11 12
12 13
13 14
14 15
15 16
16 17
17 18
18 19
19 20
20 21
21 22
22 23
23 24
24 25
25 26
26 27
27 28
28 29
29 30
30 31
31 32
32 33
33 34
34 35
35 36
36 37
37 38
38 39
39 40
40 41
41 42
42 43
43 44
44 45
45 46
46 47
47 48
48 49
49 50
50 51
51 52
52 53
53 54
54 55
55 56
56 57
57 58
58 59
59 0
6 21
24 42
28 55
51 55
27 33
2 44
20 42
2 23
4 22
46 55
19 44
8 11
5 11
49 52
30 46
30 43
26 34
23 25
44 49
13 18
0 57
25 39
0 26
31 41
4 18
54 59
28 32
5 8
3 44
29 32
5 18
56 59
12 21
11 21
33 41
19 42
7 21
35 40
30 42
13 20
26 57
48 51
51 53
44 53
26 55
27 34
53 55
25 34
44 52
47 51
5 15
53 59
21 42
25 41
46 48
43 45
16 18
25 37
2 22
50 52
37 40
23 26
5 9
1 59
4 21
32 41
13 17
44 59
28 30
5 21
34 41
7 11
35 37
5 16
11 13
3 19
25 40
56 58
47 55
26 56
0 2
26 28
30 45
44 46
8 10
28 33
15 17
23 42
21 23
13 19
4 19
14 17
37 39
34 37
42 44
25 42
2 26
34 40
6 8
49 51
12 20
28 46
31 42
11 14
46 49
30 32
2 59
38 40
55 59
5 14
36 40
9 11
3 22
0 58
0 1
1 2
2 3
3 4
4 5
5 6
6 7
7 8
8 9
9 10
10 11
11 12
12 13
13 14
14 15
15 16
16 17
17 18
18 19
19 20
20 21
21 22
22 23
23 24
24 25
25 26
26 27
27 28
28 29
29 30
30 31
31 32
32 33
33 34
34 35
35 36
36 37
37 38
38 39
39 40
40 41
41 42
42 43
43 44
44 45
45 46
46 47
47 48
48 49
49 50
50 51
51 52
52 53
53 54
54 55
55 56
56 57
57 58
58 59
59 0
7 40
4 15
39 58
18 39
34 59
2 47
42 57
22 26
19 21
1 56
1 55
34 39
26 29
16 33
2 7
8 39
45 54
11 17
21 28
9 18
16 23
31 34
50 55
24 30
42 47
13 16
16 32
45 52
6 13
1 50
28 34
45 57
52 54
2 15
3 7
34 38
40 42
35 38
0 15
7 42
18 23
10 17
19 28
35 58
46 51
18 28
36 58
31 33
6 15
23 30
29 31
47 50
2 4
2 49
41 58
7 10
0 33
20 22
6 12
0 34
54 56
28 31
22 27
45 51
26 30
18 34
45 47
6 11
1 49
34 58
11 16
0 16
12 16
1 57
3 5
42 58
48 50
1 15
43 57
9 39
18 20
23 31
3 6
6 14
16 31
4 6
22 28
51 54
7 9
1 58
45 53
13 15
38 58
36 38
7 47
20 23
44 47
27 29
17 23
24 26
22 25
54 57
40 58
7 39
43 47
44 57
50 54
10 18
46 50
22 24
6 10
37 58
2 48
