0 1
1 2
2 3
3 4
4 5
5 6
6 7
7 8
8 9
9 10
10 11
11 12
12 13
13 14
14 15
15 16
16 17
17 18
18 19
19 20
20 21
21 22
22 23
23 24
24 25
25 26
26 27
27 28
28 29
29 30
30 31
31 32
32 33
33 34
34 35
35 36
36 37
37 38
38 39
39 40
40 41
41 42
42 43
43 44
44 45
45 46
46 47
47 48
48 49
49 50
50 51
51 52
52 53
53 54
54 55
55 56
56 57
57 58
58 59
59 0
49 51
7 20
6 32
8 10
9 59
25 48
8 19
19 53
9 17
38 57
21 25
49 53
29 33
28 46
4 58
34 40
41 57
34 44
19 56
6 9
8 20
5 58
41 55
51 53
10 16
34 58
41 48
20 31
14 19
44 48
28 47
23 53
20 26
6 8
15 19
41 44
48 50
15 17
41 53
6 59
13 15
30 33
26 29
28 44
7 31
41 54
50 53
34 57
21 23
23 25
11 14
21 26
8 11
20 23
49 52
19 54
3 59
44 46
0 4
0 2
33 58
30 32
35 38
24 50
15 18
24 53
12 16
9 57
39 41
37 39
0 58
26 48
9 56
17 19
6 33
22 25
43 48
34 36
17 56
20 53
40 44
10 17
26 28
27 47
41 43
34 37
29 34
0 3
28 34
19 55
38 41
4 59
42 44
5 33
37 40
35 37
7 32
34 38
11 16
20 30
28 45
12 15
4 6
24 48
1 3
44 47
9 58
26 30
2 59
8 14
11 13
48 53
55 57
26 47

0 1
1 2
2 3
3 4
4 5
5 6
6 7
7 8
8 9
9 10
10 11
11 12
12 13
13 14
14 15
15 16
16 17
17 18
18 19
19 20
20 21
21 22
22 23
23 24
24 25
25 26
26 27
27 28
28 29
29 30
30 31
31 32
32 33
33 34
34 35
35 36
36 37
37 38
38 39
39 40
40 41
41 42
42 43
43 44
44 45
45 46
46 47
47 48
48 49
49 50
50 51
51 52
52 53
53 54
54 55
55 56
56 57
57 58
58 59
59 0
14 43
25 36
7 36
14 57
13 57
20 32
8 23
36 55
44 53
40 51
14 21
0 9
47 49
20 39
3 5
20 35
45 53
9 22
18 20
3 58
14 22
39 51
53 56
17 43
44 56
20 37
3 9
38 51
10 57
10 14
28 35
7 25
37 54
47 53
12 14
1 58
16 43
43 57
4 36
5 7
23 32
19 40
5 8
20 36
8 25
1 9
40 45
36 57
40 46
21 32
3 8
9 14
14 17
24 28
30 35
47 51
12 57
4 7
48 51
37 53
46 49
28 32
20 34
27 36
53 55
29 32
8 22
19 42
43 56
46 51
38 53
45 47
40 43
26 36
15 43
14 16
18 43
14 20
30 34
0 10
10 12
29 31
46 50
0 57
25 27
19 43
2 58
19 39
29 35
14 18
36 58
3 36
57 59
36 56
32 34
1 59
23 28
8 24
20 38
36 54
24 27
22 32
40 42
31 34
11 57
28 36
19 41
47 52
20 33
43 45
2 9
38 52
