0 1
1 2
2 3
3 4
4 5
5 6
6 7
7 8
8 9
9 10
10 11
11 12
12 13
13 14
14 15
15 16
16 17
17 18
18 19
19 20
20 21
21 22
22 23
23 24
24 25
25 26
26 27
27 28
28 29
29 30
30 31
31 32
32 33
33 34
34 35
35 36
36 37
37 38
38 39
39 40
40 41
41 42
42 43
43 44
44 45
45 46
46 47
47 48
48 49
49 50
50 51
51 52
52 53
53 54
54 55
55 56
56 57
57 58
58 59
59 0
20 50
5 25
31 48
4 15
32 57
7 18
45 48
8 18
37 40
38 50
43 48
22 31
36 53
42 48
5 13
23 30
26 57
20 48
6 24
32 56
32 36
33 54
18 58
2 57
11 14
7 20
36 40
6 21
38 48
32 43
2 4
20 51
19 56
43 46
37 52
5 11
15 58
6 8
1 15
41 43
37 39
23 27
46 48
26 30
19 54
31 43
44 48
14 16
22 30
44 46
5 15
1 3
36 54
1 59
43 47
38 52
9 14
3 15
32 35
32 41
37 53
21 24
0 15
4 25
39 41
34 54
19 52
13 15
20 52
19 58
5 12
16 18
23 25
8 16
26 29
20 49
20 31
23 26
32 40
19 55
23 29
8 11
21 23
1 57
31 57
31 47
48 50
52 54
15 18
25 57
30 57
0 58
8 14
21 31
41 48
1 58
2 25
38 51
23 28
54 56
12 14
33 35
6 20
7 19
15 17
9 11
56 58
32 54
35 54
8 10
5 8
27 29
39 48
5 24

0 1
1 2
2 3
3 4
4 5
5 6
6 7
7 8
8 9
9 10
10 11
11 12
12 13
13 14
14 15
15 16
16 17
17 18
18 19
19 20
20 21
21 22
22 23
23 24
24 25
25 26
26 27
27 28
28 29
29 30
30 31
31 32
32 33
33 34
34 35
35 36
36 37
37 38
38 39
39 40
40 41
41 42
42 43
43 44
44 45
45 46
46 47
47 48
48 49
49 50
50 51
51 52
52 53
53 54
54 55
55 56
56 57
57 58
58 59
59 0
5 32
21 56
25 56
38 55
32 58
41 45
35 45
22 27
38 49
26 31
33 37
40 45
45 55
25 32
13 19
42 49
10 19
13 21
13 56
46 49
45 53
51 54
27 32
38 54
4 56
22 24
7 12
36 39
2 58
47 51
9 20
33 56
9 19
33 58
6 32
1 4
22 32
48 51
0 5
32 55
7 13
20 32
45 52
46 51
34 37
25 31
11 17
34 55
39 49
39 42
29 32
17 19
7 9
42 44
21 25
12 16
13 17
35 37
13 20
9 12
6 13
30 32
41 44
38 56
39 45
49 54
0 4
32 34
6 56
46 52
6 9
37 56
33 57
44 49
13 16
53 55
3 58
10 18
50 54
5 59
21 32
35 39
34 45
27 30
4 57
4 58
24 26
36 38
22 25
4 6
25 55
14 17
51 53
40 42
8 12
11 18
28 30
0 2
32 59
28 32
45 49
27 31
12 17
2 59
22 26
9 32
49 51
10 12
43 49
47 49
