0 1
1 2
2 3
3 4
4 5
5 6
6 7
7 8
8 9
9 10
10 11
11 12
12 13
13 14
14 15
15 16
16 17
17 18
18 19
19 20
20 21
21 22
22 23
23 24
24 25
25 26
26 27
27 28
28 29
29 30
30 31
31 32
32 33
33 34
34 35
35 36
36 37
37 38
38 39
39 40
40 41
41 42
42 43
43 44
44 45
45 46
46 47
47 48
48 49
49 50
50 51
51 52
52 53
53 54
54 55
55 56
56 57
57 58
58 59
59 0
36 59
30 35
23 53
26 49
22 34
9 21
51 58
13 58
19 23
2 11
26 29
23 27
25 53
18 21
21 59
39 47
15 21
48 58
13 53
35 41
32 35
30 44
38 48
28 31
27 31
29 31
3 10
15 17
19 21
11 58
27 29
35 40
3 6
52 57
13 21
1 5
52 58
13 57
34 59
17 23
40 47
12 58
5 7
30 42
52 54
37 40
31 35
38 59
46 49
16 23
8 21
42 45
13 23
40 46
7 9
24 26
15 23
51 53
29 49
5 8
41 46
54 57
23 25
4 6
3 11
21 23
2 59
48 50
35 42
1 59
30 49
54 56
38 58
23 34
48 51
52 56
41 45
35 59
22 59
25 50
45 49
30 45
1 21
11 13
35 37
13 54
25 51
27 32
37 39
18 20
11 21
2 5
2 58
23 33
18 23
27 33
1 8
33 35
17 21
9 11
7 10
30 43
39 48
47 49
43 45
52 55
14 21
24 27
25 49
0 2
3 5
37 59
13 15
6 10
0 1
1 2
2 3
3 4
4 5
5 6
6 7
7 8
8 9
9 10
10 11
11 12
12 13
13 14
14 15
15 16
16 17
17 18
18 19
19 20
20 21
21 22
22 23
23 24
24 25
25 26
26 27
27 28
28 29
29 30
30 31
31 32
32 33
33 34
34 35
35 36
36 37
37 38
38 39
39 40
40 41
41 42
42 43
43 44
44 45
45 46
46 47
47 48
48 49
49 50
50 51
51 52
52 53
53 54
54 55
55 56
56 57
57 58
58 59
59 0
46 58
10 16
23 42
56 59
25 30
16 40
2 9
40 42
0 20
21 52
47 55
0 19
8 11
7 16
57 59
40 59
27 35
55 58
16 59
35 38
22 40
25 32
22 42
10 12
24 33
46 55
4 7
0 3
46 59
22 36
49 52
21 51
2 6
21 43
26 36
28 33
7 19
44 46
24 38
44 51
7 18
16 22
49 53
9 16
48 53
13 16
42 46
46 48
10 14
47 54
0 4
16 21
53 59
10 13
38 42
9 59
22 24
30 33
1 9
25 33
36 39
33 38
45 50
6 9
0 21
25 29
12 16
49 51
10 15
29 33
52 59
25 36
39 42
54 59
17 19
0 9
36 40
22 25
11 16
55 57
30 32
28 34
16 19
39 41
8 10
6 8
1 3
43 51
26 28
21 42
48 54
46 50
44 50
14 16
0 52
42 44
24 42
34 38
8 16
28 35
7 17
4 19
31 33
27 36
16 20
25 28
36 38
42 59
55 59
2 4
