0 1
1 2
2 3
3 4
4 5
5 6
6 7
7 8
8 9
9 10
10 11
11 12
12 13
13 14
14 15
15 16
16 17
17 18
18 19
19 20
20 21
21 22
22 23
23 24
24 25
25 26
26 27
27 28
28 29
29 30
30 31
31 32
32 33
33 34
34 35
35 36
36 37
37 38
38 39
39 40
40 41
41 42
42 43
43 44
44 45
45 46
46 47
47 48
48 49
49 50
50 51
51 52
52 53
53 54
54 55
55 56
56 57
57 58
58 59
59 0
41 56
17 50
10 36
39 58
28 40
20 33
4 50
25 48
4 59
10 13
28 37
9 15
0 39
0 4
28 32
48 51
15 50
24 49
20 30
44 47
16 50
17 19
47 52
27 41
39 56
33 36
51 54
14 17
55 59
23 30
11 36
38 40
13 19
43 55
33 35
4 10
22 49
23 49
10 15
50 59
26 43
11 13
18 50
44 55
57 59
10 14
6 15
6 9
4 39
25 46
28 38
56 59
11 20
10 37
23 29
25 44
3 59
48 52
18 20
39 41
41 55
2 59
47 54
28 36
44 54
7 10
25 45
41 43
30 32
52 54
49 51
28 30
25 49
25 27
4 37
6 8
21 50
27 29
27 42
44 46
25 47
20 31
39 59
0 2
1 59
5 50
12 19
15 17
34 36
7 9
18 21
32 35
32 36
6 50
0 3
22 30
39 57
4 7
20 36
24 27
13 17
28 41
23 27
4 38
51 59
4 6
12 20
54 59
22 50
47 53
26 42
20 32
26 44
21 30

0 1
1 2
2 3
3 4
4 5
5 6
6 7
7 8
8 9
9 10
10 11
11 12
12 13
13 14
14 15
15 16
16 17
17 18
18 19
19 20
20 21
21 22
22 23
23 24
24 25
25 26
26 27
27 28
28 29
29 30
30 31
31 32
32 33
33 34
34 35
35 36
36 37
37 38
38 39
39 40
40 41
41 42
42 43
43 44
44 45
45 46
46 47
47 48
48 49
49 50
50 51
51 52
52 53
53 54
54 55
55 56
56 57
57 58
58 59
59 0
7 28
9 39
4 41
0 58
35 57
32 37
4 33
14 32
6 29
4 55
35 42
2 56
11 19
12 37
43 49
43 47
5 29
21 26
37 42
4 56
54 57
7 21
18 32
5 40
47 57
41 53
19 23
5 30
34 57
45 57
49 53
25 28
16 32
19 30
4 57
47 49
43 51
5 33
21 27
41 51
5 32
7 29
2 58
17 32
19 28
32 34
48 57
7 11
48 53
7 27
7 39
4 53
1 56
40 42
55 57
39 42
9 12
42 44
12 18
5 39
19 29
49 52
37 39
4 58
21 23
23 25
13 16
22 26
2 4
19 21
8 10
11 21
42 57
46 57
41 52
1 58
20 23
3 56
43 45
12 38
18 30
24 28
23 26
44 57
5 31
13 18
48 54
12 32
13 32
34 37
16 18
33 57
18 31
56 58
4 54
9 11
8 39
5 41
6 39
43 46
8 11
9 38
50 52
15 32
36 42
26 28
11 18
43 50
42 51
0 56
13 15
23 28
35 37
