0 1
1 2
2 3
3 4
4 5
5 6
6 7
7 8
8 9
9 10
10 11
11 12
12 13
13 14
14 15
15 16
16 17
17 18
18 19
19 20
20 21
21 22
22 23
23 24
24 25
25 26
26 27
27 28
28 29
29 30
30 31
31 32
32 33
33 34
34 35
35 36
36 37
37 38
38 39
39 40
40 41
41 42
42 43
43 44
44 45
45 46
46 47
47 48
48 49
49 50
50 51
51 52
52 53
53 54
54 55
55 56
56 57
57 58
58 59
59 0
36 49
4 47
5 51
11 36
9 23
1 47
16 18
10 46
23 34
17 32
29 34
17 24
11 38
48 53
25 29
5 50
39 43
11 44
31 33
4 9
54 57
26 31
17 20
31 34
37 40
26 30
6 8
16 23
43 47
37 42
37 39
37 47
15 32
44 46
17 19
29 31
39 41
0 51
12 16
19 21
55 59
57 59
32 35
53 55
1 59
23 49
11 14
9 12
4 8
11 46
18 23
47 57
25 28
14 35
36 48
12 14
49 52
47 54
24 29
41 43
47 58
9 50
42 47
17 25
11 45
23 29
3 5
11 43
56 59
14 16
8 50
3 47
15 17
36 47
49 53
48 54
53 59
26 32
5 7
2 51
17 21
54 56
4 7
43 46
26 29
23 35
17 23
18 22
25 27
11 39
9 16
51 53
32 34
14 32
23 50
51 59
13 16
9 47
49 51
3 51
25 32
10 47
11 37
1 3
5 8
11 35
1 58
1 51
17 22
27 29
19 22
40 42
35 49
10 12

0 1
1 2
2 3
3 4
4 5
5 6
6 7
7 8
8 9
9 10
10 11
11 12
12 13
13 14
14 15
15 16
16 17
17 18
18 19
19 20
20 21
21 22
22 23
23 24
24 25
25 26
26 27
27 28
28 29
29 30
30 31
31 32
32 33
33 34
34 35
35 36
36 37
37 38
38 39
39 40
40 41
41 42
42 43
43 44
44 45
45 46
46 47
47 48
48 49
49 50
50 51
51 52
52 53
53 54
54 55
55 56
56 57
57 58
58 59
59 0
28 57
33 37
30 58
8 58
17 57
33 39
39 57
14 28
9 28
1 28
16 57
18 25
33 53
33 54
38 49
2 28
15 22
49 57
52 54
21 24
22 26
35 52
4 59
37 52
40 46
8 57
39 47
38 44
50 57
33 55
5 28
15 28
9 15
41 46
2 5
42 44
28 31
25 57
18 57
15 20
30 39
19 24
15 27
33 38
43 45
33 57
44 49
7 59
47 49
6 59
4 6
7 58
9 11
37 49
37 51
1 30
30 59
45 48
34 36
46 48
5 9
32 39
34 52
39 46
36 52
11 15
20 24
10 28
37 50
22 25
19 25
1 4
30 57
33 56
21 23
27 57
52 55
39 42
11 13
50 55
30 32
15 26
28 32
38 42
15 18
28 33
15 19
9 57
42 46
15 21
22 24
12 15
0 4
33 52
11 28
15 57
13 28
26 57
13 15
7 9
1 29
44 48
42 45
55 57
6 9
51 55
28 30
2 4
34 37
0 30
39 49
