0 1
1 2
2 3
3 4
4 5
5 6
6 7
7 8
8 9
9 10
10 11
11 12
12 13
13 14
14 15
15 16
16 17
17 18
18 19
19 20
20 21
21 22
22 23
23 24
24 25
25 26
26 27
27 28
28 29
29 30
30 31
31 32
32 33
33 34
34 35
35 36
36 37
37 38
38 39
39 40
40 41
41 42
42 43
43 44
44 45
45 46
46 47
47 48
48 49
49 50
50 51
51 52
52 53
53 54
54 55
55 56
56 57
57 58
58 59
59 0
6 41
39 46
15 26
5 30
19 41
33 38
31 54
6 30
43 52
20 24
9 18
35 50
0 43
22 25
34 52
53 59
27 40
21 24
31 39
5 31
17 22
6 14
11 17
44 48
6 18
36 50
41 43
0 56
17 25
11 15
20 26
12 15
41 44
22 24
54 59
29 31
3 55
45 48
27 31
39 44
43 48
17 26
52 54
7 13
3 42
8 13
15 27
27 29
14 30
34 54
5 54
31 38
34 36
54 58
3 54
31 40
13 15
27 41
32 34
0 3
23 25
37 50
0 42
10 18
43 49
38 50
4 6
54 56
15 17
19 26
39 50
11 16
18 20
6 13
15 28
4 42
0 2
7 9
6 19
15 29
31 34
10 12
6 9
17 21
9 13
34 51
43 51
34 50
10 13
39 48
2 55
18 21
1 55
56 58
43 50
26 41
15 30
4 41
34 37
0 58
43 53
39 41
39 49
1 56
39 45
34 38
3 5
0 53
24 26
32 38
0 57
11 18
45 47
39 47

0 1
1 2
2 3
3 4
4 5
5 6
6 7
7 8
8 9
9 10
10 11
11 12
12 13
13 14
14 15
15 16
16 17
17 18
18 19
19 20
20 21
21 22
22 23
23 24
24 25
25 26
26 27
27 28
28 29
29 30
30 31
31 32
32 33
33 34
34 35
35 36
36 37
37 38
38 39
39 40
40 41
41 42
42 43
43 44
44 45
45 46
46 47
47 48
48 49
49 50
50 51
51 52
52 53
53 54
54 55
55 56
56 57
57 58
58 59
59 0
41 46
1 17
39 52
43 46
7 16
31 57
10 57
2 10
10 43
13 17
21 25
28 32
46 48
10 38
43 56
38 57
24 36
19 24
9 15
29 57
48 53
2 6
41 49
18 57
39 56
14 17
6 17
12 36
35 57
9 11
36 38
1 58
18 29
40 52
26 32
18 27
0 18
45 53
7 10
47 49
25 27
4 10
41 50
6 10
44 54
30 57
36 57
39 54
26 36
19 23
51 53
38 56
40 50
19 25
8 15
26 35
44 46
5 10
25 36
38 43
11 14
10 37
39 55
40 42
13 18
44 56
39 42
20 23
38 42
18 24
8 16
11 36
13 36
48 50
6 16
9 14
13 24
28 31
18 58
12 14
48 51
8 10
40 51
11 37
41 47
28 30
2 17
18 28
3 6
34 57
19 27
10 58
2 4
2 58
45 54
44 55
32 35
18 59
1 59
33 35
20 25
46 53
10 56
32 57
1 18
14 16
39 53
27 32
33 57
20 22
42 46
21 23
