0 1
1 2
2 3
3 4
4 5
5 6
6 7
7 8
8 9
9 10
10 11
11 12
12 13
13 14
14 15
15 16
16 17
17 18
18 19
19 20
20 21
21 22
22 23
23 24
24 25
25 26
26 27
27 28
28 29
29 30
30 31
31 32
32 33
33 34
34 35
35 36
36 37
37 38
38 39
39 40
40 41
41 42
42 43
43 44
44 45
45 46
46 47
47 48
48 49
49 50
50 51
51 52
52 53
53 54
54 55
55 56
56 57
57 58
58 59
59 0
15 32
56 58
23 55
33 45
9 36
13 36
3 53
2 57
7 36
4 7
7 45
16 29
23 50
19 23
3 48
20 56
38 40
7 48
29 31
4 11
34 40
48 52
29 46
18 27
7 37
13 58
29 32
4 48
7 39
4 6
10 13
25 49
3 59
3 56
14 17
25 28
23 26
18 58
4 10
23 52
54 56
32 35
29 47
36 38
37 39
18 23
4 13
21 23
25 50
26 28
17 29
3 54
6 48
48 50
21 55
20 58
0 2
20 23
1 3
52 54
10 36
35 40
47 49
15 30
4 12
17 27
33 46
24 26
7 44
13 35
33 35
3 57
14 16
14 18
24 50
23 54
40 44
20 22
40 43
13 15
4 9
11 13
43 45
33 42
25 47
33 41
48 51
42 45
8 36
7 47
41 43
5 7
15 31
21 56
3 52
27 29
15 29
7 40
45 47
2 58
33 40
23 27
15 35
4 58
19 58
28 47
7 9
2 59
13 18
29 33
50 52
3 58
36 40
0 3
0 1
1 2
2 3
3 4
4 5
5 6
6 7
7 8
8 9
9 10
10 11
11 12
12 13
13 14
14 15
15 16
16 17
17 18
18 19
19 20
20 21
21 22
22 23
23 24
24 25
25 26
26 27
27 28
28 29
29 30
30 31
31 32
32 33
33 34
34 35
35 36
36 37
37 38
38 39
39 40
40 41
41 42
42 43
43 44
44 45
45 46
46 47
47 48
48 49
49 50
50 51
51 52
52 53
53 54
54 55
55 56
56 57
57 58
58 59
59 0
24 59
4 35
33 50
36 50
14 27
34 47
6 21
28 56
36 47
9 34
14 26
17 25
11 34
12 30
35 41
9 12
50 56
33 53
1 24
33 52
2 56
44 46
41 44
42 46
26 57
39 42
25 59
29 56
33 54
4 23
34 46
36 39
13 20
10 12
8 35
4 56
30 56
30 32
35 46
26 59
12 20
17 20
53 55
0 58
3 23
15 25
11 33
9 35
35 45
5 35
51 53
17 24
14 25
27 30
51 55
11 32
57 59
20 24
41 45
36 42
1 57
4 36
36 56
35 38
17 19
28 57
42 44
8 20
34 50
35 39
30 33
13 19
12 31
8 12
0 57
36 48
3 24
21 24
7 35
1 59
7 20
15 17
34 48
6 35
34 49
15 18
15 19
39 41
12 14
12 32
9 11
6 20
12 27
2 4
51 56
30 54
30 55
33 51
43 46
28 30
6 22
36 46
5 22
36 49
1 56
16 18
5 23
22 24
2 24
40 42
27 57
14 19
35 37
