0 1
1 2
2 3
3 4
4 5
5 6
6 7
7 8
8 9
9 10
10 11
11 12
12 13
13 14
14 15
15 16
16 17
17 18
18 19
19 20
20 21
21 22
22 23
23 24
24 25
25 26
26 27
27 28
28 29
29 30
30 31
31 32
32 33
33 34
34 35
35 36
36 37
37 38
38 39
39 40
40 41
41 42
42 43
43 44
44 45
45 46
46 47
47 48
48 49
49 50
50 51
51 52
52 53
53 54
54 55
55 56
56 57
57 58
58 59
59 0
7 54
5 24
20 38
17 22
34 36
44 50
11 24
2 26
15 46
2 38
28 35
18 42
44 47
9 12
8 50
12 50
2 54
11 16
24 35
10 12
25 27
11 22
2 57
7 59
2 40
5 59
3 59
41 44
23 37
15 48
8 51
50 52
28 33
9 50
7 11
16 22
2 30
20 39
12 15
18 40
22 37
12 48
15 47
6 11
7 51
5 11
24 36
28 31
19 21
18 41
54 59
12 49
4 59
2 32
21 38
15 43
19 22
2 56
5 26
0 58
28 30
40 52
54 58
24 37
22 24
26 30
32 36
15 17
21 37
2 31
2 37
18 39
11 14
44 49
40 44
4 26
17 42
5 25
43 45
25 35
56 58
44 52
11 15
0 3
1 57
7 10
13 15
7 53
27 35
44 46
51 53
28 34
19 39
40 53
33 36
43 46
6 59
1 58
26 28
40 54
11 13
17 43
47 49
17 19
0 2
2 4
55 58
38 40
2 55
42 44
7 9
29 31
32 37
28 32

0 1
1 2
2 3
3 4
4 5
5 6
6 7
7 8
8 9
9 10
10 11
11 12
12 13
13 14
14 15
15 16
16 17
17 18
18 19
19 20
20 21
21 22
22 23
23 24
24 25
25 26
26 27
27 28
28 29
29 30
30 31
31 32
32 33
33 34
34 35
35 36
36 37
37 38
38 39
39 40
40 41
41 42
42 43
43 44
44 45
45 46
46 47
47 48
48 49
49 50
50 51
51 52
52 53
53 54
54 55
55 56
56 57
57 58
58 59
59 0
24 45
38 58
30 36
22 52
16 58
42 48
11 54
19 26
24 52
28 44
39 41
20 26
36 40
45 49
29 43
0 57
27 31
25 44
15 52
14 53
20 22
7 57
19 58
5 15
49 55
6 10
26 58
33 58
10 54
24 51
4 16
29 40
39 48
4 57
15 21
14 52
27 32
1 59
42 46
45 47
30 40
5 16
30 34
10 13
6 8
33 38
52 54
4 58
30 35
24 44
10 57
34 38
4 7
42 45
57 59
24 26
51 55
18 21
37 39
1 4
5 10
5 13
3 58
8 10
24 49
1 3
22 26
15 22
36 38
29 41
50 55
30 33
31 33
26 33
38 57
45 48
54 57
5 7
36 39
46 48
38 49
15 18
29 42
52 55
26 32
39 42
5 14
25 28
38 48
18 20
29 44
13 54
9 57
13 53
8 57
16 19
38 55
23 52
55 57
38 56
27 30
2 59
49 51
2 58
16 18
23 26
35 38
27 29
0 4
12 54
