0 1
1 2
2 3
3 4
4 5
5 6
6 7
7 8
8 9
9 10
10 11
11 12
12 13
13 14
14 15
15 16
16 17
17 18
18 19
19 20
20 21
21 22
22 23
23 24
24 25
25 26
26 27
27 28
28 29
29 30
30 31
31 32
32 33
33 34
34 35
35 36
36 37
37 38
38 39
39 40
40 41
41 42
42 43
43 44
44 45
45 46
46 47
47 48
48 49
49 50
50 51
51 52
52 53
53 54
54 55
55 56
56 57
57 58
58 59
59 0
18 52
6 33
10 52
10 29
33 37
33 39
30 51
6 47
32 39
33 45
12 23
52 59
6 8
14 21
18 27
30 50
30 46
31 43
9 52
40 42
32 37
32 41
12 24
10 13
2 54
9 32
53 57
29 32
53 56
12 25
50 53
19 23
33 43
56 58
45 47
2 53
32 35
34 36
29 52
10 12
53 55
2 50
23 26
4 9
10 14
1 52
3 50
43 46
14 22
2 4
10 32
39 42
6 50
21 23
44 46
2 59
48 50
18 26
16 18
43 45
26 28
54 58
19 21
0 52
32 34
3 6
30 49
14 19
4 8
26 29
32 36
18 28
8 33
14 23
30 48
14 52
33 47
5 8
5 7
19 26
33 36
31 41
3 5
51 53
31 42
13 23
11 26
33 42
32 40
54 59
37 39
12 26
46 48
53 58
47 50
8 32
14 17
18 29
32 38
30 32
54 56
23 25
30 43
2 9
1 59
15 17
53 59
11 29
17 52
1 9
30 52
20 23
14 18
15 18

0 1
1 2
2 3
3 4
4 5
5 6
6 7
7 8
8 9
9 10
10 11
11 12
12 13
13 14
14 15
15 16
16 17
17 18
18 19
19 20
20 21
21 22
22 23
23 24
24 25
25 26
26 27
27 28
28 29
29 30
30 31
31 32
32 33
33 34
34 35
35 36
36 37
37 38
38 39
39 40
40 41
41 42
42 43
43 44
44 45
45 46
46 47
47 48
48 49
49 50
50 51
51 52
52 53
53 54
54 55
55 56
56 57
57 58
58 59
59 0
19 36
11 31
9 15
5 49
31 49
41 54
11 22
36 58
41 58
37 48
2 52
36 48
12 20
3 15
30 35
9 49
45 50
4 51
44 51
22 29
40 44
39 41
6 9
52 55
33 49
42 52
22 35
49 51
7 49
36 49
41 52
41 56
37 46
23 35
26 35
2 17
0 58
22 26
28 30
0 2
41 44
24 26
41 43
39 58
4 6
2 36
0 56
44 50
21 35
57 59
46 49
17 36
39 46
14 16
41 57
12 22
5 51
42 44
11 49
13 20
2 56
13 18
13 19
40 46
37 47
13 17
21 36
38 46
31 35
3 16
1 36
18 36
4 52
22 31
34 49
10 15
22 30
22 25
0 57
47 49
3 52
6 49
27 35
12 21
28 35
6 15
35 49
7 9
11 13
8 49
3 17
37 58
41 53
42 51
9 11
20 36
33 35
40 45
27 29
46 50
11 14
24 35
38 58
32 49
4 15
0 36
22 24
11 15
31 33
52 56
41 55
52 54
13 16
22 27
