0 1
1 2
2 3
3 4
4 5
5 6
6 7
7 8
8 9
9 10
10 11
11 12
12 13
13 14
14 15
15 16
16 17
17 18
18 19
19 20
20 21
21 22
22 23
23 24
24 25
25 26
26 27
27 28
28 29
29 30
30 31
31 32
32 33
33 34
34 35
35 36
36 37
37 38
38 39
39 40
40 41
41 42
42 43
43 44
44 45
45 46
46 47
47 48
48 49
49 50
50 51
51 52
52 53
53 54
54 55
55 56
56 57
57 58
58 59
59 0
8 29
0 40
13 59
31 57
40 55
3 8
43 45
37 57
45 56
43 51
24 57
14 29
17 59
0 31
5 10
0 12
47 53
17 28
34 36
4 11
21 23
38 56
32 39
39 55
1 8
18 20
17 27
45 57
18 58
47 51
44 46
0 45
19 25
41 51
4 7
7 10
38 57
51 53
41 55
12 59
52 55
34 57
2 11
8 31
24 27
17 26
35 38
36 38
45 59
11 14
42 45
33 38
33 39
18 25
47 55
20 22
43 47
42 51
13 17
24 26
31 40
23 58
40 45
2 8
21 58
30 57
45 58
40 42
11 29
49 51
31 34
46 55
28 30
17 29
13 15
1 11
8 11
18 26
39 56
4 6
15 29
43 50
52 54
36 57
32 40
1 31
12 14
48 51
9 11
47 50
5 7
19 24
27 30
20 24
27 57
33 35
20 23
1 12
3 7
47 54
45 55
41 52
43 46
5 11
7 9
47 49
29 31
18 21
31 33
2 4
13 16
23 57
15 17
18 59
0 1
1 2
2 3
3 4
4 5
5 6
6 7
7 8
8 9
9 10
10 11
11 12
12 13
13 14
14 15
15 16
16 17
17 18
18 19
19 20
20 21
21 22
22 23
23 24
24 25
25 26
26 27
27 28
28 29
29 30
30 31
31 32
32 33
33 34
34 35
35 36
36 37
37 38
38 39
39 40
40 41
41 42
42 43
43 44
44 45
45 46
46 47
47 48
48 49
49 50
50 51
51 52
52 53
53 54
54 55
55 56
56 57
57 58
58 59
59 0
22 32
11 24
27 55
20 39
11 15
10 17
13 18
10 57
39 46
34 40
32 42
54 56
39 42
25 56
9 50
0 6
1 4
34 39
32 38
46 52
5 56
27 43
44 54
52 56
18 48
6 9
8 56
23 31
0 4
9 17
22 24
10 24
10 16
32 41
45 52
5 57
0 57
17 49
23 30
10 56
21 24
13 21
43 55
9 51
19 47
3 5
6 10
25 28
44 53
14 18
30 42
2 5
13 24
50 52
25 55
23 32
46 49
34 37
4 57
0 5
17 48
11 13
24 56
21 39
29 42
35 37
27 29
8 51
57 59
33 36
19 48
46 50
21 32
0 2
24 28
19 39
15 18
12 24
30 32
33 41
42 46
37 39
6 58
11 16
39 41
24 29
34 41
45 53
42 44
25 27
44 55
8 52
19 46
7 56
6 59
26 55
16 18
1 3
29 43
13 19
13 20
46 48
9 49
6 57
6 8
53 56
6 56
23 29
32 37
33 37
21 38
