0 1
1 2
2 3
3 4
4 5
5 6
6 7
7 8
8 9
9 10
10 11
11 12
12 13
13 14
14 15
15 16
16 17
17 18
18 19
19 20
20 21
21 22
22 23
23 24
24 25
25 26
26 27
27 28
28 29
29 30
30 31
31 32
32 33
33 34
34 35
35 36
36 37
37 38
38 39
39 40
40 41
41 42
42 43
43 44
44 45
45 46
46 47
47 48
48 49
49 50
50 51
51 52
52 53
53 54
54 55
55 56
56 57
57 58
58 59
59 0
36 54
22 38
24 59
2 45
1 50
0 50
13 21
21 38
40 46
24 27
27 37
16 23
4 13
25 54
33 35
11 41
53 57
30 33
29 37
43 46
17 19
13 59
7 13
3 6
30 37
40 53
12 39
9 43
7 43
39 54
8 13
32 54
15 18
26 30
54 58
49 51
22 27
40 52
0 4
16 22
7 9
37 54
50 59
50 53
11 43
3 44
14 59
46 52
5 13
54 56
0 3
6 43
33 54
9 11
2 46
40 54
50 58
10 12
13 18
35 37
35 54
34 54
40 42
51 53
28 30
3 45
30 54
23 27
11 39
6 13
24 58
25 30
50 57
55 58
47 52
3 43
11 42
55 57
3 5
20 22
28 37
19 22
18 20
2 49
13 39
4 59
14 23
15 23
42 46
24 54
48 51
47 51
27 30
23 59
1 3
1 49
37 39
22 37
43 45
21 39
24 26
9 13
31 33
39 41
13 15
18 21
16 18
46 49
31 54
9 12
16 19
46 48
30 35
54 57
0 1
1 2
2 3
3 4
4 5
5 6
6 7
7 8
8 9
9 10
10 11
11 12
12 13
13 14
14 15
15 16
16 17
17 18
18 19
19 20
20 21
21 22
22 23
23 24
24 25
25 26
26 27
27 28
28 29
29 30
30 31
31 32
32 33
33 34
34 35
35 36
36 37
37 38
38 39
39 40
40 41
41 42
42 43
43 44
44 45
45 46
46 47
47 48
48 49
49 50
50 51
51 52
52 53
53 54
54 55
55 56
56 57
57 58
58 59
59 0
18 33
7 53
0 21
0 43
8 37
6 54
7 54
8 18
48 52
0 45
29 31
17 35
37 53
38 41
23 40
48 54
46 59
26 34
10 14
42 44
3 21
18 31
8 36
2 58
23 31
5 57
8 12
44 52
23 43
45 59
44 49
14 16
44 50
3 57
14 35
48 56
6 8
12 16
23 38
28 32
20 31
25 28
27 33
25 34
47 58
10 36
6 20
52 54
8 11
28 33
44 47
38 52
5 56
5 54
12 14
48 58
56 58
17 33
25 35
23 28
6 21
21 31
24 28
3 58
10 13
38 53
18 32
23 25
26 33
1 58
40 43
5 21
48 50
44 46
38 40
50 52
41 43
21 23
23 35
8 10
12 15
44 48
29 32
25 27
23 37
47 59
21 43
7 37
16 35
0 58
5 55
12 17
4 21
22 31
23 39
14 36
42 52
8 20
1 21
41 52
9 36
2 21
17 34
11 13
12 18
23 29
23 30
4 57
19 31
48 55
8 19
23 36
44 51
0 44
