0 1
1 2
2 3
3 4
4 5
5 6
6 7
7 8
8 9
9 10
10 11
11 12
12 13
13 14
14 15
15 16
16 17
17 18
18 19
19 20
20 21
21 22
22 23
23 24
24 25
25 26
26 27
27 28
28 29
29 30
30 31
31 32
32 33
33 34
34 35
35 36
36 37
37 38
38 39
39 40
40 41
41 42
42 43
43 44
44 45
45 46
46 47
47 48
48 49
49 50
50 51
51 52
52 53
53 54
54 55
55 56
56 57
57 58
58 59
59 0
24 40
29 58
1 45
51 55
9 11
38 46
30 32
34 48
5 17
49 52
25 33
32 55
25 58
23 40
49 57
37 48
13 15
21 42
8 24
48 54
5 43
18 22
32 34
26 33
24 37
5 8
34 54
1 47
49 54
24 38
8 16
44 46
3 25
8 23
11 18
14 16
6 16
38 41
48 58
25 29
32 54
12 17
5 7
10 16
10 14
23 41
2 4
46 48
34 37
20 22
1 3
3 58
19 42
1 58
49 53
1 4
49 56
9 23
25 34
6 8
1 43
31 33
19 22
43 45
12 14
55 58
30 55
51 54
27 30
49 51
5 25
38 48
18 23
29 55
26 30
22 42
0 48
5 18
12 16
42 46
24 39
10 12
45 47
39 41
49 58
41 46
25 28
0 47
34 36
19 21
4 43
12 15
36 48
6 17
48 59
28 30
5 42
0 58
23 42
25 37
56 58
11 17
18 42
9 18
51 53
43 46
8 10
35 48
51 56
50 56
25 27
30 33
8 25
4 25

0 1
1 2
2 3
3 4
4 5
5 6
6 7
7 8
8 9
9 10
10 11
11 12
12 13
13 14
14 15
15 16
16 17
17 18
18 19
19 20
20 21
21 22
22 23
23 24
24 25
25 26
26 27
27 28
28 29
29 30
30 31
31 32
32 33
33 34
34 35
35 36
36 37
37 38
38 39
39 40
40 41
41 42
42 43
43 44
44 45
45 46
46 47
47 48
48 49
49 50
50 51
51 52
52 53
53 54
54 55
55 56
56 57
57 58
58 59
59 0
10 20
19 58
19 53
0 52
0 4
7 59
29 36
9 45
19 49
21 41
9 51
23 44
21 36
45 51
7 15
26 41
2 6
34 39
45 50
10 44
6 52
28 40
3 5
33 36
23 45
10 17
26 42
21 48
0 3
22 48
13 17
33 39
2 5
24 42
0 54
21 23
17 19
0 2
15 17
33 40
23 27
24 27
1 59
20 48
13 16
0 55
17 58
28 33
19 51
10 42
29 33
27 41
19 52
23 48
0 5
23 47
2 7
37 39
57 59
54 56
20 42
54 57
10 15
32 36
29 32
6 51
38 40
21 38
55 59
21 28
19 48
7 9
17 20
21 29
10 13
48 50
21 40
2 59
17 59
11 14
6 9
7 10
31 36
54 58
35 39
20 41
11 15
36 39
55 57
11 13
25 42
45 48
18 20
15 59
21 37
23 43
42 44
24 26
23 28
30 36
27 40
23 46
33 35
29 31
53 58
5 52
52 54
9 44
24 43
19 50
