0 1
1 2
2 3
3 4
4 5
5 6
6 7
7 8
8 9
9 10
10 11
11 12
12 13
13 14
14 15
15 16
16 17
17 18
18 19
19 20
20 21
21 22
22 23
23 24
24 25
25 26
26 27
27 28
28 29
29 30
30 31
31 32
32 33
33 34
34 35
35 36
36 37
37 38
38 39
39 40
40 41
41 42
42 43
43 44
44 45
45 46
46 47
47 48
48 49
49 50
50 51
51 52
52 53
53 54
54 55
55 56
56 57
57 58
58 59
59 0
52 54
24 48
3 20
17 59
3 30
3 16
33 42
39 52
22 50
42 49
28 43
0 4
49 52
24 43
8 15
0 35
13 15
50 53
22 58
14 59
0 9
38 58
39 58
9 12
13 59
45 47
30 42
31 42
34 38
24 27
24 44
1 35
51 53
22 57
23 49
41 52
17 21
31 34
44 47
39 42
11 13
6 9
23 27
9 59
29 42
42 46
8 13
38 59
22 55
5 8
39 55
22 29
3 22
8 12
39 57
40 52
18 21
0 5
15 59
3 19
28 42
30 34
11 59
0 6
25 28
47 49
19 21
42 47
17 58
5 16
32 42
16 59
16 18
20 22
50 54
42 45
34 37
40 42
32 34
0 37
37 59
3 5
34 39
23 28
24 26
23 29
55 57
22 56
43 45
3 29
24 47
50 52
22 54
1 34
22 49
26 28
9 11
42 52
35 37
39 54
3 18
10 59
2 34
1 4
34 42
7 9
8 16
0 36
21 58
23 48
24 28
1 3
2 30
5 7
0 1
1 2
2 3
3 4
4 5
5 6
6 7
7 8
8 9
9 10
10 11
11 12
12 13
13 14
14 15
15 16
16 17
17 18
18 19
19 20
20 21
21 22
22 23
23 24
24 25
25 26
26 27
27 28
28 29
29 30
30 31
31 32
32 33
33 34
34 35
35 36
36 37
37 38
38 39
39 40
40 41
41 42
42 43
43 44
44 45
45 46
46 47
47 48
48 49
49 50
50 51
51 52
52 53
53 54
54 55
55 56
56 57
57 58
58 59
59 0
9 16
54 58
38 47
10 49
17 37
9 32
32 35
27 37
29 36
37 57
0 33
15 37
46 55
1 54
22 26
13 38
1 9
26 32
0 8
44 56
0 7
36 58
51 54
41 46
38 44
19 37
18 26
9 15
4 6
1 10
18 20
51 55
37 58
18 32
17 19
27 32
10 47
49 54
38 57
38 43
3 8
54 59
35 59
2 7
22 37
28 36
46 48
0 32
30 35
18 25
55 58
27 31
18 23
46 56
22 24
11 15
42 44
8 32
4 7
53 55
28 30
44 46
50 55
22 27
28 37
56 58
0 34
41 45
22 25
29 35
10 15
38 42
1 8
40 47
48 55
11 14
10 54
33 35
12 38
11 38
11 47
40 46
52 55
3 7
4 8
31 35
20 23
38 40
28 31
9 17
19 22
21 23
16 37
49 55
44 57
35 58
39 41
38 41
9 18
6 8
2 8
23 25
14 37
34 59
1 7
12 14
41 44
49 51
14 38
10 48
1 59
