0 1
1 2
2 3
3 4
4 5
5 6
6 7
7 8
8 9
9 10
10 11
11 12
12 13
13 14
14 15
15 16
16 17
17 18
18 19
19 20
20 21
21 22
22 23
23 24
24 25
25 26
26 27
27 28
28 29
29 30
30 31
31 32
32 33
33 34
34 35
35 36
36 37
37 38
38 39
39 40
40 41
41 42
42 43
43 44
44 45
45 46
46 47
47 48
48 49
49 50
50 51
51 52
52 53
53 54
54 55
55 56
56 57
57 58
58 59
59 0
5 26
5 57
17 27
48 54
36 44
38 52
15 24
1 3
6 28
17 22
6 38
29 36
36 41
7 27
28 54
17 26
5 27
36 45
15 18
22 25
6 37
14 17
6 12
18 22
6 55
9 13
29 45
38 53
38 43
35 45
44 51
10 12
18 20
30 34
1 58
6 10
3 6
5 25
30 33
30 45
6 53
41 44
29 54
15 20
30 32
11 13
5 12
3 58
29 48
3 5
6 36
13 27
13 17
52 54
55 58
1 57
31 34
15 21
37 39
40 42
37 40
27 55
15 19
38 51
2 57
51 54
55 57
0 57
44 48
44 49
40 43
36 40
17 25
23 25
31 45
46 48
56 58
50 54
6 8
30 36
8 13
6 9
28 55
5 55
44 46
7 13
38 40
31 33
42 44
14 16
44 47
48 50
14 25
6 29
34 45
12 14
6 58
2 4
2 5
43 51
18 21
5 14
15 23
6 54
15 22
15 25
57 59
0 58
29 46
15 17
9 11
7 28
49 51
30 35
0 1
1 2
2 3
3 4
4 5
5 6
6 7
7 8
8 9
9 10
10 11
11 12
12 13
13 14
14 15
15 16
16 17
17 18
18 19
19 20
20 21
21 22
22 23
23 24
24 25
25 26
26 27
27 28
28 29
29 30
30 31
31 32
32 33
33 34
34 35
35 36
36 37
37 38
38 39
39 40
40 41
41 42
42 43
43 44
44 45
45 46
46 47
47 48
48 49
49 50
50 51
51 52
52 53
53 54
54 55
55 56
56 57
57 58
58 59
59 0
18 47
17 44
12 51
10 45
25 27
1 6
50 52
27 46
18 29
50 55
28 41
0 2
2 48
29 40
48 58
15 44
1 56
35 41
8 47
21 23
32 42
29 44
3 7
8 53
8 55
20 22
0 48
27 42
47 51
8 12
22 47
34 38
20 27
35 40
20 24
3 48
17 47
1 8
20 26
29 33
14 47
12 44
19 29
35 37
19 47
32 35
19 27
17 29
53 55
29 42
12 45
27 44
14 44
3 8
20 25
27 43
29 39
3 47
28 40
27 47
33 39
33 38
35 42
8 45
19 28
13 44
34 36
13 51
35 39
56 59
9 45
21 24
25 47
49 55
12 53
13 47
8 54
45 47
49 58
47 50
12 52
1 5
49 57
19 22
49 56
28 42
29 31
30 42
8 11
1 59
5 7
33 35
52 55
4 7
1 55
23 47
29 43
47 49
35 38
48 59
27 45
11 45
24 47
29 32
1 7
16 44
36 38
31 42
15 47
16 47
1 4
8 10
