0 1
1 2
2 3
3 4
4 5
5 6
6 7
7 8
8 9
9 10
10 11
11 12
12 13
13 14
14 15
15 16
16 17
17 18
18 19
19 20
20 21
21 22
22 23
23 24
24 25
25 26
26 27
27 28
28 29
29 30
30 31
31 32
32 33
33 34
34 35
35 36
36 37
37 38
38 39
39 40
40 41
41 42
42 43
43 44
44 45
45 46
46 47
47 48
48 49
49 50
50 51
51 52
52 53
53 54
54 55
55 56
56 57
57 58
58 59
59 0
25 47
45 52
5 30
38 57
4 22
23 56
5 10
3 34
25 54
3 23
22 28
23 25
11 19
34 44
12 19
5 31
3 5
6 15
30 47
6 20
30 45
0 58
7 13
48 50
46 51
44 54
30 44
38 41
5 34
27 30
35 39
50 52
2 58
27 47
39 41
7 11
31 44
2 37
12 16
25 52
10 20
56 59
39 44
1 59
4 21
40 44
21 29
25 55
7 14
36 38
25 27
38 43
40 43
3 56
25 56
5 8
2 38
24 27
8 11
27 29
47 52
1 56
44 52
35 37
32 34
52 54
38 56
54 56
17 19
34 39
38 54
1 3
7 15
46 49
0 2
15 20
20 29
5 29
13 16
46 50
22 24
31 33
47 49
16 18
6 29
25 53
22 27
3 35
2 57
16 19
5 9
15 19
38 42
33 44
6 8
30 46
15 18
31 34
56 58
41 43
13 15
24 26
45 51
4 10
10 21
9 11
21 28
3 22
47 50
11 20
3 37
7 12
35 38
43 54
0 1
1 2
2 3
3 4
4 5
5 6
6 7
7 8
8 9
9 10
10 11
11 12
12 13
13 14
14 15
15 16
16 17
17 18
18 19
19 20
20 21
21 22
22 23
23 24
24 25
25 26
26 27
27 28
28 29
29 30
30 31
31 32
32 33
33 34
34 35
35 36
36 37
37 38
38 39
39 40
40 41
41 42
42 43
43 44
44 45
45 46
46 47
47 48
48 49
49 50
50 51
51 52
52 53
53 54
54 55
55 56
56 57
57 58
58 59
59 0
49 59
19 32
29 40
39 58
35 59
19 24
16 41
8 15
8 13
26 40
0 5
21 30
14 47
41 58
52 57
1 13
51 58
33 39
48 59
46 52
18 35
16 44
6 17
11 14
29 39
23 29
44 47
48 52
36 58
8 12
28 40
18 34
46 48
19 21
40 58
19 41
45 53
35 58
55 58
26 29
1 8
30 39
46 53
42 45
18 59
5 18
4 7
2 5
45 54
20 32
38 58
54 57
54 58
8 16
14 44
37 39
18 41
33 37
0 48
18 33
37 58
34 36
2 7
2 4
41 45
9 12
45 47
0 14
5 7
16 43
12 14
8 14
22 30
32 39
0 18
55 57
42 44
1 7
1 14
6 16
19 25
19 40
50 58
17 41
9 14
51 57
3 7
6 18
21 23
53 57
19 23
1 5
21 32
34 37
50 59
0 47
25 29
26 28
49 51
23 30
21 31
19 33
15 44
25 40
16 42
24 29
27 40
10 14
31 39
49 52
7 16
10 12
41 54
