0 1
1 2
2 3
3 4
4 5
5 6
6 7
7 8
8 9
9 10
10 11
11 12
12 13
13 14
14 15
15 16
16 17
17 18
18 19
19 20
20 21
21 22
22 23
23 24
24 25
25 26
26 27
27 28
28 29
29 30
30 31
31 32
32 33
33 34
34 35
35 36
36 37
37 38
38 39
39 40
40 41
41 42
42 43
43 44
44 45
45 46
46 47
47 48
48 49
49 50
50 51
51 52
52 53
53 54
54 55
55 56
56 57
57 58
58 59
59 0
10 55
3 23
37 46
17 24
13 42
33 40
37 45
27 42
13 25
33 42
9 55
36 55
12 50
37 50
37 51
31 55
15 18
14 23
24 31
13 44
38 41
0 6
55 58
6 8
51 55
38 43
33 38
28 31
2 58
0 58
40 42
25 31
3 8
45 47
51 53
8 56
37 47
13 17
29 33
3 14
0 4
37 43
50 52
0 8
1 59
36 38
32 35
11 55
10 13
3 24
15 21
42 44
15 22
17 23
31 36
12 55
8 55
51 54
19 21
3 6
53 55
17 22
14 17
8 57
17 21
24 55
38 42
33 39
43 45
47 49
10 14
15 19
13 49
4 6
35 38
30 33
52 55
8 58
0 5
12 52
37 55
55 57
28 30
0 2
45 48
31 35
10 12
31 33
13 45
25 42
1 58
8 10
26 42
13 24
24 58
17 20
27 33
27 31
0 7
2 4
34 38
38 40
3 10
17 19
15 23
37 49
32 34
26 31
15 17
13 48
14 16
2 24
12 49
27 29

0 1
1 2
2 3
3 4
4 5
5 6
6 7
7 8
8 9
9 10
10 11
11 12
12 13
13 14
14 15
15 16
16 17
17 18
18 19
19 20
20 21
21 22
22 23
23 24
24 25
25 26
26 27
27 28
28 29
29 30
30 31
31 32
32 33
33 34
34 35
35 36
36 37
37 38
38 39
39 40
40 41
41 42
42 43
43 44
44 45
45 46
46 47
47 48
48 49
49 50
50 51
51 52
52 53
53 54
54 55
55 56
56 57
57 58
58 59
59 0
37 54
14 24
11 53
23 58
27 45
43 51
6 55
8 13
4 14
3 22
5 14
48 53
26 57
3 17
16 20
30 43
25 27
25 46
27 32
27 55
22 24
5 7
43 53
9 12
33 37
14 21
30 36
46 49
11 47
13 47
3 15
36 42
43 50
3 58
37 41
44 46
32 54
30 45
5 13
9 13
39 43
3 16
14 22
34 37
4 57
50 53
6 54
43 49
27 57
33 54
39 42
46 48
30 42
4 55
43 54
8 11
33 36
39 41
44 49
8 54
24 47
3 59
0 57
0 3
2 57
1 57
9 11
49 53
4 15
22 58
16 21
27 46
16 19
37 39
27 56
14 47
23 26
26 58
20 22
11 13
18 20
35 37
11 48
57 59
28 45
38 54
30 44
4 56
3 57
36 41
34 36
43 52
32 55
5 8
3 18
8 53
39 54
29 32
18 22
1 3
28 32
7 54
24 46
29 31
23 25
37 40
5 55
32 36
29 45
30 32
16 18
