0 1
1 2
2 3
3 4
4 5
5 6
6 7
7 8
8 9
9 10
10 11
11 12
12 13
13 14
14 15
15 16
16 17
17 18
18 19
19 20
20 21
21 22
22 23
23 24
24 25
25 26
26 27
27 28
28 29
29 30
30 31
31 32
32 33
33 34
34 35
35 36
36 37
37 38
38 39
39 40
40 41
41 42
42 43
43 44
44 45
45 46
46 47
47 48
48 49
49 50
50 51
51 52
52 53
53 54
54 55
55 56
56 57
57 58
58 59
59 0
23 49
15 58
1 55
1 28
4 8
49 55
24 28
3 8
3 21
46 51
13 16
30 39
28 52
37 48
12 16
4 10
51 53
30 35
38 47
18 56
4 14
8 16
21 28
26 49
39 44
8 21
26 37
2 58
10 12
42 52
44 47
3 5
10 14
32 36
1 56
45 52
29 39
3 15
18 20
18 55
11 13
29 32
26 32
17 20
51 55
41 52
52 55
34 36
16 20
39 41
21 55
2 15
0 56
0 58
29 40
19 55
23 28
6 8
47 50
18 57
10 16
35 37
1 58
4 6
26 28
37 47
39 47
32 35
43 52
4 7
35 39
8 10
3 28
57 59
41 44
37 39
26 36
15 18
4 9
49 51
41 43
26 48
20 55
44 52
48 50
4 15
23 55
51 54
28 41
29 41
46 52
1 3
27 32
8 20
0 57
10 13
33 35
15 17
21 23
45 47
15 57
29 31
25 28
33 36
28 55
46 50
27 29
52 54
14 16
31 35
3 6
24 26
22 55
24 49
0 1
1 2
2 3
3 4
4 5
5 6
6 7
7 8
8 9
9 10
10 11
11 12
12 13
13 14
14 15
15 16
16 17
17 18
18 19
19 20
20 21
21 22
22 23
23 24
24 25
25 26
26 27
27 28
28 29
29 30
30 31
31 32
32 33
33 34
34 35
35 36
36 37
37 38
38 39
39 40
40 41
41 42
42 43
43 44
44 45
45 46
46 47
47 48
48 49
49 50
50 51
51 52
52 53
53 54
54 55
55 56
56 57
57 58
58 59
59 0
5 53
44 53
9 21
36 54
14 31
28 44
14 17
28 37
26 47
1 6
21 47
10 36
20 30
39 53
20 22
9 54
2 57
5 55
11 21
31 36
26 45
2 56
46 48
6 21
36 53
2 55
1 9
23 29
43 53
21 50
2 6
11 31
1 54
15 19
6 53
30 37
21 49
48 51
31 33
37 53
15 21
30 36
30 34
53 55
12 31
11 14
30 33
23 26
20 23
21 51
37 40
0 55
2 4
20 29
47 49
1 8
44 51
29 37
21 25
11 15
56 59
32 34
17 19
12 14
56 58
23 25
19 21
26 44
14 19
31 34
40 42
6 51
9 36
37 42
37 44
2 59
6 52
16 18
42 44
44 48
13 31
2 5
55 59
1 7
38 40
0 54
20 31
3 55
26 29
11 36
7 9
1 59
22 25
40 43
4 55
10 21
44 46
38 53
14 20
26 46
40 53
16 19
7 21
37 41
22 24
21 26
27 44
