0 1
1 2
2 3
3 4
4 5
5 6
6 7
7 8
8 9
9 10
10 11
11 12
12 13
13 14
14 15
15 16
16 17
17 18
18 19
19 20
20 21
21 22
22 23
23 24
24 25
25 26
26 27
27 28
28 29
29 30
30 31
31 32
32 33
33 34
34 35
35 36
36 37
37 38
38 39
39 40
40 41
41 42
42 43
43 44
44 45
45 46
46 47
47 48
48 49
49 50
50 51
51 52
52 53
53 54
54 55
55 56
56 57
57 58
58 59
59 0
14 53
2 8
15 55
43 53
29 44
15 37
15 26
18 28
32 36
29 34
27 36
16 28
32 39
16 53
29 49
12 59
32 37
15 21
43 50
56 58
54 56
9 56
0 4
12 56
38 43
7 12
48 50
15 53
0 6
31 39
22 26
37 39
17 19
8 56
16 51
31 43
23 25
12 55
19 26
16 54
9 12
38 41
43 45
10 55
47 49
27 34
9 11
12 14
40 43
43 46
43 48
13 15
4 7
29 51
29 32
30 44
46 48
2 59
2 58
8 12
14 54
49 51
17 28
45 49
19 28
26 37
15 19
10 12
28 34
5 7
19 24
37 43
50 52
4 8
27 37
0 7
45 47
43 52
29 33
30 32
15 54
13 55
28 51
0 5
21 23
38 40
15 17
26 28
19 21
34 36
32 34
51 53
41 43
0 2
21 26
39 43
2 56
21 24
12 57
2 4
19 25
38 42
23 26
37 53
29 45
31 44
9 55
20 24
14 56
3 8
1 4
12 58
0 12
27 35

0 1
1 2
2 3
3 4
4 5
5 6
6 7
7 8
8 9
9 10
10 11
11 12
12 13
13 14
14 15
15 16
16 17
17 18
18 19
19 20
20 21
21 22
22 23
23 24
24 25
25 26
26 27
27 28
28 29
29 30
30 31
31 32
32 33
33 34
34 35
35 36
36 37
37 38
38 39
39 40
40 41
41 42
42 43
43 44
44 45
45 46
46 47
47 48
48 49
49 50
50 51
51 52
52 53
53 54
54 55
55 56
56 57
57 58
58 59
59 0
26 47
24 54
16 56
13 59
15 23
46 59
25 27
7 56
1 9
42 44
15 24
52 56
1 56
19 23
33 41
27 32
27 44
26 52
7 9
29 42
26 41
16 19
29 36
14 44
47 59
12 16
29 41
17 22
51 58
47 52
34 39
5 8
45 59
30 36
27 29
33 36
29 40
16 55
20 22
0 56
13 16
1 5
31 36
18 20
14 25
10 56
27 30
0 13
28 30
24 26
1 3
48 51
53 55
14 24
16 23
11 16
13 45
29 43
25 44
22 55
52 54
4 9
24 52
33 40
16 18
1 12
5 56
26 44
14 16
3 9
7 10
48 52
47 50
13 44
10 16
27 41
44 47
34 37
33 39
29 38
51 57
26 42
53 56
34 38
24 55
6 8
31 33
1 10
35 37
33 35
23 55
1 13
44 46
56 59
27 31
32 41
36 38
27 43
52 57
50 58
17 55
17 20
2 5
50 59
17 21
6 56
57 59
19 22
1 11
3 5
5 9
29 39
