0 1
1 2
2 3
3 4
4 5
5 6
6 7
7 8
8 9
9 10
10 11
11 12
12 13
13 14
14 15
15 16
16 17
17 18
18 19
19 20
20 21
21 22
22 23
23 24
24 25
25 26
26 27
27 28
28 29
29 30
30 31
31 32
32 33
33 34
34 35
35 36
36 37
37 38
38 39
39 40
40 41
41 42
42 43
43 44
44 45
45 46
46 47
47 48
48 49
49 50
50 51
51 52
52 53
53 54
54 55
55 56
56 57
57 58
58 59
59 0
41 57
2 12
5 29
29 53
10 15
9 17
37 57
3 9
4 30
16 25
40 57
30 42
9 18
33 58
1 29
18 24
20 22
42 49
4 58
33 39
49 55
4 59
29 49
9 20
32 42
22 27
14 28
20 27
42 47
9 12
7 9
6 29
2 59
30 45
43 47
51 53
42 45
33 57
33 37
50 52
2 13
9 16
3 5
22 25
0 53
7 28
13 29
54 56
40 42
5 8
16 26
22 26
30 32
54 59
56 59
11 14
10 16
41 56
16 24
31 42
19 24
20 24
14 16
5 7
6 28
20 28
36 39
29 47
33 40
42 44
37 40
53 55
11 13
29 46
30 58
30 46
14 27
2 4
41 49
37 39
16 27
1 53
57 59
34 39
30 33
22 24
13 28
10 12
47 49
41 55
16 18
29 50
21 27
49 52
4 29
36 38
49 53
3 12
11 15
20 23
50 53
0 2
5 9
33 42
2 29
35 39
0 54
42 48
9 19
33 36
33 35
45 47
43 45
9 28
0 1
1 2
2 3
3 4
4 5
5 6
6 7
7 8
8 9
9 10
10 11
11 12
12 13
13 14
14 15
15 16
16 17
17 18
18 19
19 20
20 21
21 22
22 23
23 24
24 25
25 26
26 27
27 28
28 29
29 30
30 31
31 32
32 33
33 34
34 35
35 36
36 37
37 38
38 39
39 40
40 41
41 42
42 43
43 44
44 45
45 46
46 47
47 48
48 49
49 50
50 51
51 52
52 53
53 54
54 55
55 56
56 57
57 58
58 59
59 0
7 13
13 42
1 13
24 58
39 57
12 57
25 41
2 7
1 5
5 59
48 57
52 56
13 44
14 20
29 31
41 44
9 13
25 30
6 59
13 59
31 34
18 22
31 57
28 57
13 54
13 25
15 17
34 57
24 26
44 57
2 5
47 51
25 31
28 58
46 51
1 4
25 39
15 20
45 53
26 30
25 40
34 36
25 34
26 28
7 58
18 21
14 18
46 48
27 29
14 58
10 57
55 57
10 58
13 58
25 37
45 54
13 23
9 58
13 43
12 54
32 57
7 59
25 38
39 44
53 56
35 38
26 29
14 24
45 52
21 24
35 57
0 13
49 51
35 37
13 24
34 37
15 19
1 7
51 57
28 31
1 3
13 41
49 57
2 6
10 13
31 33
14 21
46 57
8 13
14 22
54 57
21 23
41 43
11 57
1 59
47 50
32 34
16 19
14 23
40 44
51 56
13 45
14 17
17 19
18 20
45 51
24 28
8 58
48 50
38 57
44 46
