0 1
1 2
2 3
3 4
4 5
5 6
6 7
7 8
8 9
9 10
10 11
11 12
12 13
13 14
14 15
15 16
16 17
17 18
18 19
19 20
20 21
21 22
22 23
23 24
24 25
25 26
26 27
27 28
28 29
29 30
30 31
31 32
32 33
33 34
34 35
35 36
36 37
37 38
38 39
39 40
40 41
41 42
42 43
43 44
44 45
45 46
46 47
47 48
48 49
49 50
50 51
51 52
52 53
53 54
54 55
55 56
56 57
57 58
58 59
59 0
5 20
20 42
26 58
11 45
47 49
35 56
11 44
30 56
38 53
28 40
3 53
22 41
6 51
25 28
53 56
4 21
11 47
35 37
37 56
55 58
30 33
14 16
1 58
12 17
20 22
11 43
21 59
22 58
45 48
10 20
10 14
41 51
19 42
12 16
4 52
53 58
34 37
5 51
5 8
26 28
31 34
14 18
8 10
30 39
10 51
23 25
25 41
27 56
41 52
33 56
8 20
56 58
28 56
6 9
11 50
2 59
27 58
44 48
32 34
43 51
22 42
11 46
24 41
40 53
34 39
38 56
38 40
42 51
30 32
15 18
4 51
34 36
34 38
43 50
11 49
3 59
18 42
30 40
55 57
48 50
1 59
3 58
6 10
12 42
3 21
29 56
40 52
14 19
0 58
54 56
5 21
25 40
10 50
29 40
46 48
13 16
22 24
21 58
10 13
22 26
14 20
23 26
30 34
44 50
11 42
12 18
10 12
4 53
33 35
5 7
6 8
2 58
16 18
54 58

0 1
1 2
2 3
3 4
4 5
5 6
6 7
7 8
8 9
9 10
10 11
11 12
12 13
13 14
14 15
15 16
16 17
17 18
18 19
19 20
20 21
21 22
22 23
23 24
24 25
25 26
26 27
27 28
28 29
29 30
30 31
31 32
32 33
33 34
34 35
35 36
36 37
37 38
38 39
39 40
40 41
41 42
42 43
43 44
44 45
45 46
46 47
47 48
48 49
49 50
50 51
51 52
52 53
53 54
54 55
55 56
56 57
57 58
58 59
59 0
23 44
15 28
39 58
2 12
50 53
8 18
21 27
54 59
18 49
18 50
17 27
4 59
28 39
30 42
12 14
40 58
15 59
6 54
29 44
28 58
32 42
42 58
8 13
4 54
23 49
14 59
3 6
51 54
17 20
51 53
30 38
50 55
15 58
32 40
43 56
8 51
33 37
55 59
18 20
29 38
7 12
23 28
53 55
28 44
42 56
46 50
45 55
46 49
33 38
52 54
8 11
4 6
7 9
30 43
13 17
0 12
24 28
31 33
30 37
1 12
29 39
23 47
16 27
17 21
9 11
56 59
20 23
45 56
21 23
21 26
41 58
0 3
19 49
23 45
40 42
32 39
6 12
15 27
15 17
31 37
0 4
25 27
21 25
9 12
24 27
45 50
12 59
20 49
45 47
7 54
31 36
21 24
7 51
31 35
3 12
0 2
57 59
18 51
33 39
3 5
23 48
11 13
13 18
33 36
44 56
14 17
31 42
30 44
42 57
