0 1
1 2
2 3
3 4
4 5
5 6
6 7
7 8
8 9
9 10
10 11
11 12
12 13
13 14
14 15
15 16
16 17
17 18
18 19
19 20
20 21
21 22
22 23
23 24
24 25
25 26
26 27
27 28
28 29
29 30
30 31
31 32
32 33
33 34
34 35
35 36
36 37
37 38
38 39
39 40
40 41
41 42
42 43
43 44
44 45
45 46
46 47
47 48
48 49
49 50
50 51
51 52
52 53
53 54
54 55
55 56
56 57
57 58
58 59
59 0
39 56
1 21
37 55
33 39
10 55
0 2
55 57
43 55
1 22
10 26
1 32
33 58
40 49
47 55
39 54
8 21
35 37
49 53
15 19
32 37
10 30
39 55
10 29
19 22
24 27
22 28
40 51
38 54
16 19
41 49
15 26
15 17
8 12
51 54
5 58
16 25
13 19
6 58
14 19
46 48
32 59
48 54
13 26
42 49
4 58
6 55
19 21
3 8
38 55
28 32
20 22
33 56
43 47
1 28
40 50
1 59
46 49
25 27
34 39
29 31
2 21
41 55
40 55
8 19
47 54
10 13
12 19
5 8
41 43
4 59
10 32
26 28
42 46
50 53
6 10
10 12
33 35
17 19
9 12
34 36
13 15
22 25
16 26
34 37
34 38
23 27
42 44
55 58
32 58
40 54
19 25
2 8
4 8
6 9
44 46
42 45
10 31
16 18
0 4
51 53
11 13
44 47
48 53
50 52
56 58
23 25
10 37
0 3
28 31
32 35
22 27
10 28
6 8
5 7
0 1
1 2
2 3
3 4
4 5
5 6
6 7
7 8
8 9
9 10
10 11
11 12
12 13
13 14
14 15
15 16
16 17
17 18
18 19
19 20
20 21
21 22
22 23
23 24
24 25
25 26
26 27
27 28
28 29
29 30
30 31
31 32
32 33
33 34
34 35
35 36
36 37
37 38
38 39
39 40
40 41
41 42
42 43
43 44
44 45
45 46
46 47
47 48
48 49
49 50
50 51
51 52
52 53
53 54
54 55
55 56
56 57
57 58
58 59
59 0
23 50
8 58
43 52
43 49
28 44
4 51
43 54
26 47
22 56
25 36
24 50
21 51
25 50
1 55
16 57
30 34
26 49
10 17
22 51
37 39
43 56
38 56
28 34
37 56
6 20
1 56
30 37
31 36
26 48
4 7
12 17
8 13
29 37
28 45
43 46
3 52
26 50
29 39
18 57
23 56
24 56
2 54
31 35
12 14
21 56
26 45
10 20
8 11
7 10
29 34
42 56
28 39
20 57
2 7
15 58
8 59
4 6
0 7
38 42
26 35
15 57
5 20
14 16
2 53
39 43
2 4
26 46
36 56
30 33
14 58
19 57
1 57
2 52
25 35
27 34
25 56
27 45
10 18
30 32
52 54
11 17
13 58
39 44
1 7
54 56
3 51
0 57
43 50
5 51
1 54
31 34
0 58
0 8
47 49
38 41
27 35
20 51
39 41
7 20
18 20
9 11
43 45
31 33
39 42
40 42
7 9
12 16
30 36
23 51
21 57
17 57
43 51
