0 1
1 2
2 3
3 4
4 5
5 6
6 7
7 8
8 9
9 10
10 11
11 12
12 13
13 14
14 15
15 16
16 17
17 18
18 19
19 20
20 21
21 22
22 23
23 24
24 25
25 26
26 27
27 28
28 29
29 30
30 31
31 32
32 33
33 34
34 35
35 36
36 37
37 38
38 39
39 40
40 41
41 42
42 43
43 44
44 45
45 46
46 47
47 48
48 49
49 50
50 51
51 52
52 53
53 54
54 55
55 56
56 57
57 58
58 59
59 0
29 58
34 55
1 23
44 55
51 58
6 31
12 19
34 42
1 48
34 45
11 13
6 18
38 43
3 33
3 5
10 15
53 57
48 54
3 47
21 29
4 18
13 15
48 50
22 29
25 29
34 47
29 31
3 20
31 58
20 23
9 15
23 25
44 54
38 42
10 14
37 42
50 53
9 19
0 29
0 25
54 56
21 23
38 45
39 41
22 26
0 58
25 27
37 39
8 31
1 59
42 44
46 48
15 18
46 54
6 32
33 58
10 12
1 3
8 29
38 40
12 18
9 29
6 9
26 28
3 6
30 58
27 29
4 6
38 41
22 24
6 17
54 57
24 26
38 44
52 57
50 54
22 28
56 58
34 56
1 58
3 18
50 52
49 58
42 55
35 45
2 47
11 14
45 54
51 57
2 48
16 18
1 20
6 8
31 33
35 38
34 58
0 23
6 16
10 19
6 15
3 32
36 42
37 41
19 29
1 49
35 37
3 19
12 15
33 47
19 21
50 58
7 9
45 47
35 42
0 1
1 2
2 3
3 4
4 5
5 6
6 7
7 8
8 9
9 10
10 11
11 12
12 13
13 14
14 15
15 16
16 17
17 18
18 19
19 20
20 21
21 22
22 23
23 24
24 25
25 26
26 27
27 28
28 29
29 30
30 31
31 32
32 33
33 34
34 35
35 36
36 37
37 38
38 39
39 40
40 41
41 42
42 43
43 44
44 45
45 46
46 47
47 48
48 49
49 50
50 51
51 52
52 53
53 54
54 55
55 56
56 57
57 58
58 59
59 0
36 55
10 24
40 47
2 13
30 48
29 54
19 24
0 9
41 45
1 21
8 11
24 58
34 38
23 30
30 56
36 41
41 46
30 57
2 11
22 57
48 53
44 51
30 54
17 19
41 53
8 10
28 58
17 24
49 52
1 19
9 58
40 46
1 16
1 9
28 55
12 24
24 29
30 34
55 58
32 38
47 49
1 13
2 9
0 57
31 38
30 55
46 49
48 52
51 53
41 43
29 55
30 53
38 47
34 36
24 27
43 53
30 36
11 24
45 49
23 57
27 58
57 59
12 16
0 21
5 9
26 58
31 48
32 34
2 6
12 14
36 54
19 23
42 45
3 9
30 33
2 8
44 50
5 7
36 39
43 51
36 38
49 51
1 14
36 53
36 40
18 24
24 28
1 17
2 7
23 29
0 22
2 4
30 35
2 12
9 59
19 22
1 15
25 58
14 16
39 47
4 9
44 49
30 32
12 17
43 45
20 22
31 47
5 8
10 58
55 57
2 5
34 37
