0 1
1 2
2 3
3 4
4 5
5 6
6 7
7 8
8 9
9 10
10 11
11 12
12 13
13 14
14 15
15 16
16 17
17 18
18 19
19 20
20 21
21 22
22 23
23 24
24 25
25 26
26 27
27 28
28 29
29 30
30 31
31 32
32 33
33 34
34 35
35 36
36 37
37 38
38 39
39 40
40 41
41 42
42 43
43 44
44 45
45 46
46 47
47 48
48 49
49 50
50 51
51 52
52 53
53 54
54 55
55 56
56 57
57 58
58 59
59 0
20 41
2 59
18 26
37 58
11 51
55 58
11 19
42 51
1 31
43 48
44 55
22 24
45 49
45 48
39 43
14 29
9 29
6 30
26 30
0 32
11 59
36 39
0 34
57 59
4 11
14 17
55 57
44 48
34 39
4 31
34 58
21 25
19 42
0 58
11 15
38 44
6 9
22 33
52 57
19 41
17 26
50 54
52 56
6 10
22 40
6 11
12 29
4 59
22 41
14 16
11 13
35 37
22 30
7 9
23 26
23 25
35 39
49 54
20 22
40 42
14 26
22 39
1 4
22 34
20 26
26 29
14 27
9 30
54 56
1 32
43 49
7 10
47 49
11 52
22 31
38 55
11 14
37 55
52 59
13 29
35 58
1 59
15 17
11 42
2 4
45 55
10 29
42 50
39 42
6 8
5 31
5 11
27 29
36 38
21 24
23 30
11 29
46 49
11 17
31 33
20 25
39 44
53 56
50 52
52 54
46 48
0 33
3 59
26 28
17 19
6 31
45 54
42 49
19 26

0 1
1 2
2 3
3 4
4 5
5 6
6 7
7 8
8 9
9 10
10 11
11 12
12 13
13 14
14 15
15 16
16 17
17 18
18 19
19 20
20 21
21 22
22 23
23 24
24 25
25 26
26 27
27 28
28 29
29 30
30 31
31 32
32 33
33 34
34 35
35 36
36 37
37 38
38 39
39 40
40 41
41 42
42 43
43 44
44 45
45 46
46 47
47 48
48 49
49 50
50 51
51 52
52 53
53 54
54 55
55 56
56 57
57 58
58 59
59 0
4 32
3 38
31 50
40 54
22 50
28 31
7 58
10 20
13 20
33 39
11 56
1 56
26 50
6 21
12 54
31 46
12 18
12 52
46 53
5 25
2 58
12 19
2 7
20 50
31 49
33 46
2 39
32 35
31 47
1 39
39 45
9 57
46 50
34 36
25 31
34 37
43 54
39 54
3 7
3 32
30 50
26 31
5 23
40 44
39 46
28 30
16 20
12 17
32 36
9 56
25 32
7 21
0 57
10 21
7 57
4 6
27 31
43 45
1 57
42 54
15 20
13 16
33 38
8 21
24 26
11 54
21 50
14 20
5 22
12 50
6 22
16 19
43 53
34 38
3 37
1 54
12 16
46 52
23 50
46 51
40 43
10 56
12 53
1 55
29 31
4 25
28 50
32 37
3 6
33 35
13 15
10 12
2 38
24 50
27 50
40 45
9 21
32 46
12 51
10 13
11 55
31 48
41 54
19 50
8 57
1 58
47 50
16 18
5 24
48 50
41 43
45 53
