0 1
1 2
2 3
3 4
4 5
5 6
6 7
7 8
8 9
9 10
10 11
11 12
12 13
13 14
14 15
15 16
16 17
17 18
18 19
19 20
20 21
21 22
22 23
23 24
24 25
25 26
26 27
27 28
28 29
29 30
30 31
31 32
32 33
33 34
34 35
35 36
36 37
37 38
38 39
39 40
40 41
41 42
42 43
43 44
44 45
45 46
46 47
47 48
48 49
49 50
50 51
51 52
52 53
53 54
54 55
55 56
56 57
57 58
58 59
59 0
17 40
4 14
9 48
4 56
0 49
32 41
10 32
4 40
34 36
16 26
26 34
38 40
2 8
4 11
11 30
9 46
51 56
25 34
27 30
32 38
43 51
2 59
20 40
4 42
14 17
48 51
44 46
26 28
20 24
17 26
22 26
50 55
36 40
41 43
9 11
12 16
0 48
36 38
9 43
49 55
52 55
2 4
45 47
32 37
32 34
13 16
10 41
20 22
32 36
18 26
3 7
1 8
45 51
25 36
5 7
26 29
4 41
22 25
27 29
4 58
5 9
12 29
19 40
33 35
48 50
50 53
0 55
0 9
53 55
3 8
39 41
5 8
27 31
15 17
50 52
18 20
21 24
52 54
12 30
4 9
10 30
4 17
11 14
20 25
43 46
57 59
3 5
18 40
43 56
56 59
11 13
1 59
21 23
10 43
46 48
6 8
55 59
1 9
26 31
33 36
4 59
26 32
12 26
32 39
30 32
18 22
20 36
47 51
14 16
52 56
44 51
42 56
56 58
22 24

0 1
1 2
2 3
3 4
4 5
5 6
6 7
7 8
8 9
9 10
10 11
11 12
12 13
13 14
14 15
15 16
16 17
17 18
18 19
19 20
20 21
21 22
22 23
23 24
24 25
25 26
26 27
27 28
28 29
29 30
30 31
31 32
32 33
33 34
34 35
35 36
36 37
37 38
38 39
39 40
40 41
41 42
42 43
43 44
44 45
45 46
46 47
47 48
48 49
49 50
50 51
51 52
52 53
53 54
54 55
55 56
56 57
57 58
58 59
59 0
27 33
14 59
1 21
35 58
20 32
26 51
4 10
24 28
10 17
49 53
34 49
29 31
40 58
33 58
39 47
16 19
1 5
44 47
46 57
23 31
2 13
1 3
33 59
30 33
51 54
26 58
35 39
23 32
41 46
15 19
46 58
5 10
6 17
19 32
23 58
1 14
5 21
39 42
27 49
20 23
3 12
37 58
7 10
17 19
47 57
19 33
11 15
49 52
54 56
48 53
49 51
0 22
3 11
26 50
55 57
54 57
39 58
3 10
23 59
24 29
26 57
24 31
29 33
28 33
53 56
47 56
19 59
19 21
6 9
34 39
24 26
7 17
42 45
40 42
7 9
1 13
36 39
0 14
27 34
6 19
27 50
39 43
48 56
8 10
41 45
34 48
24 27
34 58
39 48
16 18
23 26
14 19
0 23
26 54
43 45
36 58
1 22
2 12
1 4
23 25
13 15
31 33
43 47
12 15
11 16
11 17
38 58
5 19
6 10
37 39
51 53
40 46
