0 1
1 2
2 3
3 4
4 5
5 6
6 7
7 8
8 9
9 10
10 11
11 12
12 13
13 14
14 15
15 16
16 17
17 18
18 19
19 20
20 21
21 22
22 23
23 24
24 25
25 26
26 27
27 28
28 29
29 30
30 31
31 32
32 33
33 34
34 35
35 36
36 37
37 38
38 39
39 40
40 41
41 42
42 43
43 44
44 45
45 46
46 47
47 48
48 49
49 50
50 51
51 52
52 53
53 54
54 55
55 56
56 57
57 58
58 59
59 0
5 53
18 53
34 59
19 30
1 33
33 39
21 29
39 53
37 42
13 33
14 33
20 28
19 29
1 56
34 42
1 53
23 29
34 57
1 8
15 32
42 52
45 49
44 47
44 52
2 7
41 53
34 58
7 10
9 33
21 53
26 29
39 42
8 33
45 52
6 53
14 53
3 53
8 10
54 56
42 47
20 22
34 47
35 42
33 37
24 26
29 31
34 48
20 29
7 53
50 57
40 53
9 11
31 53
51 56
52 55
7 13
33 35
20 25
19 32
36 42
33 53
20 26
11 33
11 13
2 5
33 38
20 24
22 29
5 7
18 32
0 56
57 59
49 52
49 51
49 57
14 18
14 16
52 54
7 11
0 34
13 53
1 34
1 54
27 29
19 21
37 39
31 33
1 7
3 5
26 28
15 17
1 3
18 21
42 44
23 26
35 37
51 57
15 18
0 57
7 12
40 42
41 52
46 48
44 46
4 53
43 47
30 32
15 33
48 57
46 49
29 53
51 55
22 24
16 18

0 1
1 2
2 3
3 4
4 5
5 6
6 7
7 8
8 9
9 10
10 11
11 12
12 13
13 14
14 15
15 16
16 17
17 18
18 19
19 20
20 21
21 22
22 23
23 24
24 25
25 26
26 27
27 28
28 29
29 30
30 31
31 32
32 33
33 34
34 35
35 36
36 37
37 38
38 39
39 40
40 41
41 42
42 43
43 44
44 45
45 46
46 47
47 48
48 49
49 50
50 51
51 52
52 53
53 54
54 55
55 56
56 57
57 58
58 59
59 0
14 57
40 44
13 35
0 44
3 41
5 35
45 48
18 34
27 54
37 53
21 28
23 56
45 50
20 32
11 14
2 11
17 35
32 34
39 45
4 39
30 37
3 42
12 35
52 57
23 54
53 55
39 50
1 59
10 12
51 53
0 52
5 8
53 56
44 51
18 35
27 53
4 35
23 55
4 38
14 23
11 59
2 8
19 34
23 28
48 50
1 43
36 38
41 44
32 36
2 4
11 58
13 17
18 22
16 23
19 22
0 43
46 51
29 37
39 41
6 12
32 37
7 9
25 27
46 50
11 57
12 14
47 50
50 53
52 56
21 30
18 23
45 47
38 50
40 45
2 43
2 42
31 37
17 23
14 56
0 58
1 11
0 51
25 28
20 31
24 27
5 12
20 34
33 36
38 53
8 11
22 28
28 37
41 43
24 28
6 8
45 51
9 12
34 36
14 17
6 9
27 37
4 36
4 8
20 30
3 39
15 23
24 54
28 30
52 58
47 49
