0 1
1 2
2 3
3 4
4 5
5 6
6 7
7 8
8 9
9 10
10 11
11 12
12 13
13 14
14 15
15 16
16 17
17 18
18 19
19 20
20 21
21 22
22 23
23 24
24 25
25 26
26 27
27 28
28 29
29 30
30 31
31 32
32 33
33 34
34 35
35 36
36 37
37 38
38 39
39 40
40 41
41 42
42 43
43 44
44 45
45 46
46 47
47 48
48 49
49 50
50 51
51 52
52 53
53 54
54 55
55 56
56 57
57 58
58 59
59 0
39 56
34 55
14 58
33 56
7 28
10 18
27 33
0 34
5 9
46 48
43 54
15 56
6 34
48 54
25 56
39 42
1 3
34 58
34 54
4 11
23 28
12 16
10 12
15 23
18 28
51 54
0 4
36 44
36 43
0 5
52 54
35 47
35 52
11 59
36 38
6 8
1 5
42 56
12 14
33 36
22 28
36 56
27 56
38 42
15 18
30 33
38 41
37 42
36 47
6 31
12 15
12 17
44 48
44 46
36 39
4 10
15 25
8 10
24 28
5 8
14 59
25 28
16 18
13 59
21 28
7 18
32 34
48 52
6 32
43 56
28 31
43 55
45 47
49 54
6 28
29 33
44 47
50 54
15 20
34 57
50 52
15 57
35 54
3 5
2 5
18 20
14 57
5 10
35 48
30 32
40 42
0 11
19 28
36 42
8 18
20 23
5 34
44 54
0 3
19 21
21 23
23 25
0 58
35 53
26 56
12 18
27 29
49 52
38 40
34 56
26 28
33 35
11 13
28 30
0 1
1 2
2 3
3 4
4 5
5 6
6 7
7 8
8 9
9 10
10 11
11 12
12 13
13 14
14 15
15 16
16 17
17 18
18 19
19 20
20 21
21 22
22 23
23 24
24 25
25 26
26 27
27 28
28 29
29 30
30 31
31 32
32 33
33 34
34 35
35 36
36 37
37 38
38 39
39 40
40 41
41 42
42 43
43 44
44 45
45 46
46 47
47 48
48 49
49 50
50 51
51 52
52 53
53 54
54 55
55 56
56 57
57 58
58 59
59 0
21 26
34 41
35 55
3 54
14 47
9 48
9 27
5 56
14 26
38 55
26 31
25 33
26 32
8 30
40 43
20 47
38 54
19 26
14 20
4 56
23 42
22 26
26 33
37 40
30 55
40 54
3 49
0 54
49 51
45 51
23 34
2 56
39 54
10 13
32 55
4 48
45 52
47 50
44 52
7 56
2 54
37 55
26 30
20 22
10 27
14 17
0 2
42 45
4 9
24 34
4 7
2 58
20 26
43 52
12 27
33 55
40 52
13 26
6 56
11 27
0 57
54 57
40 53
56 58
3 51
10 14
3 56
3 53
16 19
34 40
20 42
51 53
14 16
16 20
22 24
9 47
14 18
3 48
8 56
57 59
42 46
1 59
24 26
26 29
9 14
36 40
15 17
37 39
23 41
55 57
27 30
24 33
13 27
4 8
42 47
17 19
5 7
8 55
45 50
18 26
41 43
9 30
48 50
31 55
36 55
1 58
43 45
46 50
22 42
34 36
