0 1
1 2
2 3
3 4
4 5
5 6
6 7
7 8
8 9
9 10
10 11
11 12
12 13
13 14
14 15
15 16
16 17
17 18
18 19
19 20
20 21
21 22
22 23
23 24
24 25
25 26
26 27
27 28
28 29
29 30
30 31
31 32
32 33
33 34
34 35
35 36
36 37
37 38
38 39
39 40
40 41
41 42
42 43
43 44
44 45
45 46
46 47
47 48
48 49
49 50
50 51
51 52
52 53
53 54
54 55
55 56
56 57
57 58
58 59
59 0
10 16
19 56
31 37
11 29
35 53
42 49
41 59
48 57
2 57
21 54
0 2
5 19
13 21
5 39
8 31
5 17
8 17
25 31
37 39
3 19
10 13
22 26
21 23
1 39
31 36
8 37
34 36
18 20
12 21
16 18
22 25
26 31
20 54
37 50
12 22
6 37
22 27
1 5
14 20
42 47
51 55
24 32
23 53
13 15
33 35
36 52
8 10
1 59
47 59
49 51
42 59
31 34
37 42
4 19
49 55
44 46
35 52
37 40
27 30
25 32
10 17
2 4
9 31
31 33
44 59
39 59
48 58
23 54
43 45
9 29
54 56
23 35
13 16
52 55
32 35
36 50
57 59
24 35
5 38
55 57
11 22
53 55
7 17
49 57
17 19
9 11
11 28
37 49
47 58
45 47
14 16
40 42
7 37
1 4
29 31
0 57
43 47
46 59
14 21
36 51
11 13
2 56
39 41
47 49
6 17
28 30
22 24
6 38
20 56
26 30
22 28
14 18
3 56
42 44
0 1
1 2
2 3
3 4
4 5
5 6
6 7
7 8
8 9
9 10
10 11
11 12
12 13
13 14
14 15
15 16
16 17
17 18
18 19
19 20
20 21
21 22
22 23
23 24
24 25
25 26
26 27
27 28
28 29
29 30
30 31
31 32
32 33
33 34
34 35
35 36
36 37
37 38
38 39
39 40
40 41
41 42
42 43
43 44
44 45
45 46
46 47
47 48
48 49
49 50
50 51
51 52
52 53
53 54
54 55
55 56
56 57
57 58
58 59
59 0
32 38
11 53
30 54
39 53
27 29
18 57
19 39
0 17
21 30
28 34
11 39
2 17
9 53
39 54
50 52
43 49
35 38
19 23
26 29
1 54
2 11
46 51
40 45
14 19
19 30
44 48
25 28
28 37
49 54
5 11
43 48
12 15
0 54
23 26
48 51
2 7
30 32
15 18
46 52
35 37
30 34
2 16
19 55
55 59
5 8
45 52
28 39
31 54
17 57
6 8
9 54
1 7
13 19
50 54
44 47
0 58
25 27
3 7
28 35
40 43
4 6
11 16
23 25
41 54
10 53
24 28
18 55
48 50
20 30
19 21
3 6
7 9
30 33
8 11
2 5
0 55
15 19
1 17
12 16
36 38
56 58
43 54
21 26
34 38
12 14
41 43
40 44
33 38
39 52
19 54
17 58
18 56
52 54
19 22
40 54
19 28
31 38
56 59
23 28
13 39
29 34
40 52
42 54
46 48
31 39
12 39
15 17
3 5
28 38
1 9
21 29
