0 1
1 2
2 3
3 4
4 5
5 6
6 7
7 8
8 9
9 10
10 11
11 12
12 13
13 14
14 15
15 16
16 17
17 18
18 19
19 20
20 21
21 22
22 23
23 24
24 25
25 26
26 27
27 28
28 29
29 30
30 31
31 32
32 33
33 34
34 35
35 36
36 37
37 38
38 39
39 40
40 41
41 42
42 43
43 44
44 45
45 46
46 47
47 48
48 49
49 50
50 51
51 52
52 53
53 54
54 55
55 56
56 57
57 58
58 59
59 0
52 56
15 24
7 51
33 41
44 58
11 35
25 34
18 59
5 8
23 33
11 15
25 28
52 55
7 38
47 56
30 33
18 23
0 4
50 56
12 24
42 45
30 34
24 28
41 46
7 41
16 18
8 15
7 54
33 58
20 23
48 50
52 54
25 29
3 58
18 22
16 20
3 5
9 11
6 54
42 58
5 59
12 25
5 54
12 14
24 29
16 23
18 58
16 24
46 49
19 21
41 45
8 18
44 56
11 25
35 39
16 19
38 41
8 17
24 26
5 18
44 57
23 29
45 47
18 33
1 3
8 36
0 5
8 37
30 32
54 57
54 56
2 58
38 40
33 40
19 22
11 34
35 40
1 4
29 31
51 53
43 45
29 33
20 22
51 54
12 15
5 7
29 34
36 39
43 58
9 36
46 50
11 13
11 36
2 59
34 40
41 50
7 37
48 56
50 52
8 10
44 47
37 39
29 32
3 54
0 2
46 48
10 15
11 14
24 27
7 50
25 27
15 17
54 58
41 58
0 1
1 2
2 3
3 4
4 5
5 6
6 7
7 8
8 9
9 10
10 11
11 12
12 13
13 14
14 15
15 16
16 17
17 18
18 19
19 20
20 21
21 22
22 23
23 24
24 25
25 26
26 27
27 28
28 29
29 30
30 31
31 32
32 33
33 34
34 35
35 36
36 37
37 38
38 39
39 40
40 41
41 42
42 43
43 44
44 45
45 46
46 47
47 48
48 49
49 50
50 51
51 52
52 53
53 54
54 55
55 56
56 57
57 58
58 59
59 0
25 58
24 54
28 43
17 25
44 50
0 13
32 46
21 57
51 57
17 24
43 54
31 49
8 57
39 46
47 50
31 37
4 9
14 18
30 38
21 54
0 9
26 31
19 23
9 57
4 8
38 43
43 50
19 57
50 57
0 10
25 54
16 58
30 43
11 18
3 59
31 34
47 49
53 55
33 39
16 25
31 33
31 57
6 57
38 42
23 54
26 30
15 59
34 38
52 57
4 57
35 37
9 18
13 15
40 46
40 44
3 57
43 52
3 9
26 58
17 23
34 37
5 57
0 3
31 50
55 57
21 56
30 37
2 9
12 18
39 41
14 17
28 30
34 39
26 28
6 8
27 30
16 59
43 51
53 57
32 39
17 19
13 59
41 43
18 57
44 46
29 43
10 12
14 16
31 48
21 23
21 55
25 43
13 18
10 18
31 35
1 9
31 46
31 36
40 43
40 45
26 57
39 42
57 59
4 7
43 53
10 13
4 6
20 57
26 43
22 54
31 47
