0 1
1 2
2 3
3 4
4 5
5 6
6 7
7 8
8 9
9 10
10 11
11 12
12 13
13 14
14 15
15 16
16 17
17 18
18 19
19 20
20 21
21 22
22 23
23 24
24 25
25 26
26 27
27 28
28 29
29 30
30 31
31 32
32 33
33 34
34 35
35 36
36 37
37 38
38 39
39 40
40 41
41 42
42 43
43 44
44 45
45 46
46 47
47 48
48 49
49 50
50 51
51 52
52 53
53 54
54 55
55 56
56 57
57 58
58 59
59 0
6 31
38 58
22 43
17 53
16 18
1 7
51 58
9 19
11 58
11 14
3 33
8 22
22 44
26 43
38 41
24 26
7 22
2 37
2 58
34 42
23 28
32 43
27 43
43 47
46 52
43 50
18 52
48 51
15 56
27 31
36 42
1 10
11 59
31 43
9 16
3 31
19 22
15 54
44 46
34 37
2 7
12 58
15 17
42 58
2 38
45 52
10 16
33 42
10 15
3 37
47 49
43 58
15 55
0 10
10 59
18 22
31 33
27 29
56 58
12 15
7 29
52 56
7 28
40 58
0 2
33 43
8 21
7 10
12 14
9 18
52 55
29 31
37 42
6 30
43 49
35 37
2 4
46 51
2 5
52 54
23 26
34 36
8 20
33 37
18 53
48 50
24 27
39 58
20 22
8 10
8 19
38 40
23 25
10 14
22 26
43 46
2 6
0 58
38 42
46 48
3 6
44 52
18 44
17 54
24 28
4 6
50 58
13 15
52 57
40 42
52 58
15 58
6 29
22 28
0 1
1 2
2 3
3 4
4 5
5 6
6 7
7 8
8 9
9 10
10 11
11 12
12 13
13 14
14 15
15 16
16 17
17 18
18 19
19 20
20 21
21 22
22 23
23 24
24 25
25 26
26 27
27 28
28 29
29 30
30 31
31 32
32 33
33 34
34 35
35 36
36 37
37 38
38 39
39 40
40 41
41 42
42 43
43 44
44 45
45 46
46 47
47 48
48 49
49 50
50 51
51 52
52 53
53 54
54 55
55 56
56 57
57 58
58 59
59 0
46 54
57 59
50 59
6 38
5 39
0 14
12 34
19 58
25 45
13 25
15 24
0 44
41 44
12 27
21 55
50 57
30 32
35 42
1 40
12 29
5 10
31 42
23 46
4 11
14 25
12 38
30 33
18 24
6 9
49 52
50 55
16 59
28 45
6 8
0 46
19 56
13 26
4 12
19 55
32 35
22 24
47 54
26 28
35 38
15 18
25 46
29 33
50 52
5 7
0 3
36 38
34 38
13 27
35 39
29 43
11 38
19 57
49 51
14 16
36 39
21 24
0 12
39 41
1 5
5 9
29 34
17 19
22 46
19 24
47 53
19 21
46 55
0 41
30 43
50 53
16 58
32 34
49 59
50 56
53 55
1 41
22 55
1 3
20 24
14 24
0 49
29 45
1 4
7 9
0 48
0 4
32 42
16 19
29 44
0 45
39 42
47 52
14 59
6 39
25 28
9 11
6 11
5 11
24 46
0 13
48 52
5 40
41 43
30 42
0 47
12 28
37 39
