0 1
1 2
2 3
3 4
4 5
5 6
6 7
7 8
8 9
9 10
10 11
11 12
12 13
13 14
14 15
15 16
16 17
17 18
18 19
19 20
20 21
21 22
22 23
23 24
24 25
25 26
26 27
27 28
28 29
29 30
30 31
31 32
32 33
33 34
34 35
35 36
36 37
37 38
38 39
39 40
40 41
41 42
42 43
43 44
44 45
45 46
46 47
47 48
48 49
49 50
50 51
51 52
52 53
53 54
54 55
55 56
56 57
57 58
58 59
59 0
12 58
39 59
54 59
1 5
32 49
12 26
19 58
2 5
26 30
38 41
33 42
15 17
9 33
26 54
13 22
2 10
12 24
32 48
32 51
36 59
27 31
17 22
48 52
11 27
0 6
44 52
11 31
34 59
5 9
42 47
23 54
45 47
35 37
1 59
41 59
34 41
32 53
7 33
0 34
35 41
23 56
43 52
23 57
21 57
32 42
41 54
0 5
10 32
10 58
27 29
13 18
28 30
57 59
22 57
42 46
6 8
37 59
6 33
26 53
3 10
24 26
42 54
56 59
51 53
43 53
31 53
10 12
48 50
37 39
16 18
4 9
13 17
6 9
10 59
13 16
11 26
44 48
3 5
43 46
0 33
34 42
23 55
37 41
4 10
9 32
2 59
48 51
14 16
21 58
18 21
18 20
35 59
32 47
13 23
11 32
25 54
38 40
18 58
8 33
17 21
45 48
26 31
12 23
32 50
19 21
54 56
27 30
13 15
44 46
39 41
26 28
23 25
42 53
13 58

0 1
1 2
2 3
3 4
4 5
5 6
6 7
7 8
8 9
9 10
10 11
11 12
12 13
13 14
14 15
15 16
16 17
17 18
18 19
19 20
20 21
21 22
22 23
23 24
24 25
25 26
26 27
27 28
28 29
29 30
30 31
31 32
32 33
33 34
34 35
35 36
36 37
37 38
38 39
39 40
40 41
41 42
42 43
43 44
44 45
45 46
46 47
47 48
48 49
49 50
50 51
51 52
52 53
53 54
54 55
55 56
56 57
57 58
58 59
59 0
26 35
26 59
33 48
4 16
7 35
41 58
37 58
14 17
33 40
29 33
33 47
3 23
13 19
51 55
4 35
27 48
10 20
45 54
27 49
26 34
4 7
33 37
7 11
40 44
27 51
2 37
28 31
49 54
41 45
14 18
9 21
3 37
22 24
29 48
3 59
1 58
8 21
8 22
33 39
28 48
22 26
3 25
3 19
49 51
21 23
4 37
27 55
32 34
3 18
14 19
31 34
11 13
0 3
7 10
40 58
12 16
41 43
5 11
54 57
29 32
11 16
7 26
27 50
48 54
11 19
20 23
45 58
46 48
7 22
0 2
28 34
2 58
3 16
27 34
27 56
25 59
11 20
19 23
49 53
9 20
22 25
27 58
40 43
34 36
33 44
34 37
33 38
37 40
44 47
40 42
6 11
27 57
0 58
3 24
12 15
5 7
30 32
51 54
54 58
52 54
41 44
26 58
55 57
3 17
4 11
29 31
49 52
8 10
46 54
12 14
4 36
