0 1
1 2
2 3
3 4
4 5
5 6
6 7
7 8
8 9
9 10
10 11
11 12
12 13
13 14
14 15
15 16
16 17
17 18
18 19
19 20
20 21
21 22
22 23
23 24
24 25
25 26
26 27
27 28
28 29
29 30
30 31
31 32
32 33
33 34
34 35
35 36
36 37
37 38
38 39
39 40
40 41
41 42
42 43
43 44
44 45
45 46
46 47
47 48
48 49
49 50
50 51
51 52
52 53
53 54
54 55
55 56
56 57
57 58
58 59
59 0
9 50
16 54
31 44
1 51
2 55
29 40
32 40
19 22
13 50
26 31
31 49
28 46
56 59
25 48
15 49
15 55
22 53
2 58
35 38
35 43
20 23
31 47
2 10
28 44
31 43
36 39
29 41
33 40
24 49
25 31
1 4
19 31
2 12
26 29
3 8
31 48
13 55
31 35
23 51
51 55
55 59
35 41
19 21
32 34
17 53
34 38
2 57
28 41
8 10
26 46
17 54
6 8
27 46
24 50
31 46
9 51
18 22
4 9
15 50
24 51
1 3
18 49
19 23
3 6
18 31
14 55
12 55
3 7
15 18
27 29
16 18
2 11
19 24
31 34
9 11
29 32
51 53
1 9
31 45
21 23
26 30
13 15
0 51
0 55
37 39
41 44
42 44
35 37
26 47
22 51
44 46
52 55
26 48
3 5
6 9
55 57
9 12
34 40
3 10
25 49
36 41
4 6
38 40
2 59
39 41
12 50
30 32
18 53
19 25
15 54
0 2
56 58
41 43
53 55
0 1
1 2
2 3
3 4
4 5
5 6
6 7
7 8
8 9
9 10
10 11
11 12
12 13
13 14
14 15
15 16
16 17
17 18
18 19
19 20
20 21
21 22
22 23
23 24
24 25
25 26
26 27
27 28
28 29
29 30
30 31
31 32
32 33
33 34
34 35
35 36
36 37
37 38
38 39
39 40
40 41
41 42
42 43
43 44
44 45
45 46
46 47
47 48
48 49
49 50
50 51
51 52
52 53
53 54
54 55
55 56
56 57
57 58
58 59
59 0
4 8
23 53
45 48
9 44
1 53
38 48
23 55
16 29
40 42
1 14
25 35
14 32
19 58
25 30
25 28
13 33
2 51
45 49
0 16
20 22
40 47
4 51
5 50
17 27
2 14
38 49
23 27
40 46
10 37
24 37
4 14
38 50
11 34
53 57
3 51
22 58
23 56
11 33
24 53
45 47
29 31
11 13
16 27
10 13
17 20
37 41
37 50
6 50
24 52
33 35
43 46
25 32
9 13
42 46
10 44
2 4
17 23
25 27
4 7
8 14
37 43
16 19
15 31
54 56
14 31
44 50
2 53
22 57
24 35
2 52
37 52
7 44
0 14
23 54
11 36
57 59
37 44
39 47
24 36
34 36
17 19
37 51
23 25
44 49
17 22
0 53
0 15
17 21
6 44
19 59
53 59
9 14
16 59
43 45
16 31
22 56
54 57
5 51
7 9
25 33
13 32
11 37
12 33
39 48
16 28
25 29
26 28
5 7
37 42
38 41
18 20
20 58
