0 1
1 2
2 3
3 4
4 5
5 6
6 7
7 8
8 9
9 10
10 11
11 12
12 13
13 14
14 15
15 16
16 17
17 18
18 19
19 20
20 21
21 22
22 23
23 24
24 25
25 26
26 27
27 28
28 29
29 30
30 31
31 32
32 33
33 34
34 35
35 36
36 37
37 38
38 39
39 40
40 41
41 42
42 43
43 44
44 45
45 46
46 47
47 48
48 49
49 50
50 51
51 52
52 53
53 54
54 55
55 56
56 57
57 58
58 59
59 0
25 58
7 17
41 57
10 43
22 24
8 50
18 26
8 54
13 28
4 21
2 55
45 55
38 57
10 45
46 53
21 59
45 54
6 17
13 42
10 12
9 17
23 26
44 55
14 26
28 40
33 38
5 20
28 39
29 32
27 58
8 47
0 55
28 57
2 21
28 38
8 53
42 55
13 16
37 57
21 25
28 32
9 46
55 57
6 20
9 16
18 21
14 27
21 58
16 26
41 56
4 7
30 32
33 57
2 4
2 54
28 33
46 49
49 51
1 55
11 16
34 36
12 16
0 21
13 27
35 38
25 27
6 18
36 38
10 16
4 6
14 16
42 56
47 50
7 54
45 53
31 33
49 52
31 38
21 24
12 42
33 37
28 31
6 19
46 52
15 26
18 20
43 45
28 30
2 7
27 57
18 22
23 25
9 45
28 41
55 58
43 55
13 41
46 48
9 47
34 38
47 49
33 36
40 57
5 21
50 53
16 18
7 9
55 59
50 52
3 7
0 2
12 43
38 40
22 26
0 1
1 2
2 3
3 4
4 5
5 6
6 7
7 8
8 9
9 10
10 11
11 12
12 13
13 14
14 15
15 16
16 17
17 18
18 19
19 20
20 21
21 22
22 23
23 24
24 25
25 26
26 27
27 28
28 29
29 30
30 31
31 32
32 33
33 34
34 35
35 36
36 37
37 38
38 39
39 40
40 41
41 42
42 43
43 44
44 45
45 46
46 47
47 48
48 49
49 50
50 51
51 52
52 53
53 54
54 55
55 56
56 57
57 58
58 59
59 0
0 33
6 58
19 58
39 48
30 43
2 27
31 40
25 28
10 15
5 7
10 58
24 47
41 48
0 31
44 47
11 18
19 52
0 58
9 20
35 53
11 14
57 59
37 40
29 47
20 22
5 8
36 51
4 58
24 49
1 28
5 22
2 58
1 27
29 44
30 41
1 31
21 49
16 19
3 23
34 57
15 18
2 25
31 36
1 29
24 28
13 15
3 25
14 18
43 47
7 10
19 21
32 34
38 49
10 18
35 52
36 50
9 15
52 56
32 36
34 54
37 39
36 52
21 50
30 42
9 19
0 57
15 17
19 56
31 41
54 56
38 50
39 41
54 57
24 29
52 55
3 24
3 22
2 26
0 32
41 43
8 10
39 49
22 49
17 19
30 44
37 50
6 10
31 37
12 15
11 15
23 49
29 31
18 58
3 5
19 51
8 22
11 13
24 48
32 35
19 57
45 47
0 34
9 22
41 47
52 54
21 51
26 28
35 54
5 58
43 46
1 58
15 19
44 46
3 58
