0 1
1 2
2 3
3 4
4 5
5 6
6 7
7 8
8 9
9 10
10 11
11 12
12 13
13 14
14 15
15 16
16 17
17 18
18 19
19 20
20 21
21 22
22 23
23 24
24 25
25 26
26 27
27 28
28 29
29 30
30 31
31 32
32 33
33 34
34 35
35 36
36 37
37 38
38 39
39 40
40 41
41 42
42 43
43 44
44 45
45 46
46 47
47 48
48 49
49 50
50 51
51 52
52 53
53 54
54 55
55 56
56 57
57 58
58 59
59 0
50 56
33 51
0 33
0 42
5 53
11 52
11 18
34 45
9 24
0 31
23 31
0 8
42 45
33 36
13 24
3 53
37 40
34 39
29 31
1 55
36 42
18 22
8 27
15 20
13 17
1 4
45 48
44 48
18 51
0 29
25 29
22 31
0 6
7 52
53 55
44 59
48 56
33 45
52 56
24 27
52 54
15 18
8 29
36 39
0 30
10 52
24 29
44 46
14 17
41 45
0 36
8 24
1 53
22 51
14 20
1 6
5 7
51 56
2 4
52 55
27 29
45 47
0 44
13 20
48 58
12 17
33 35
18 21
36 40
34 40
45 49
1 57
44 47
9 12
20 23
48 57
4 6
0 43
35 39
34 41
0 32
7 53
38 40
31 33
1 58
20 24
9 52
0 58
4 53
16 18
40 42
48 50
23 29
26 29
15 19
36 38
31 51
18 20
45 51
11 51
9 11
12 18
43 45
12 24
26 28
8 52
48 59
2 53
21 23
14 16
25 27
6 8
55 57
45 50
0 1
1 2
2 3
3 4
4 5
5 6
6 7
7 8
8 9
9 10
10 11
11 12
12 13
13 14
14 15
15 16
16 17
17 18
18 19
19 20
20 21
21 22
22 23
23 24
24 25
25 26
26 27
27 28
28 29
29 30
30 31
31 32
32 33
33 34
34 35
35 36
36 37
37 38
38 39
39 40
40 41
41 42
42 43
43 44
44 45
45 46
46 47
47 48
48 49
49 50
50 51
51 52
52 53
53 54
54 55
55 56
56 57
57 58
58 59
59 0
28 53
17 33
1 8
1 21
38 43
17 43
16 57
54 58
41 51
1 59
41 44
16 46
2 58
32 41
9 13
19 31
35 43
35 40
18 33
31 41
3 16
31 52
24 30
4 14
4 7
19 30
6 12
30 53
0 24
1 7
35 38
25 53
46 53
46 57
30 52
37 39
20 30
16 19
2 57
17 35
22 24
39 41
41 43
0 54
42 44
1 14
32 35
19 33
1 3
16 45
38 41
11 13
54 56
1 15
1 9
3 7
16 20
46 49
6 11
7 11
28 30
0 53
10 13
41 49
4 16
46 50
2 16
49 51
53 56
32 40
16 44
8 10
22 30
54 57
1 13
25 28
0 21
4 12
41 46
25 30
21 30
5 12
1 20
41 48
47 49
27 53
21 24
17 19
50 53
54 59
51 53
8 11
41 52
41 47
4 13
32 34
1 16
16 43
35 37
26 53
2 59
19 32
0 25
53 57
4 15
29 53
23 30
17 34
