0 1
1 2
2 3
3 4
4 5
5 6
6 7
7 8
8 9
9 10
10 11
11 12
12 13
13 14
14 15
15 16
16 17
17 18
18 19
19 20
20 21
21 22
22 23
23 24
24 25
25 26
26 27
27 28
28 29
29 30
30 31
31 32
32 33
33 34
34 35
35 36
36 37
37 38
38 39
39 40
40 41
41 42
42 43
43 44
44 45
45 46
46 47
47 48
48 49
49 50
50 51
51 52
52 53
53 54
54 55
55 56
56 57
57 58
58 59
59 0
30 37
27 37
3 50
9 33
23 56
14 23
2 50
3 17
38 56
3 34
5 10
10 26
41 46
50 58
39 55
34 45
31 37
40 48
26 30
26 32
20 59
11 13
39 50
11 17
39 54
13 15
3 49
26 31
5 34
24 26
41 47
22 57
0 20
9 32
4 10
2 18
53 58
31 33
26 56
39 44
22 58
34 44
35 39
1 59
3 46
19 22
50 53
26 28
55 58
11 15
50 52
13 25
33 37
17 19
6 10
50 54
34 46
17 22
26 29
27 38
14 22
54 58
11 25
48 50
5 9
42 46
3 5
41 48
27 29
7 10
9 26
4 11
52 54
6 9
19 21
10 25
27 56
37 39
39 42
3 48
15 17
14 17
1 58
39 56
56 58
46 48
39 41
44 46
24 56
3 11
33 35
20 22
2 58
1 20
39 48
36 39
6 8
22 56
14 24
7 9
22 59
12 15
51 54
2 20
3 18
5 33
43 46
14 25
34 39
2 19
39 43
33 36
11 16
29 37

0 1
1 2
2 3
3 4
4 5
5 6
6 7
7 8
8 9
9 10
10 11
11 12
12 13
13 14
14 15
15 16
16 17
17 18
18 19
19 20
20 21
21 22
22 23
23 24
24 25
25 26
26 27
27 28
28 29
29 30
30 31
31 32
32 33
33 34
34 35
35 36
36 37
37 38
38 39
39 40
40 41
41 42
42 43
43 44
44 45
45 46
46 47
47 48
48 49
49 50
50 51
51 52
52 53
53 54
54 55
55 56
56 57
57 58
58 59
59 0
17 27
53 55
32 38
0 6
23 37
4 29
13 58
52 56
40 42
1 47
23 35
40 52
41 43
37 40
21 57
7 17
0 48
0 2
4 7
4 44
51 55
41 45
54 56
30 43
48 51
1 4
14 58
28 31
23 31
4 46
7 59
36 38
51 59
5 7
40 56
0 5
8 58
29 43
15 58
53 56
51 57
21 37
45 48
16 58
57 59
8 12
0 49
16 57
7 14
8 10
18 23
30 39
4 45
12 58
25 31
4 43
17 57
31 38
40 57
31 35
35 37
31 39
19 57
41 44
40 51
7 16
37 57
52 55
18 22
9 58
24 31
18 24
35 38
33 38
8 11
7 29
28 30
2 5
31 34
25 28
30 42
45 51
17 29
14 16
21 23
10 58
0 50
18 20
50 59
12 14
10 12
32 34
17 26
18 25
45 47
18 21
20 57
1 46
34 38
18 57
40 45
2 4
55 57
8 14
0 47
38 40
49 51
7 58
17 28
17 25
6 59
30 40
1 3
25 27
