0 1
1 2
2 3
3 4
4 5
5 6
6 7
7 8
8 9
9 10
10 11
11 12
12 13
13 14
14 15
15 16
16 17
17 18
18 19
19 20
20 21
21 22
22 23
23 24
24 25
25 26
26 27
27 28
28 29
29 30
30 31
31 32
32 33
33 34
34 35
35 36
36 37
37 38
38 39
39 40
40 41
41 42
42 43
43 44
44 45
45 46
46 47
47 48
48 49
49 50
50 51
51 52
52 53
53 54
54 55
55 56
56 57
57 58
58 59
59 0
22 57
40 58
26 42
1 3
21 27
0 12
11 18
12 19
21 26
19 34
44 49
30 37
20 33
18 20
1 7
22 49
11 17
9 18
0 9
33 35
44 50
13 16
24 43
14 16
5 58
41 53
28 41
36 59
13 19
14 17
22 44
1 58
18 58
15 17
1 8
39 59
22 50
24 44
27 30
45 47
20 58
30 39
28 30
46 50
22 53
4 6
22 24
9 11
56 58
2 5
6 8
5 9
2 58
12 34
29 39
27 42
40 55
4 7
29 40
32 36
11 13
19 33
41 43
22 56
0 10
44 51
45 48
36 38
43 52
11 14
30 36
27 31
43 53
40 59
0 34
20 27
2 4
1 59
43 51
5 8
0 35
55 58
53 55
20 57
21 57
32 35
50 52
1 4
29 41
24 42
13 18
44 46
0 11
28 42
40 54
20 31
21 24
30 32
23 44
0 8
45 49
9 58
21 25
35 59
47 50
40 53
38 59
13 17
53 56
31 33
22 52
48 50
30 38
25 42
0 1
1 2
2 3
3 4
4 5
5 6
6 7
7 8
8 9
9 10
10 11
11 12
12 13
13 14
14 15
15 16
16 17
17 18
18 19
19 20
20 21
21 22
22 23
23 24
24 25
25 26
26 27
27 28
28 29
29 30
30 31
31 32
32 33
33 34
34 35
35 36
36 37
37 38
38 39
39 40
40 41
41 42
42 43
43 44
44 45
45 46
46 47
47 48
48 49
49 50
50 51
51 52
52 53
53 54
54 55
55 56
56 57
57 58
58 59
59 0
32 44
13 54
9 32
11 24
22 42
42 52
25 32
5 49
33 43
9 26
8 45
0 4
18 21
1 6
24 39
2 6
22 40
16 19
19 42
14 24
5 48
16 18
12 14
12 55
33 39
17 23
36 40
7 9
12 58
50 53
34 43
8 32
9 27
14 19
6 59
10 26
26 29
38 40
23 40
40 43
46 49
0 3
9 59
17 24
5 45
54 58
3 5
32 45
33 44
49 58
13 53
10 59
42 50
40 42
25 39
11 25
25 33
19 52
29 31
35 40
5 47
7 59
6 45
9 28
42 45
19 22
11 58
34 38
21 23
12 54
51 53
42 49
13 52
7 45
24 40
4 58
26 28
35 37
18 23
47 49
20 22
28 31
4 49
55 57
19 21
34 40
29 32
14 52
26 32
5 46
12 56
22 41
11 59
0 2
34 39
49 53
35 38
42 46
0 58
15 19
11 26
9 31
42 44
12 57
0 6
53 58
12 24
15 24
37 40
42 51
54 57
16 24
3 6
