0 1
1 2
2 3
3 4
4 5
5 6
6 7
7 8
8 9
9 10
10 11
11 12
12 13
13 14
14 15
15 16
16 17
17 18
18 19
19 20
20 21
21 22
22 23
23 24
24 25
25 26
26 27
27 28
28 29
29 30
30 31
31 32
32 33
33 34
34 35
35 36
36 37
37 38
38 39
39 40
40 41
41 42
42 43
43 44
44 45
45 46
46 47
47 48
48 49
49 50
50 51
51 52
52 53
53 54
54 55
55 56
56 57
57 58
58 59
59 0
19 29
0 26
9 16
33 41
7 38
39 59
3 11
39 54
32 42
15 26
6 59
16 30
54 57
7 30
8 11
28 52
29 45
52 57
5 59
5 7
34 37
1 26
1 13
41 54
21 27
29 47
43 50
20 25
29 46
43 46
50 54
17 26
48 51
1 59
9 12
43 45
54 59
21 25
18 30
47 51
19 26
1 14
8 30
30 36
30 34
52 58
6 38
32 45
29 52
19 30
2 13
26 59
2 59
2 4
55 59
3 12
32 43
4 59
32 41
29 51
37 40
20 27
55 58
16 18
30 45
4 8
33 40
9 30
22 26
14 16
50 52
26 58
19 25
26 28
5 8
30 33
40 54
30 35
30 32
52 54
50 53
3 13
26 52
12 16
21 23
6 39
34 36
16 26
44 46
22 27
37 39
46 49
4 11
31 33
1 15
27 29
42 54
30 37
12 14
34 40
43 49
10 12
17 19
8 10
48 50
47 49
7 37
22 25
55 57
22 24
43 54
56 58
21 24
19 27

0 1
1 2
2 3
3 4
4 5
5 6
6 7
7 8
8 9
9 10
10 11
11 12
12 13
13 14
14 15
15 16
16 17
17 18
18 19
19 20
20 21
21 22
22 23
23 24
24 25
25 26
26 27
27 28
28 29
29 30
30 31
31 32
32 33
33 34
34 35
35 36
36 37
37 38
38 39
39 40
40 41
41 42
42 43
43 44
44 45
45 46
46 47
47 48
48 49
49 50
50 51
51 52
52 53
53 54
54 55
55 56
56 57
57 58
58 59
59 0
15 21
4 20
41 59
38 58
21 28
3 39
13 23
28 37
10 29
35 38
43 58
13 26
0 2
13 29
6 9
29 37
7 29
10 20
38 49
51 55
28 59
29 35
29 39
43 51
17 20
49 55
9 20
38 59
40 43
4 29
42 59
43 52
12 17
45 49
40 46
46 48
40 48
0 4
9 29
10 13
24 28
20 28
35 39
13 15
0 20
51 54
31 34
45 50
23 25
3 41
11 20
14 21
18 20
23 28
53 58
29 34
32 39
24 27
0 3
14 23
13 28
12 20
16 20
45 47
7 9
40 45
53 57
15 20
6 29
35 37
38 56
4 39
4 9
29 32
33 39
44 50
3 40
20 59
22 28
3 59
49 56
41 43
12 19
39 49
33 35
29 36
28 38
49 51
5 9
54 56
53 56
8 29
29 31
13 17
24 26
13 27
15 17
13 25
42 58
39 48
32 34
1 4
43 53
38 57
40 44
11 13
51 53
12 18
1 3
45 48
5 29
14 22
44 51
