0 1
1 2
2 3
3 4
4 5
5 6
6 7
7 8
8 9
9 10
10 11
11 12
12 13
13 14
14 15
15 16
16 17
17 18
18 19
19 20
20 21
21 22
22 23
23 24
24 25
25 26
26 27
27 28
28 29
29 30
30 31
31 32
32 33
33 34
34 35
35 36
36 37
37 38
38 39
39 40
40 41
41 42
42 43
43 44
44 45
45 46
46 47
47 48
48 49
49 50
50 51
51 52
52 53
53 54
54 55
55 56
56 57
57 58
58 59
59 0
15 25
33 45
8 54
38 59
4 11
12 45
40 54
24 59
54 59
13 31
16 22
12 46
41 43
33 41
34 36
14 31
3 20
13 33
41 54
0 8
46 51
34 39
27 31
9 49
24 35
50 52
14 19
5 9
16 23
4 20
45 51
12 33
38 58
31 34
45 52
3 21
4 19
57 59
34 38
39 58
3 7
41 52
33 43
15 19
17 21
29 35
33 44
42 44
0 7
47 50
54 58
34 40
24 38
50 53
26 28
6 8
24 36
36 38
15 26
11 13
10 12
14 27
41 53
0 3
4 9
4 7
12 47
16 19
17 20
10 48
24 37
4 14
16 24
1 59
1 24
2 22
42 52
39 54
10 47
31 33
15 27
1 3
4 10
30 35
22 24
31 35
1 22
56 59
27 29
15 24
25 29
49 53
47 51
55 58
25 28
8 53
42 45
17 19
4 13
29 31
56 58
25 35
5 8
13 32
47 49
16 21
9 48
33 40
16 18
8 49
0 54
54 56
3 22
5 7
0 1
1 2
2 3
3 4
4 5
5 6
6 7
7 8
8 9
9 10
10 11
11 12
12 13
13 14
14 15
15 16
16 17
17 18
18 19
19 20
20 21
21 22
22 23
23 24
24 25
25 26
26 27
27 28
28 29
29 30
30 31
31 32
32 33
33 34
34 35
35 36
36 37
37 38
38 39
39 40
40 41
41 42
42 43
43 44
44 45
45 46
46 47
47 48
48 49
49 50
50 51
51 52
52 53
53 54
54 55
55 56
56 57
57 58
58 59
59 0
35 43
26 57
9 14
1 7
5 29
52 58
14 26
33 59
36 57
40 57
12 23
43 56
50 58
4 31
19 26
55 57
52 55
10 25
37 40
6 26
42 56
43 46
3 59
19 23
33 36
9 58
38 41
16 20
13 15
7 58
27 33
54 57
45 59
18 20
26 58
51 55
41 57
7 9
4 59
35 42
33 57
48 51
25 58
44 46
45 50
45 58
32 59
46 48
15 17
30 32
46 50
9 12
53 57
4 6
27 32
29 32
12 16
36 41
52 54
12 15
1 4
5 30
12 24
0 2
35 45
6 29
33 35
12 25
9 26
48 56
36 42
24 26
12 20
1 6
39 41
19 22
43 47
48 55
6 9
51 58
12 14
15 18
4 30
10 58
14 18
0 58
8 58
37 39
42 57
18 26
37 57
34 45
43 48
20 23
35 44
26 33
11 25
23 26
48 50
53 58
21 23
31 59
49 51
37 41
28 32
20 22
2 59
1 58
2 4
6 28
34 59
9 11
6 27
