0 1
1 2
2 3
3 4
4 5
5 6
6 7
7 8
8 9
9 10
10 11
11 12
12 13
13 14
14 15
15 16
16 17
17 18
18 19
19 20
20 21
21 22
22 23
23 24
24 25
25 26
26 27
27 28
28 29
29 30
30 31
31 32
32 33
33 34
34 35
35 36
36 37
37 38
38 39
39 40
40 41
41 42
42 43
43 44
44 45
45 46
46 47
47 48
48 49
49 50
50 51
51 52
52 53
53 54
54 55
55 56
56 57
57 58
58 59
59 0
4 8
15 54
32 40
28 35
18 38
1 7
18 35
27 55
10 59
2 57
10 15
12 54
40 48
8 55
39 49
30 32
3 7
30 55
57 59
32 39
9 19
23 25
2 55
53 55
47 49
3 6
19 23
12 14
8 10
30 46
19 26
50 53
22 55
18 26
12 58
38 51
5 8
34 38
47 55
17 54
32 35
28 55
30 40
9 15
39 51
9 16
12 15
29 32
25 55
7 59
11 15
1 59
29 31
0 7
43 45
14 54
42 47
18 28
42 45
8 19
13 54
19 22
18 27
12 56
2 4
30 47
33 39
9 18
12 55
20 22
42 48
44 46
33 38
2 56
30 44
38 54
23 26
11 59
4 6
1 57
49 53
24 55
8 20
9 17
49 55
41 48
51 54
19 21
41 44
1 3
28 32
18 37
39 48
7 10
32 34
23 55
49 51
45 47
26 55
35 37
36 38
29 55
40 44
6 8
8 22
15 17
50 52
11 58
17 38
41 43
4 55
56 58
34 36
52 54
0 1
1 2
2 3
3 4
4 5
5 6
6 7
7 8
8 9
9 10
10 11
11 12
12 13
13 14
14 15
15 16
16 17
17 18
18 19
19 20
20 21
21 22
22 23
23 24
24 25
25 26
26 27
27 28
28 29
29 30
30 31
31 32
32 33
33 34
34 35
35 36
36 37
37 38
38 39
39 40
40 41
41 42
42 43
43 44
44 45
45 46
46 47
47 48
48 49
49 50
50 51
51 52
52 53
53 54
54 55
55 56
56 57
57 58
58 59
59 0
16 20
40 54
46 50
34 55
39 50
24 51
43 47
33 51
10 16
5 25
17 52
7 58
4 57
27 51
39 47
35 54
6 12
43 50
43 51
25 56
33 37
44 47
15 21
11 14
27 56
20 24
18 20
47 50
0 6
6 23
18 52
16 58
17 20
36 40
16 56
16 53
24 52
27 33
37 39
37 51
6 25
1 4
39 41
34 54
10 12
32 55
12 22
0 57
7 16
37 50
45 50
14 16
33 36
26 51
54 56
26 56
41 52
41 54
11 16
3 5
13 21
11 13
15 20
20 23
29 56
32 56
41 47
16 54
6 59
6 24
28 30
5 57
31 56
38 40
12 23
35 40
17 53
2 6
43 52
27 29
31 33
44 50
9 12
6 58
48 50
42 52
37 40
0 2
33 55
8 16
28 31
18 24
7 12
7 9
21 23
25 57
25 51
13 22
16 57
33 35
46 49
27 31
2 5
14 21
41 53
17 19
46 48
0 58
30 56
0 4
