0 1
1 2
2 3
3 4
4 5
5 6
6 7
7 8
8 9
9 10
10 11
11 12
12 13
13 14
14 15
15 16
16 17
17 18
18 19
19 20
20 21
21 22
22 23
23 24
24 25
25 26
26 27
27 28
28 29
29 30
30 31
31 32
32 33
33 34
34 35
35 36
36 37
37 38
38 39
39 40
40 41
41 42
42 43
43 44
44 45
45 46
46 47
47 48
48 49
49 50
50 51
51 52
52 53
53 54
54 55
55 56
56 57
57 58
58 59
59 0
38 56
1 7
0 58
25 57
38 46
22 38
5 58
32 41
16 57
17 56
28 52
17 57
41 46
31 36
29 32
27 38
29 48
15 58
19 24
24 59
10 15
14 19
48 52
47 56
44 48
37 40
39 46
36 40
5 8
48 50
22 24
10 12
12 19
41 45
10 14
43 45
10 58
10 24
29 49
29 41
1 4
49 52
28 54
24 26
53 55
0 7
30 38
27 57
2 58
28 57
6 8
3 58
11 14
48 56
20 38
5 7
50 52
57 59
16 58
19 23
20 23
35 41
8 24
36 41
12 14
42 48
17 19
22 27
40 46
46 56
41 43
15 18
28 30
14 18
48 55
45 48
10 19
30 37
20 56
49 51
5 9
29 52
15 17
8 59
26 57
17 20
28 55
28 56
27 30
24 57
33 41
33 35
32 36
7 59
13 19
22 26
37 39
29 31
4 7
34 36
31 37
1 58
52 55
41 48
9 58
21 38
3 5
45 47
21 23
32 34
42 44
1 3
28 53
8 10
0 1
1 2
2 3
3 4
4 5
5 6
6 7
7 8
8 9
9 10
10 11
11 12
12 13
13 14
14 15
15 16
16 17
17 18
18 19
19 20
20 21
21 22
22 23
23 24
24 25
25 26
26 27
27 28
28 29
29 30
30 31
31 32
32 33
33 34
34 35
35 36
36 37
37 38
38 39
39 40
40 41
41 42
42 43
43 44
44 45
45 46
46 47
47 48
48 49
49 50
50 51
51 52
52 53
53 54
54 55
55 56
56 57
57 58
58 59
59 0
11 52
15 25
17 47
0 40
10 29
14 48
6 59
42 46
6 53
17 45
23 26
41 53
14 51
16 19
7 33
13 25
18 45
6 36
31 45
18 22
40 58
10 26
23 30
31 39
46 49
0 5
46 52
31 40
3 6
5 40
7 36
10 30
19 25
32 39
12 25
46 51
22 45
30 33
31 43
48 51
20 22
10 27
34 37
12 52
23 31
33 36
12 26
3 59
0 3
2 59
4 6
13 51
6 52
6 10
26 29
41 54
56 59
22 31
17 48
30 32
15 19
14 17
41 58
32 38
11 26
47 49
46 53
40 42
23 25
41 57
40 43
27 29
7 9
6 55
42 53
6 39
34 38
14 25
54 56
36 38
55 59
14 16
33 38
46 50
56 58
40 59
16 18
9 30
26 28
20 25
8 33
42 45
8 30
0 2
6 9
5 39
6 54
18 20
41 56
35 37
6 11
18 21
13 52
20 24
26 30
17 46
6 38
0 4
31 44
1 59
