0 1
1 2
2 3
3 4
4 5
5 6
6 7
7 8
8 9
9 10
10 11
11 12
12 13
13 14
14 15
15 16
16 17
17 18
18 19
19 20
20 21
21 22
22 23
23 24
24 25
25 26
26 27
27 28
28 29
29 30
30 31
31 32
32 33
33 34
34 35
35 36
36 37
37 38
38 39
39 40
40 41
41 42
42 43
43 44
44 45
45 46
46 47
47 48
48 49
49 50
50 51
51 52
52 53
53 54
54 55
55 56
56 57
57 58
58 59
59 0
5 56
6 25
6 12
16 24
14 16
28 48
19 42
20 35
25 55
5 49
25 59
0 58
15 49
11 25
27 29
48 55
0 2
21 27
20 38
29 39
0 6
50 52
14 24
5 14
10 25
16 49
7 12
19 47
19 45
22 25
33 38
2 6
29 40
8 12
10 12
41 48
28 55
30 39
42 46
2 57
1 58
50 54
8 10
50 53
19 39
18 23
25 56
26 28
2 5
20 39
39 41
30 34
16 48
6 59
14 49
13 24
6 14
48 54
33 36
35 38
46 48
39 42
11 13
29 35
7 9
35 37
31 33
7 25
5 51
30 35
21 25
52 55
31 34
2 58
20 23
33 35
5 52
3 56
2 4
27 35
19 46
18 48
32 34
42 44
36 38
40 48
9 25
43 45
25 27
25 58
33 39
56 58
26 55
20 27
5 55
22 24
53 55
42 45
18 24
49 51
28 40
30 33
48 50
17 48
19 44
11 24
20 22
17 24
18 20
19 48
42 48
4 56
6 13
3 57
0 1
1 2
2 3
3 4
4 5
5 6
6 7
7 8
8 9
9 10
10 11
11 12
12 13
13 14
14 15
15 16
16 17
17 18
18 19
19 20
20 21
21 22
22 23
23 24
24 25
25 26
26 27
27 28
28 29
29 30
30 31
31 32
32 33
33 34
34 35
35 36
36 37
37 38
38 39
39 40
40 41
41 42
42 43
43 44
44 45
45 46
46 47
47 48
48 49
49 50
50 51
51 52
52 53
53 54
54 55
55 56
56 57
57 58
58 59
59 0
10 18
24 59
37 43
11 34
37 54
27 46
12 27
9 21
26 56
36 40
3 34
37 52
11 30
16 27
4 23
31 41
17 27
34 36
11 33
10 15
29 43
8 34
24 26
37 56
44 47
47 55
12 30
4 24
29 31
34 56
46 55
29 46
5 9
20 26
3 58
20 24
40 43
34 40
37 44
40 42
4 21
12 29
16 18
27 55
11 15
49 55
51 54
44 50
37 55
37 39
9 11
13 15
31 42
9 19
10 19
17 20
26 59
44 48
2 59
0 4
13 16
30 32
49 54
56 59
4 7
35 56
43 46
31 43
12 16
37 40
36 39
21 23
12 14
4 34
9 34
5 8
28 46
1 59
4 9
34 57
21 24
17 26
32 40
37 53
4 6
36 56
27 56
7 34
0 3
34 58
38 40
11 14
44 49
57 59
37 51
52 54
6 8
0 24
10 16
37 50
31 40
3 59
12 28
17 19
19 21
4 22
11 32
1 3
20 25
33 40
47 49
44 46
45 47
