0 1
1 2
2 3
3 4
4 5
5 6
6 7
7 8
8 9
9 10
10 11
11 12
12 13
13 14
14 15
15 16
16 17
17 18
18 19
19 20
20 21
21 22
22 23
23 24
24 25
25 26
26 27
27 28
28 29
29 30
30 31
31 32
32 33
33 34
34 35
35 36
36 37
37 38
38 39
39 40
40 41
41 42
42 43
43 44
44 45
45 46
46 47
47 48
48 49
49 50
50 51
51 52
52 53
53 54
54 55
55 56
56 57
57 58
58 59
59 0
38 43
25 53
25 48
4 52
9 53
40 46
37 53
27 35
38 45
8 55
18 49
26 31
17 50
1 3
40 42
39 53
54 58
26 34
8 59
0 53
37 39
1 59
42 46
34 47
39 47
3 59
34 45
18 50
9 22
34 36
12 19
15 51
9 15
11 20
7 9
55 57
14 19
11 19
8 57
10 22
31 34
9 52
40 47
22 49
25 35
50 53
6 59
8 58
0 2
7 52
12 15
0 3
9 55
54 57
26 48
16 50
34 37
34 48
43 45
22 24
40 43
54 59
10 21
19 49
33 35
19 22
7 59
11 15
16 19
4 53
9 51
32 35
30 35
28 30
45 47
47 53
32 34
15 50
12 14
20 22
25 37
41 43
25 27
17 19
37 45
48 53
22 25
3 53
43 46
14 16
24 48
4 7
9 54
28 31
27 29
35 37
26 28
3 6
53 59
11 21
44 46
39 43
4 6
23 25
9 25
24 49
3 5
8 56
30 32
49 53
29 35
51 53
13 19
9 11

0 1
1 2
2 3
3 4
4 5
5 6
6 7
7 8
8 9
9 10
10 11
11 12
12 13
13 14
14 15
15 16
16 17
17 18
18 19
19 20
20 21
21 22
22 23
23 24
24 25
25 26
26 27
27 28
28 29
29 30
30 31
31 32
32 33
33 34
34 35
35 36
36 37
37 38
38 39
39 40
40 41
41 42
42 43
43 44
44 45
45 46
46 47
47 48
48 49
49 50
50 51
51 52
52 53
53 54
54 55
55 56
56 57
57 58
58 59
59 0
31 52
31 49
13 58
26 57
28 50
11 57
20 51
30 41
4 9
20 24
23 50
42 50
40 44
29 55
33 37
11 52
25 50
34 39
33 39
17 24
29 57
50 52
17 26
33 45
9 59
14 17
30 39
37 40
5 57
7 57
10 59
15 52
30 55
2 58
25 28
3 57
23 51
33 36
19 51
39 41
14 26
11 53
33 46
0 58
31 47
11 58
29 56
53 55
34 38
52 54
11 14
46 50
9 57
53 57
17 52
46 48
40 45
17 25
2 9
16 52
26 29
48 50
44 50
31 48
30 50
6 57
18 51
52 55
41 50
32 47
32 46
13 26
38 40
3 58
31 33
3 9
18 20
6 8
2 59
31 50
31 39
41 44
18 24
4 57
33 40
22 51
26 58
17 51
35 38
21 23
1 58
11 59
4 8
12 58
42 44
36 38
11 13
5 8
53 56
21 24
15 17
24 50
31 55
14 52
10 57
45 50
29 50
43 50
21 51
