0 1
1 2
2 3
3 4
4 5
5 6
6 7
7 8
8 9
9 10
10 11
11 12
12 13
13 14
14 15
15 16
16 17
17 18
18 19
19 20
20 21
21 22
22 23
23 24
24 25
25 26
26 27
27 28
28 29
29 30
30 31
31 32
32 33
33 34
34 35
35 36
36 37
37 38
38 39
39 40
40 41
41 42
42 43
43 44
44 45
45 46
46 47
47 48
48 49
49 50
50 51
51 52
52 53
53 54
54 55
55 56
56 57
57 58
58 59
59 0
9 53
32 45
10 26
1 10
40 44
0 28
0 58
14 53
38 53
35 58
34 36
16 18
18 48
0 34
53 57
30 47
41 49
40 49
14 50
16 20
19 47
32 36
16 19
2 54
0 55
0 57
15 26
10 28
32 46
11 26
40 43
54 56
8 54
28 47
10 14
29 33
34 59
11 15
24 27
42 46
10 53
18 50
1 3
7 10
38 57
16 50
37 40
20 26
34 58
46 49
36 40
3 6
28 30
3 8
1 55
29 34
9 54
23 28
14 52
46 48
54 57
31 33
48 50
35 38
7 9
39 50
32 47
55 57
20 22
50 52
5 8
28 34
42 45
22 28
33 36
21 47
15 20
17 19
2 55
36 44
21 28
4 6
35 57
2 8
11 14
39 51
22 26
38 51
3 10
38 52
29 31
36 45
10 27
40 42
31 47
25 27
43 45
22 24
0 10
19 21
23 27
3 5
35 37
10 12
15 50
40 50
42 49
38 40
5 7
10 13
22 25
3 7
18 47
11 13

0 1
1 2
2 3
3 4
4 5
5 6
6 7
7 8
8 9
9 10
10 11
11 12
12 13
13 14
14 15
15 16
16 17
17 18
18 19
19 20
20 21
21 22
22 23
23 24
24 25
25 26
26 27
27 28
28 29
29 30
30 31
31 32
32 33
33 34
34 35
35 36
36 37
37 38
38 39
39 40
40 41
41 42
42 43
43 44
44 45
45 46
46 47
47 48
48 49
49 50
50 51
51 52
52 53
53 54
54 55
55 56
56 57
57 58
58 59
59 0
3 31
48 52
29 46
23 48
18 51
22 30
56 59
9 52
14 18
46 59
36 39
9 15
52 57
19 23
29 43
16 30
34 45
4 8
5 55
0 5
41 43
42 44
7 54
33 41
9 31
14 51
30 41
28 48
1 59
48 58
19 51
35 40
6 55
48 51
12 52
23 26
2 32
11 52
0 4
2 45
35 41
16 31
4 7
8 31
39 42
37 42
36 38
6 54
27 30
52 58
47 58
9 16
34 42
21 30
57 59
22 27
2 31
19 48
2 4
34 41
55 59
43 46
10 15
10 52
27 48
13 52
35 39
19 30
33 45
47 59
29 41
4 31
24 48
13 15
8 53
34 44
17 30
2 33
39 41
21 23
19 49
24 26
18 30
53 55
53 56
32 41
7 53
20 23
27 29
29 47
15 17
38 42
12 15
20 30
25 48
35 42
29 48
36 42
8 52
2 59
26 48
52 56
2 46
49 51
44 46
13 51
1 4
31 41
14 17
19 50
5 59
