0 1
1 2
2 3
3 4
4 5
5 6
6 7
7 8
8 9
9 10
10 11
11 12
12 13
13 14
14 15
15 16
16 17
17 18
18 19
19 20
20 21
21 22
22 23
23 24
24 25
25 26
26 27
27 28
28 29
29 30
30 31
31 32
32 33
33 34
34 35
35 36
36 37
37 38
38 39
39 40
40 41
41 42
42 43
43 44
44 45
45 46
46 47
47 48
48 49
49 50
50 51
51 52
52 53
53 54
54 55
55 56
56 57
57 58
58 59
59 0
22 24
9 46
20 22
33 52
16 27
17 22
16 34
48 53
15 59
29 33
38 45
16 25
35 49
3 55
12 36
1 57
28 57
6 8
46 54
10 14
9 44
16 30
25 27
34 36
12 44
42 44
33 50
20 58
19 21
48 50
43 45
6 15
38 47
36 42
18 58
26 28
46 53
17 24
17 59
27 29
31 33
22 25
6 54
7 9
28 58
16 24
37 47
46 48
10 13
12 15
47 49
10 44
18 22
11 13
1 4
25 28
17 58
50 52
36 38
28 56
0 6
50 53
4 6
42 45
12 34
32 34
18 21
38 41
22 28
35 47
35 50
4 55
36 40
0 15
8 15
16 31
0 57
54 56
23 25
34 50
1 5
1 6
29 54
8 10
39 41
36 47
19 58
22 58
12 42
33 54
36 41
15 34
4 54
10 12
45 47
7 54
1 3
3 56
41 45
9 54
52 54
16 29
51 53
3 57
2 57
10 15
29 56
16 32
0 58
29 31
15 17
12 14
36 39
9 45

0 1
1 2
2 3
3 4
4 5
5 6
6 7
7 8
8 9
9 10
10 11
11 12
12 13
13 14
14 15
15 16
16 17
17 18
18 19
19 20
20 21
21 22
22 23
23 24
24 25
25 26
26 27
27 28
28 29
29 30
30 31
31 32
32 33
33 34
34 35
35 36
36 37
37 38
38 39
39 40
40 41
41 42
42 43
43 44
44 45
45 46
46 47
47 48
48 49
49 50
50 51
51 52
52 53
53 54
54 55
55 56
56 57
57 58
58 59
59 0
13 50
5 44
5 28
12 18
32 38
30 34
13 51
8 54
45 54
2 56
42 47
27 49
37 48
30 32
15 26
9 13
11 23
45 58
29 39
44 58
40 44
28 36
38 42
55 58
6 11
27 48
3 44
45 51
19 24
37 42
51 54
8 55
9 11
29 35
32 35
30 38
57 59
8 11
6 24
56 58
15 24
7 55
5 29
5 27
30 35
47 51
29 36
3 59
12 21
12 19
35 37
13 27
19 22
3 58
18 24
43 46
5 26
5 7
6 26
9 12
12 17
3 5
45 52
39 44
27 36
15 25
13 54
7 56
15 18
1 56
13 26
43 47
0 3
54 58
44 46
21 23
40 43
24 26
1 59
47 50
13 16
19 23
46 51
14 16
31 34
0 2
29 44
27 37
29 38
11 24
13 17
45 53
11 21
3 7
12 20
13 15
56 59
35 38
42 48
7 11
41 43
16 18
13 49
38 40
4 44
33 35
40 42
2 7
8 13
