0 1
1 2
2 3
3 4
4 5
5 6
6 7
7 8
8 9
9 10
10 11
11 12
12 13
13 14
14 15
15 16
16 17
17 18
18 19
19 20
20 21
21 22
22 23
23 24
24 25
25 26
26 27
27 28
28 29
29 30
30 31
31 32
32 33
33 34
34 35
35 36
36 37
37 38
38 39
39 40
40 41
41 42
42 43
43 44
44 45
45 46
46 47
47 48
48 49
49 50
50 51
51 52
52 53
53 54
54 55
55 56
56 57
57 58
58 59
59 0
28 44
40 50
8 59
2 52
3 25
9 29
41 47
33 54
11 26
33 41
41 43
8 15
31 43
25 52
3 20
34 41
14 23
11 13
22 25
37 50
31 58
9 30
7 15
9 12
47 50
15 22
30 58
25 51
25 47
25 48
35 50
18 22
0 58
29 31
34 36
19 21
11 24
3 22
5 17
36 41
13 23
51 53
33 58
2 6
31 33
37 40
54 57
1 53
54 56
42 44
4 20
0 56
27 45
51 54
2 5
11 23
41 45
35 51
26 45
15 17
36 38
18 21
7 59
33 51
25 46
12 14
17 20
48 51
1 7
26 29
8 12
16 18
33 57
48 50
34 51
8 30
37 39
30 59
11 25
9 26
5 15
3 52
12 15
18 20
5 20
1 52
1 56
38 40
25 45
47 49
42 45
1 6
15 18
41 46
40 47
55 57
10 26
29 43
5 7
36 40
14 22
3 21
0 7
32 41
35 37
9 11
31 41
3 5
22 24
28 43
53 56
28 45
27 29
56 58
0 1
1 2
2 3
3 4
4 5
5 6
6 7
7 8
8 9
9 10
10 11
11 12
12 13
13 14
14 15
15 16
16 17
17 18
18 19
19 20
20 21
21 22
22 23
23 24
24 25
25 26
26 27
27 28
28 29
29 30
30 31
31 32
32 33
33 34
34 35
35 36
36 37
37 38
38 39
39 40
40 41
41 42
42 43
43 44
44 45
45 46
46 47
47 48
48 49
49 50
50 51
51 52
52 53
53 54
54 55
55 56
56 57
57 58
58 59
59 0
26 48
17 55
30 54
26 59
24 50
2 12
34 43
4 7
22 55
1 55
5 21
2 21
41 44
32 40
41 48
7 21
18 55
44 48
44 50
9 19
46 50
32 54
12 55
4 11
19 22
0 2
26 41
14 55
24 54
27 58
24 26
11 18
34 38
23 25
27 40
35 41
4 8
30 56
4 6
14 16
2 26
50 52
8 11
46 48
28 40
24 53
29 32
3 11
31 54
24 48
8 19
28 57
34 37
34 42
26 58
13 18
32 51
14 17
55 58
34 50
10 19
33 38
44 46
20 22
30 32
36 39
23 54
10 18
8 21
45 50
24 52
33 39
39 41
2 4
2 22
6 21
12 18
19 55
33 40
43 50
14 18
2 11
1 58
22 54
35 39
2 25
28 58
1 12
28 32
28 56
2 59
46 49
29 56
1 59
32 34
35 42
2 23
16 55
8 10
32 50
27 41
4 21
8 20
24 49
52 54
15 55
44 47
13 55
30 55
32 52
