0 1
1 2
2 3
3 4
4 5
5 6
6 7
7 8
8 9
9 10
10 11
11 12
12 13
13 14
14 15
15 16
16 17
17 18
18 19
19 20
20 21
21 22
22 23
23 24
24 25
25 26
26 27
27 28
28 29
29 30
30 31
31 32
32 33
33 34
34 35
35 36
36 37
37 38
38 39
39 40
40 41
41 42
42 43
43 44
44 45
45 46
46 47
47 48
48 49
49 50
50 51
51 52
52 53
53 54
54 55
55 56
56 57
57 58
58 59
59 0
0 25
31 54
19 42
17 55
31 43
20 27
4 22
19 28
0 6
35 39
28 59
45 51
6 22
6 15
13 18
28 56
29 42
33 36
54 56
42 55
25 28
0 15
8 18
0 23
43 54
29 38
0 2
6 14
32 41
17 56
56 59
45 52
29 36
31 53
36 38
28 30
15 17
8 14
48 53
33 41
29 40
17 19
31 44
6 21
41 43
29 41
48 50
29 32
28 58
29 39
1 6
37 39
1 3
34 41
45 47
44 48
16 59
43 52
45 49
7 18
35 37
29 31
52 54
25 27
19 55
22 25
9 12
50 52
31 56
9 18
20 26
34 39
21 25
7 20
32 36
43 45
31 48
43 55
1 5
39 41
49 51
8 12
0 3
57 59
8 13
47 49
15 18
7 19
21 26
56 58
16 56
19 29
0 22
22 24
48 52
6 20
10 12
8 10
3 5
15 59
30 56
13 15
7 14
20 28
9 11
33 35
44 46
44 47
4 6
31 41
0 28
0 24
0 4
12 18

0 1
1 2
2 3
3 4
4 5
5 6
6 7
7 8
8 9
9 10
10 11
11 12
12 13
13 14
14 15
15 16
16 17
17 18
18 19
19 20
20 21
21 22
22 23
23 24
24 25
25 26
26 27
27 28
28 29
29 30
30 31
31 32
32 33
33 34
34 35
35 36
36 37
37 38
38 39
39 40
40 41
41 42
42 43
43 44
44 45
45 46
46 47
47 48
48 49
49 50
50 51
51 52
52 53
53 54
54 55
55 56
56 57
57 58
58 59
59 0
18 29
5 16
39 56
42 52
7 39
29 34
14 23
5 37
18 31
18 30
43 49
15 21
7 23
4 59
8 16
49 54
38 45
38 48
38 57
0 56
19 27
26 39
13 16
38 44
17 20
37 58
37 57
17 31
40 56
38 42
0 7
7 56
32 35
6 16
38 46
16 31
26 34
2 5
11 13
50 54
20 24
7 10
51 53
7 24
7 13
3 59
43 48
0 57
42 49
41 55
38 40
26 36
25 39
42 51
26 28
42 53
4 37
5 36
19 25
13 23
10 16
15 22
20 23
43 47
50 53
31 33
9 16
24 39
2 7
16 21
17 21
11 16
38 54
1 59
7 12
1 7
18 28
26 38
4 58
38 47
2 4
6 8
30 33
41 53
54 57
55 57
38 49
20 22
42 44
38 41
40 55
14 22
28 34
41 54
2 6
5 31
34 36
14 16
7 9
31 36
7 11
19 26
19 24
0 58
29 33
43 46
2 59
26 37
42 50
32 34
18 27
18 20
31 35
