0 1
1 2
2 3
3 4
4 5
5 6
6 7
7 8
8 9
9 10
10 11
11 12
12 13
13 14
14 15
15 16
16 17
17 18
18 19
19 20
20 21
21 22
22 23
23 24
24 25
25 26
26 27
27 28
28 29
29 30
30 31
31 32
32 33
33 34
34 35
35 36
36 37
37 38
38 39
39 40
40 41
41 42
42 43
43 44
44 45
45 46
46 47
47 48
48 49
49 50
50 51
51 52
52 53
53 54
54 55
55 56
56 57
57 58
58 59
59 0
16 57
12 58
7 16
23 30
15 56
37 51
48 56
31 33
11 15
16 55
3 16
28 55
37 57
16 23
2 59
31 53
2 4
40 48
50 55
39 48
7 58
40 43
30 37
8 16
20 27
45 50
14 58
16 22
34 53
16 20
4 6
16 58
35 52
39 57
37 42
18 20
37 50
6 59
13 15
19 22
10 15
37 39
44 50
25 30
37 40
4 59
24 27
27 30
11 13
23 37
21 23
16 19
20 28
1 3
0 16
0 58
50 53
25 27
40 42
3 6
31 34
15 58
29 54
38 57
27 29
0 2
31 36
9 15
7 12
43 45
3 5
26 30
9 11
20 24
41 43
35 53
48 55
21 24
37 44
7 59
32 34
29 53
19 21
9 12
17 20
39 56
47 50
16 37
24 30
6 16
15 55
33 36
30 36
37 52
16 18
28 54
56 58
29 31
40 47
51 53
16 28
50 54
8 12
33 35
36 52
45 47
13 58
43 46
42 44
49 55
47 49
40 46
9 16
0 3
0 1
1 2
2 3
3 4
4 5
5 6
6 7
7 8
8 9
9 10
10 11
11 12
12 13
13 14
14 15
15 16
16 17
17 18
18 19
19 20
20 21
21 22
22 23
23 24
24 25
25 26
26 27
27 28
28 29
29 30
30 31
31 32
32 33
33 34
34 35
35 36
36 37
37 38
38 39
39 40
40 41
41 42
42 43
43 44
44 45
45 46
46 47
47 48
48 49
49 50
50 51
51 52
52 53
53 54
54 55
55 56
56 57
57 58
58 59
59 0
4 45
50 56
30 38
51 59
1 9
32 40
20 58
18 27
47 51
51 56
21 27
51 57
26 46
24 56
22 57
18 45
29 39
5 18
5 14
7 14
26 44
11 16
24 47
22 56
24 50
30 43
1 45
45 51
22 26
11 58
26 45
30 42
28 43
9 13
28 40
23 25
18 28
32 42
40 45
36 40
30 33
36 38
55 57
19 27
4 7
52 57
24 48
10 13
52 54
30 34
8 14
11 18
53 55
11 14
1 58
18 58
1 8
42 45
53 56
5 16
12 14
1 11
23 56
57 59
52 55
29 43
29 38
22 27
21 57
52 56
24 49
32 36
1 10
22 25
48 51
9 14
5 17
25 47
46 51
26 47
34 38
11 17
3 45
5 45
20 57
4 8
1 59
32 35
5 7
36 39
6 14
10 12
29 40
27 43
30 32
28 45
41 45
48 50
2 45
3 8
35 37
14 16
2 8
34 37
1 51
27 44
5 15
0 51
19 58
31 42
32 41
