0 1
1 2
2 3
3 4
4 5
5 6
6 7
7 8
8 9
9 10
10 11
11 12
12 13
13 14
14 15
15 16
16 17
17 18
18 19
19 20
20 21
21 22
22 23
23 24
24 25
25 26
26 27
27 28
28 29
29 30
30 31
31 32
32 33
33 34
34 35
35 36
36 37
37 38
38 39
39 40
40 41
41 42
42 43
43 44
44 45
45 46
46 47
47 48
48 49
49 50
50 51
51 52
52 53
53 54
54 55
55 56
56 57
57 58
58 59
59 0
27 38
6 31
5 54
27 57
34 47
30 35
17 29
12 15
8 59
18 58
18 21
1 55
0 2
38 57
7 11
34 41
31 35
31 53
43 50
49 52
2 55
34 40
9 59
9 58
23 25
9 13
16 30
42 56
12 31
17 27
12 16
37 39
20 57
11 13
17 22
35 38
6 11
51 56
11 31
0 55
34 36
20 23
14 16
34 46
42 44
31 49
53 55
50 52
3 5
57 59
5 59
34 44
32 35
36 39
2 5
3 55
36 40
52 55
3 54
0 5
28 35
32 49
39 56
47 49
14 17
44 48
14 18
12 14
44 47
2 4
10 13
6 53
49 53
7 10
7 9
16 31
9 14
6 59
17 26
25 57
33 47
17 30
19 57
50 56
6 54
38 56
22 25
34 42
20 25
40 56
22 24
33 49
17 25
40 42
20 22
6 8
55 57
25 27
0 57
19 21
44 46
48 50
27 29
29 35
18 22
52 56
27 35
44 50
19 58
42 50
35 37
32 34
9 18
34 45
0 1
1 2
2 3
3 4
4 5
5 6
6 7
7 8
8 9
9 10
10 11
11 12
12 13
13 14
14 15
15 16
16 17
17 18
18 19
19 20
20 21
21 22
22 23
23 24
24 25
25 26
26 27
27 28
28 29
29 30
30 31
31 32
32 33
33 34
34 35
35 36
36 37
37 38
38 39
39 40
40 41
41 42
42 43
43 44
44 45
45 46
46 47
47 48
48 49
49 50
50 51
51 52
52 53
53 54
54 55
55 56
56 57
57 58
58 59
59 0
5 12
6 15
16 57
26 48
16 42
0 53
46 54
45 48
49 51
30 48
33 42
4 22
23 32
27 32
0 14
22 49
32 44
34 43
36 42
46 55
3 49
36 43
43 46
47 54
48 52
38 40
17 33
21 32
19 32
17 20
3 51
32 43
23 49
27 48
16 58
1 51
5 9
4 13
34 39
48 54
6 10
18 20
29 31
37 42
2 13
43 57
42 57
5 17
37 40
46 48
25 32
32 48
33 43
3 22
6 9
32 45
34 37
28 32
18 32
55 58
5 16
29 32
6 16
25 49
1 14
54 59
0 52
26 32
2 51
34 38
33 41
0 58
17 21
3 13
33 39
37 41
31 48
55 59
4 21
10 12
6 12
17 42
43 55
56 58
8 10
0 16
13 15
4 12
5 21
28 30
39 41
5 11
0 51
18 33
20 32
2 14
28 48
52 54
0 15
25 48
0 54
5 10
22 32
6 13
48 51
35 43
43 45
24 49
24 32
43 56
3 50
