0 1
1 2
2 3
3 4
4 5
5 6
6 7
7 8
8 9
9 10
10 11
11 12
12 13
13 14
14 15
15 16
16 17
17 18
18 19
19 20
20 21
21 22
22 23
23 24
24 25
25 26
26 27
27 28
28 29
29 30
30 31
31 32
32 33
33 34
34 35
35 36
36 37
37 38
38 39
39 40
40 41
41 42
42 43
43 44
44 45
45 46
46 47
47 48
48 49
49 50
50 51
51 52
52 53
53 54
54 55
55 56
56 57
57 58
58 59
59 0
11 21
21 58
3 39
21 23
6 22
33 53
21 56
0 40
11 22
29 32
29 56
36 48
3 9
3 23
0 17
11 20
26 56
33 48
48 53
42 47
50 54
43 57
3 25
40 42
45 54
21 57
18 20
25 36
0 13
13 20
15 20
45 50
27 31
33 56
8 11
50 52
0 12
41 57
17 59
25 32
3 5
40 59
25 38
25 35
25 34
19 59
12 20
55 57
10 12
5 8
36 39
43 47
45 55
44 47
25 39
45 48
4 23
25 33
0 3
48 51
19 58
33 55
24 26
24 56
27 29
26 31
6 11
3 40
29 31
2 10
26 29
17 20
43 55
26 28
1 3
32 56
43 45
18 59
5 9
13 15
41 43
40 57
9 11
0 15
2 12
33 35
1 12
14 20
40 48
57 59
25 37
30 32
35 48
45 49
2 9
40 47
52 54
44 46
5 23
0 16
3 24
33 54
6 8
19 21
6 23
39 48
36 38
51 53
23 56
5 7
15 17
25 31
49 51
45 47
0 1
1 2
2 3
3 4
4 5
5 6
6 7
7 8
8 9
9 10
10 11
11 12
12 13
13 14
14 15
15 16
16 17
17 18
18 19
19 20
20 21
21 22
22 23
23 24
24 25
25 26
26 27
27 28
28 29
29 30
30 31
31 32
32 33
33 34
34 35
35 36
36 37
37 38
38 39
39 40
40 41
41 42
42 43
43 44
44 45
45 46
46 47
47 48
48 49
49 50
50 51
51 52
52 53
53 54
54 55
55 56
56 57
57 58
58 59
59 0
1 17
43 50
14 16
47 53
23 58
3 19
18 45
51 56
34 58
9 15
37 45
23 29
3 10
9 12
22 35
1 10
19 35
4 19
17 55
40 51
10 16
35 58
23 26
39 57
32 58
7 9
4 15
43 48
56 59
47 49
21 59
17 45
26 35
17 56
23 32
12 15
1 16
20 35
23 27
39 41
37 43
3 59
32 34
4 16
46 48
43 46
4 18
41 50
22 25
33 58
18 37
17 47
27 35
4 8
29 34
23 25
8 10
39 51
11 13
3 21
37 42
4 7
51 57
0 56
22 24
36 57
1 56
3 20
4 9
52 55
22 59
6 9
43 49
56 58
22 58
37 41
4 10
37 44
18 36
38 41
10 13
12 14
27 34
53 55
50 53
10 14
23 28
42 50
20 22
47 54
47 50
19 36
28 34
4 17
1 59
38 57
37 57
41 51
35 57
30 34
31 34
17 46
51 55
47 55
23 31
22 26
23 30
2 59
4 6
