0 1
1 2
2 3
3 4
4 5
5 6
6 7
7 8
8 9
9 10
10 11
11 12
12 13
13 14
14 15
15 16
16 17
17 18
18 19
19 20
20 21
21 22
22 23
23 24
24 25
25 26
26 27
27 28
28 29
29 30
30 31
31 32
32 33
33 34
34 35
35 36
36 37
37 38
38 39
39 40
40 41
41 42
42 43
43 44
44 45
45 46
46 47
47 48
48 49
49 50
50 51
51 52
52 53
53 54
54 55
55 56
56 57
57 58
58 59
59 0
20 50
27 58
21 43
12 23
40 44
23 31
40 58
26 59
33 58
12 16
51 56
4 16
16 50
0 58
8 16
16 21
23 26
40 42
33 39
2 52
31 34
31 38
29 31
2 58
44 48
21 49
45 57
31 40
9 24
22 31
50 52
22 40
2 9
6 16
2 8
12 24
5 7
15 22
8 11
28 33
2 25
52 57
46 57
28 31
21 41
54 56
54 57
5 8
15 21
33 36
53 57
3 52
44 58
1 59
23 29
33 37
12 14
19 21
33 40
21 48
4 6
47 57
6 8
49 57
52 55
52 58
9 25
14 22
12 15
49 56
21 40
52 56
26 29
28 32
26 58
17 50
49 51
26 28
8 12
28 58
14 23
23 25
2 4
18 21
3 16
21 50
10 24
18 20
41 43
34 36
37 39
21 44
25 59
1 25
31 36
16 52
16 18
4 8
31 39
31 35
1 58
53 55
11 24
13 15
31 33
31 37
45 48
47 49
45 58
18 50
28 30
46 48
8 10
40 43
0 1
1 2
2 3
3 4
4 5
5 6
6 7
7 8
8 9
9 10
10 11
11 12
12 13
13 14
14 15
15 16
16 17
17 18
18 19
19 20
20 21
21 22
22 23
23 24
24 25
25 26
26 27
27 28
28 29
29 30
30 31
31 32
32 33
33 34
34 35
35 36
36 37
37 38
38 39
39 40
40 41
41 42
42 43
43 44
44 45
45 46
46 47
47 48
48 49
49 50
50 51
51 52
52 53
53 54
54 55
55 56
56 57
57 58
58 59
59 0
12 31
30 47
0 57
15 55
30 41
36 57
20 23
1 57
4 7
41 56
18 48
5 13
17 22
45 53
2 15
33 57
48 51
7 57
42 56
1 4
30 37
30 32
26 30
50 53
46 53
2 55
29 47
30 46
50 54
27 47
50 55
12 57
43 45
15 49
24 48
25 47
3 15
13 23
2 59
7 13
12 32
26 31
9 57
27 29
6 13
44 53
13 25
9 12
11 13
5 14
32 35
4 14
39 57
12 26
20 22
18 22
26 47
43 55
21 23
48 52
32 57
27 30
13 22
30 39
0 2
8 57
43 46
32 36
16 22
16 48
56 59
14 16
15 50
24 47
15 48
43 53
17 48
4 57
39 56
4 15
18 24
19 23
36 38
43 54
30 40
13 16
32 34
48 53
2 56
28 47
47 53
10 12
42 55
48 50
36 39
51 53
35 57
18 23
42 46
13 26
32 37
7 9
9 13
30 38
33 35
30 42
10 13
13 24
57 59
56 58
1 3
39 41
19 22
