0 1
1 2
2 3
3 4
4 5
5 6
6 7
7 8
8 9
9 10
10 11
11 12
12 13
13 14
14 15
15 16
16 17
17 18
18 19
19 20
20 21
21 22
22 23
23 24
24 25
25 26
26 27
27 28
28 29
29 30
30 31
31 32
32 33
33 34
34 35
35 36
36 37
37 38
38 39
39 40
40 41
41 42
42 43
43 44
44 45
45 46
46 47
47 48
48 49
49 50
50 51
51 52
52 53
53 54
54 55
55 56
56 57
57 58
58 59
59 0
8 49
45 53
16 38
26 28
21 58
10 38
2 20
7 59
10 47
36 55
36 45
29 36
7 19
22 57
11 17
36 40
10 46
25 29
3 20
38 40
9 19
34 36
19 38
28 56
7 55
43 45
19 31
14 17
42 44
24 57
13 15
22 58
1 7
8 52
15 38
46 49
38 43
41 43
38 45
20 59
41 45
33 36
21 25
9 17
55 57
19 36
27 29
45 52
39 41
32 35
0 2
31 36
8 51
8 50
25 30
2 7
22 24
49 52
7 20
30 36
46 48
20 58
24 26
45 54
8 19
29 55
28 55
5 20
20 30
49 51
8 54
11 13
2 5
3 5
9 49
45 49
17 38
36 41
19 37
23 57
12 14
2 6
12 17
5 7
52 54
20 31
17 19
7 58
10 49
21 24
36 38
10 13
0 20
13 38
0 7
33 35
19 32
2 4
32 36
18 38
39 43
38 46
7 57
42 45
24 28
14 16
28 57
10 48
9 11
21 30
8 55
19 35
25 27
45 55

0 1
1 2
2 3
3 4
4 5
5 6
6 7
7 8
8 9
9 10
10 11
11 12
12 13
13 14
14 15
15 16
16 17
17 18
18 19
19 20
20 21
21 22
22 23
23 24
24 25
25 26
26 27
27 28
28 29
29 30
30 31
31 32
32 33
33 34
34 35
35 36
36 37
37 38
38 39
39 40
40 41
41 42
42 43
43 44
44 45
45 46
46 47
47 48
48 49
49 50
50 51
51 52
52 53
53 54
54 55
55 56
56 57
57 58
58 59
59 0
25 35
13 50
25 59
33 47
11 53
19 28
39 45
6 58
6 53
15 17
29 47
51 56
6 23
19 21
35 45
11 18
19 25
42 57
0 3
2 24
20 22
52 55
36 59
6 11
28 50
9 22
26 33
47 49
7 11
51 53
37 39
11 19
43 50
15 19
27 32
44 49
5 24
7 10
52 56
16 18
11 15
4 24
6 59
38 57
51 57
14 28
9 23
28 49
11 21
19 26
11 14
30 47
22 25
3 59
1 59
37 57
9 21
28 32
35 39
36 57
40 43
7 23
25 34
19 27
42 51
53 55
29 31
38 42
24 59
8 10
35 47
4 59
1 3
30 32
29 32
44 47
13 51
1 24
44 48
55 58
14 50
16 19
36 39
34 47
20 25
5 59
11 51
7 9
44 46
40 44
25 33
44 50
28 47
32 47
6 55
12 51
15 18
45 47
39 42
14 19
10 21
6 54
3 24
23 25
42 50
57 59
56 58
5 23
40 45
27 33
35 59
40 42
