0 1
1 2
2 3
3 4
4 5
5 6
6 7
7 8
8 9
9 10
10 11
11 12
12 13
13 14
14 15
15 16
16 17
17 18
18 19
19 20
20 21
21 22
22 23
23 24
24 25
25 26
26 27
27 28
28 29
29 30
30 31
31 32
32 33
33 34
34 35
35 36
36 37
37 38
38 39
39 40
40 41
41 42
42 43
43 44
44 45
45 46
46 47
47 48
48 49
49 50
50 51
51 52
52 53
53 54
54 55
55 56
56 57
57 58
58 59
59 0
15 43
5 59
4 54
33 52
44 48
13 58
50 55
32 39
38 48
19 53
10 15
44 58
47 55
21 31
19 22
18 22
15 18
20 31
3 55
29 40
9 12
15 53
0 3
1 59
39 48
5 15
12 15
5 13
25 27
6 9
15 40
29 32
9 11
35 38
45 56
45 47
3 59
32 35
41 48
51 54
14 58
33 51
22 40
29 39
25 40
6 10
2 5
22 27
6 8
47 56
6 15
5 9
5 8
40 42
15 44
39 41
56 58
34 38
7 9
36 38
48 55
15 17
41 43
38 49
22 28
12 14
32 37
3 57
44 46
9 13
13 59
35 37
16 53
31 53
28 30
30 32
15 58
22 25
28 40
15 42
2 59
1 3
32 34
33 38
43 48
27 40
23 26
4 55
4 53
46 48
19 21
20 53
57 59
51 53
33 53
3 56
4 15
17 53
22 30
3 5
23 25
38 50
50 54
15 22
22 24
49 55
32 38
23 27
45 58
21 30
31 33
10 12
38 51
17 19

0 1
1 2
2 3
3 4
4 5
5 6
6 7
7 8
8 9
9 10
10 11
11 12
12 13
13 14
14 15
15 16
16 17
17 18
18 19
19 20
20 21
21 22
22 23
23 24
24 25
25 26
26 27
27 28
28 29
29 30
30 31
31 32
32 33
33 34
34 35
35 36
36 37
37 38
38 39
39 40
40 41
41 42
42 43
43 44
44 45
45 46
46 47
47 48
48 49
49 50
50 51
51 52
52 53
53 54
54 55
55 56
56 57
57 58
58 59
59 0
0 51
3 23
23 34
50 53
21 42
5 16
18 46
11 56
35 43
27 48
11 17
11 53
18 21
21 44
43 46
18 48
11 50
51 56
24 49
2 50
1 58
13 15
26 32
6 14
28 48
33 47
1 50
17 23
18 50
23 50
1 8
37 39
9 58
21 39
8 12
24 33
1 5
19 46
21 35
10 58
56 59
35 42
1 9
1 51
24 26
18 49
25 33
22 34
51 59
6 12
28 31
24 50
34 46
26 30
27 49
27 30
32 47
24 27
18 47
21 37
21 36
3 50
28 32
20 44
37 42
3 17
4 17
6 16
22 35
4 16
53 56
42 44
24 34
18 20
13 17
1 4
19 44
19 45
27 29
5 7
10 57
17 50
34 43
8 11
39 42
54 56
12 17
2 4
51 55
36 42
52 55
21 40
17 21
14 16
1 7
53 55
25 32
17 22
11 57
50 52
8 10
38 42
0 58
32 48
43 45
26 31
34 47
6 13
13 16
29 31
21 41
7 12
