0 1
1 2
2 3
3 4
4 5
5 6
6 7
7 8
8 9
9 10
10 11
11 12
12 13
13 14
14 15
15 16
16 17
17 18
18 19
19 20
20 21
21 22
22 23
23 24
24 25
25 26
26 27
27 28
28 29
29 30
30 31
31 32
32 33
33 34
34 35
35 36
36 37
37 38
38 39
39 40
40 41
41 42
42 43
43 44
44 45
45 46
46 47
47 48
48 49
49 50
50 51
51 52
52 53
53 54
54 55
55 56
56 57
57 58
58 59
59 0
6 34
22 58
40 53
33 55
1 56
1 12
33 41
14 19
7 13
51 53
6 9
33 42
15 17
26 28
18 31
34 53
21 30
16 33
48 55
20 58
42 46
43 55
22 30
27 58
2 5
1 3
6 56
29 57
44 46
12 14
39 53
43 45
16 18
48 52
20 31
51 55
33 43
42 52
33 37
30 57
39 41
1 19
32 55
34 55
40 42
24 28
6 8
33 35
2 6
34 36
31 33
25 28
24 58
33 38
48 51
3 11
14 17
13 16
30 56
20 22
3 5
6 11
36 38
46 48
29 58
7 16
8 13
45 55
13 15
19 58
12 19
48 50
5 11
1 57
49 52
3 12
19 59
23 30
10 13
42 53
45 48
34 38
11 13
25 27
23 28
25 58
1 58
28 30
1 6
23 58
38 53
1 59
7 34
21 31
42 44
0 19
18 20
33 36
34 54
47 52
33 39
30 32
16 34
9 13
2 4
9 11
14 18
18 33
51 54
49 51
46 52
28 58
6 55
32 56

0 1
1 2
2 3
3 4
4 5
5 6
6 7
7 8
8 9
9 10
10 11
11 12
12 13
13 14
14 15
15 16
16 17
17 18
18 19
19 20
20 21
21 22
22 23
23 24
24 25
25 26
26 27
27 28
28 29
29 30
30 31
31 32
32 33
33 34
34 35
35 36
36 37
37 38
38 39
39 40
40 41
41 42
42 43
43 44
44 45
45 46
46 47
47 48
48 49
49 50
50 51
51 52
52 53
53 54
54 55
55 56
56 57
57 58
58 59
59 0
16 31
5 34
18 34
42 49
14 50
7 52
5 55
15 50
4 58
39 51
37 48
25 31
4 57
34 58
35 38
32 35
32 48
28 32
45 47
9 52
44 48
24 32
16 22
25 29
11 52
10 12
10 18
38 46
7 9
38 57
38 45
39 57
8 52
40 51
10 14
14 52
19 21
16 19
35 48
7 55
7 18
38 40
0 58
29 32
18 23
39 54
42 50
23 25
0 57
37 46
4 34
16 32
7 10
52 54
23 32
19 23
41 45
26 29
25 30
4 56
19 22
14 16
16 23
27 32
10 17
41 51
12 52
17 19
4 55
39 52
3 57
23 34
5 18
54 57
44 47
43 48
20 23
57 59
38 58
7 54
0 3
27 29
0 4
41 44
32 50
32 49
23 33
50 52
2 57
0 2
25 32
42 48
37 47
13 52
16 25
36 48
55 57
42 51
10 16
21 23
5 7
7 53
26 32
38 41
15 32
41 43
10 52
6 18
32 34
35 37
29 31
35 58
