0 1
1 2
2 3
3 4
4 5
5 6
6 7
7 8
8 9
9 10
10 11
11 12
12 13
13 14
14 15
15 16
16 17
17 18
18 19
19 20
20 21
21 22
22 23
23 24
24 25
25 26
26 27
27 28
28 29
29 30
30 31
31 32
32 33
33 34
34 35
35 36
36 37
37 38
38 39
39 40
40 41
41 42
42 43
43 44
44 45
45 46
46 47
47 48
48 49
49 50
50 51
51 52
52 53
53 54
54 55
55 56
56 57
57 58
58 59
59 0
41 44
10 46
2 44
46 55
15 39
39 43
29 40
8 26
15 17
16 20
47 56
6 26
2 6
21 28
17 21
15 38
21 26
7 55
38 40
27 41
13 16
49 53
3 5
13 20
44 58
36 40
6 57
29 31
7 57
39 46
27 44
30 38
4 44
12 26
22 26
12 39
52 55
35 37
15 21
56 58
12 25
29 38
47 51
41 43
1 44
10 55
46 51
47 55
49 51
32 36
49 54
7 9
2 58
45 47
33 37
48 50
12 14
31 38
27 29
26 28
20 22
29 41
9 12
14 39
10 12
55 57
22 24
12 24
2 57
29 36
32 35
13 23
5 27
31 33
12 46
2 59
46 52
2 4
15 29
9 26
18 21
24 26
7 10
31 37
1 59
9 11
2 5
0 2
16 18
29 32
43 45
13 15
33 35
39 42
6 27
1 58
49 52
18 20
20 23
15 28
32 34
44 56
39 41
47 50
47 54
4 27
53 55
44 47
16 19
48 54
43 46
12 23
7 26
37 40

0 1
1 2
2 3
3 4
4 5
5 6
6 7
7 8
8 9
9 10
10 11
11 12
12 13
13 14
14 15
15 16
16 17
17 18
18 19
19 20
20 21
21 22
22 23
23 24
24 25
25 26
26 27
27 28
28 29
29 30
30 31
31 32
32 33
33 34
34 35
35 36
36 37
37 38
38 39
39 40
40 41
41 42
42 43
43 44
44 45
45 46
46 47
47 48
48 49
49 50
50 51
51 52
52 53
53 54
54 55
55 56
56 57
57 58
58 59
59 0
4 35
36 48
3 57
3 6
26 57
0 35
9 21
7 25
23 27
34 38
33 51
1 57
22 28
10 21
37 48
5 8
31 57
5 13
5 30
51 59
57 59
34 50
16 29
38 50
5 35
12 18
3 35
25 57
23 26
7 22
32 51
23 25
41 45
50 59
10 20
33 50
5 16
5 29
44 49
32 55
7 21
37 47
5 11
19 22
30 57
51 55
55 59
32 53
22 25
5 32
40 45
30 32
36 38
51 53
6 8
19 21
39 47
23 28
12 20
2 35
45 48
51 54
36 50
17 28
32 52
8 10
42 49
4 6
5 34
12 15
29 57
31 55
39 49
43 49
3 7
18 22
0 58
11 13
3 25
35 38
39 50
38 47
35 50
1 3
45 49
31 56
40 46
32 54
5 14
8 21
40 42
12 16
8 11
12 19
5 15
17 29
40 47
12 17
42 45
36 49
28 57
27 57
40 49
35 59
5 33
0 57
46 48
18 28
42 44
56 59
1 35
11 20
