0 1
1 2
2 3
3 4
4 5
5 6
6 7
7 8
8 9
9 10
10 11
11 12
12 13
13 14
14 15
15 16
16 17
17 18
18 19
19 20
20 21
21 22
22 23
23 24
24 25
25 26
26 27
27 28
28 29
29 30
30 31
31 32
32 33
33 34
34 35
35 36
36 37
37 38
38 39
39 40
40 41
41 42
42 43
43 44
44 45
45 46
46 47
47 48
48 49
49 50
50 51
51 52
52 53
53 54
54 55
55 56
56 57
57 58
58 59
59 0
8 50
19 41
10 42
2 30
12 19
6 59
33 36
48 56
9 42
4 29
20 38
38 40
44 48
38 58
13 22
34 59
10 26
22 36
25 31
39 58
3 6
53 59
42 45
8 42
7 28
42 46
19 22
16 22
23 25
31 36
29 31
12 42
55 57
37 59
40 57
23 26
47 50
10 22
8 47
47 49
20 36
5 28
53 58
7 50
11 13
51 53
49 56
8 26
37 58
53 55
25 29
3 29
39 57
10 23
6 50
14 18
2 31
0 31
10 13
32 34
13 15
7 26
0 32
40 44
49 51
54 58
13 19
7 27
35 59
1 31
19 40
54 57
23 31
43 45
15 22
22 31
8 46
51 55
4 28
1 59
20 40
11 42
32 36
3 30
41 43
12 41
45 48
40 43
44 56
34 36
18 22
6 28
21 36
52 55
44 57
27 29
45 47
49 55
4 6
20 22
24 31
15 18
2 59
51 59
13 18
36 38
32 59
35 37
17 22
15 17
50 59
26 29
9 26
3 59
0 1
1 2
2 3
3 4
4 5
5 6
6 7
7 8
8 9
9 10
10 11
11 12
12 13
13 14
14 15
15 16
16 17
17 18
18 19
19 20
20 21
21 22
22 23
23 24
24 25
25 26
26 27
27 28
28 29
29 30
30 31
31 32
32 33
33 34
34 35
35 36
36 37
37 38
38 39
39 40
40 41
41 42
42 43
43 44
44 45
45 46
46 47
47 48
48 49
49 50
50 51
51 52
52 53
53 54
54 55
55 56
56 57
57 58
58 59
59 0
5 30
7 12
34 55
4 26
17 30
7 16
5 11
7 24
5 35
36 51
38 48
28 58
3 28
34 50
5 25
24 28
22 24
47 51
19 23
42 44
2 57
5 7
35 51
8 10
41 47
11 14
35 50
24 29
31 33
18 24
3 26
51 56
38 44
40 42
5 31
51 54
51 57
14 30
31 57
22 30
34 51
34 53
34 52
26 28
34 56
39 41
20 30
18 23
46 48
8 11
31 35
5 10
42 47
38 47
39 42
29 57
8 12
17 20
28 57
32 35
2 28
33 57
34 57
25 27
7 9
38 50
2 5
34 54
37 51
16 18
16 24
7 13
14 17
38 46
5 14
6 25
2 35
38 42
57 59
35 38
1 57
30 57
25 28
43 47
24 30
7 10
0 58
7 25
21 30
7 15
38 41
17 19
2 58
38 45
52 54
5 26
43 46
21 23
14 16
7 14
3 5
54 56
37 47
20 23
33 35
12 14
48 50
1 58
35 57
38 49
48 51
44 46
0 57
