0 1
1 2
2 3
3 4
4 5
5 6
6 7
7 8
8 9
9 10
10 11
11 12
12 13
13 14
14 15
15 16
16 17
17 18
18 19
19 20
20 21
21 22
22 23
23 24
24 25
25 26
26 27
27 28
28 29
29 30
30 31
31 32
32 33
33 34
34 35
35 36
36 37
37 38
38 39
39 40
40 41
41 42
42 43
43 44
44 45
45 46
46 47
47 48
48 49
49 50
50 51
51 52
52 53
53 54
54 55
55 56
56 57
57 58
58 59
59 0
11 39
30 51
3 15
10 14
10 15
15 59
11 27
4 58
54 56
8 44
33 35
19 57
11 40
11 26
40 42
12 25
15 19
9 43
29 37
16 57
30 40
21 26
19 22
8 55
7 57
52 54
11 29
21 24
30 53
55 57
43 48
16 19
9 44
3 5
28 56
31 35
30 42
13 22
2 58
46 51
35 37
31 33
4 6
51 55
29 54
37 39
52 55
31 39
5 9
29 38
44 51
30 49
21 57
19 21
33 37
30 50
21 23
27 57
44 46
29 31
17 57
36 39
22 24
42 48
34 37
0 15
15 22
24 26
1 59
45 48
0 2
13 15
5 8
16 59
11 25
7 55
48 51
10 42
22 25
29 39
11 42
5 7
11 13
3 10
27 56
20 57
28 54
5 10
1 58
51 53
27 29
3 58
11 41
6 58
30 54
44 55
44 48
57 59
17 19
32 37
10 13
2 15
18 57
49 51
31 36
6 57
10 43
26 57
30 39
29 32
30 48
45 47
46 48
13 25

0 1
1 2
2 3
3 4
4 5
5 6
6 7
7 8
8 9
9 10
10 11
11 12
12 13
13 14
14 15
15 16
16 17
17 18
18 19
19 20
20 21
21 22
22 23
23 24
24 25
25 26
26 27
27 28
28 29
29 30
30 31
31 32
32 33
33 34
34 35
35 36
36 37
37 38
38 39
39 40
40 41
41 42
42 43
43 44
44 45
45 46
46 47
47 48
48 49
49 50
50 51
51 52
52 53
53 54
54 55
55 56
56 57
57 58
58 59
59 0
16 30
18 27
44 54
14 44
34 45
21 58
32 55
13 57
4 11
9 11
23 56
11 16
11 59
1 7
37 43
20 22
33 43
26 30
16 27
8 13
8 57
14 30
46 54
26 29
34 41
37 45
47 53
50 52
6 10
22 26
13 16
33 55
32 56
26 28
30 32
47 52
11 20
6 8
2 6
14 32
21 56
44 53
7 59
33 46
44 56
14 57
40 43
45 52
11 17
41 43
34 36
44 52
43 45
11 21
8 11
16 18
20 27
14 33
2 7
36 38
14 16
26 32
8 58
26 56
14 56
11 58
46 52
0 11
33 42
39 43
36 40
4 10
12 16
19 27
16 28
46 50
2 11
35 40
24 56
11 19
26 31
23 26
6 9
33 44
0 7
3 6
25 56
46 53
34 46
47 51
34 40
34 42
8 12
22 56
7 58
15 30
38 43
38 40
11 18
47 49
1 11
33 54
3 11
28 30
47 50
36 45
56 58
23 25
48 50
22 27
46 49
