0 1
1 2
2 3
3 4
4 5
5 6
6 7
7 8
8 9
9 10
10 11
11 12
12 13
13 14
14 15
15 16
16 17
17 18
18 19
19 20
20 21
21 22
22 23
23 24
24 25
25 26
26 27
27 28
28 29
29 30
30 31
31 32
32 33
33 34
34 35
35 36
36 37
37 38
38 39
39 40
40 41
41 42
42 43
43 44
44 45
45 46
46 47
47 48
48 49
49 50
50 51
51 52
52 53
53 54
54 55
55 56
56 57
57 58
58 59
59 0
25 51
22 30
5 14
45 58
15 41
24 56
33 39
4 12
21 32
49 56
1 56
1 4
5 45
33 41
17 34
3 59
30 41
16 40
23 29
25 28
42 50
16 20
4 21
24 29
52 54
16 41
18 33
10 14
41 50
45 47
48 58
17 38
23 30
52 56
24 26
7 14
49 54
22 56
19 32
26 29
22 32
33 40
2 4
41 43
44 47
45 48
42 49
47 49
5 7
15 44
1 58
1 3
25 56
3 58
46 48
43 47
25 41
54 56
28 41
0 58
7 11
35 38
10 12
49 51
51 56
19 21
19 33
51 53
35 37
12 15
52 55
6 14
33 37
21 56
3 5
4 56
1 57
4 15
16 39
10 13
16 18
32 41
5 58
9 11
37 39
15 43
1 59
16 38
56 58
7 10
43 49
25 27
34 37
15 21
16 19
17 35
14 44
30 32
23 56
17 33
14 45
49 58
15 20
4 11
26 28
31 41
8 11
28 30
5 11
34 36
49 53
25 50
12 14
7 9

0 1
1 2
2 3
3 4
4 5
5 6
6 7
7 8
8 9
9 10
10 11
11 12
12 13
13 14
14 15
15 16
16 17
17 18
18 19
19 20
20 21
21 22
22 23
23 24
24 25
25 26
26 27
27 28
28 29
29 30
30 31
31 32
32 33
33 34
34 35
35 36
36 37
37 38
38 39
39 40
40 41
41 42
42 43
43 44
44 45
45 46
46 47
47 48
48 49
49 50
50 51
51 52
52 53
53 54
54 55
55 56
56 57
57 58
58 59
59 0
25 58
44 52
13 30
23 28
6 15
7 36
29 52
50 54
29 58
0 55
38 52
24 28
4 40
40 46
4 7
20 25
8 15
54 58
48 52
47 52
2 55
11 30
34 52
25 29
5 15
18 30
0 19
20 23
10 35
3 54
19 59
7 38
21 24
40 52
42 44
41 52
4 18
7 35
57 59
40 45
40 47
5 16
48 51
13 15
24 27
8 14
10 33
40 43
56 59
37 52
11 31
40 50
9 35
18 20
17 30
4 39
10 31
40 49
0 18
27 29
32 34
9 12
40 48
42 52
15 17
3 50
50 53
10 34
31 33
25 59
30 52
2 18
43 45
2 54
20 24
20 28
55 58
46 52
0 2
36 38
32 52
20 29
38 40
0 56
7 39
44 46
9 14
15 30
22 24
3 18
20 22
12 30
4 17
29 54
29 53
1 18
8 35
18 29
19 25
35 52
3 40
4 16
48 50
36 52
31 52
4 6
40 42
9 13
55 57
7 15
50 52
