0 1
1 2
2 3
3 4
4 5
5 6
6 7
7 8
8 9
9 10
10 11
11 12
12 13
13 14
14 15
15 16
16 17
17 18
18 19
19 20
20 21
21 22
22 23
23 24
24 25
25 26
26 27
27 28
28 29
29 30
30 31
31 32
32 33
33 34
34 35
35 36
36 37
37 38
38 39
39 40
40 41
41 42
42 43
43 44
44 45
45 46
46 47
47 48
48 49
49 50
50 51
51 52
52 53
53 54
54 55
55 56
56 57
57 58
58 59
59 0
37 56
19 58
13 40
11 50
5 14
26 34
30 57
13 20
38 48
54 58
12 49
9 54
31 35
13 37
5 54
33 35
13 39
12 48
24 36
53 56
19 26
38 51
10 53
50 53
32 35
6 14
24 26
8 12
5 7
9 12
23 36
12 50
26 28
6 8
17 59
35 37
39 42
4 54
10 12
39 45
13 22
2 4
31 37
43 46
0 2
18 59
23 25
12 40
10 54
13 19
52 56
27 33
1 58
22 26
15 19
38 46
24 34
15 18
40 46
38 56
42 44
3 5
29 31
51 53
23 26
49 51
20 22
22 36
2 58
13 15
6 12
28 57
26 33
48 51
37 57
38 45
13 38
10 50
8 54
41 43
31 33
0 15
19 21
24 35
13 36
0 3
0 58
40 47
51 56
12 47
26 57
40 42
26 58
54 56
19 22
30 37
27 31
12 14
7 54
0 16
18 58
16 18
4 58
28 30
55 57
39 44
38 47
43 45
0 5
40 43
54 57
27 29
5 15
16 59
0 1
1 2
2 3
3 4
4 5
5 6
6 7
7 8
8 9
9 10
10 11
11 12
12 13
13 14
14 15
15 16
16 17
17 18
18 19
19 20
20 21
21 22
22 23
23 24
24 25
25 26
26 27
27 28
28 29
29 30
30 31
31 32
32 33
33 34
34 35
35 36
36 37
37 38
38 39
39 40
40 41
41 42
42 43
43 44
44 45
45 46
46 47
47 48
48 49
49 50
50 51
51 52
52 53
53 54
54 55
55 56
56 57
57 58
58 59
59 0
21 43
14 45
3 31
42 45
9 56
10 45
49 53
48 53
40 51
47 49
2 8
3 51
11 30
10 30
32 36
13 18
3 55
26 35
36 38
51 54
41 47
12 26
23 38
23 42
13 21
29 32
13 23
14 43
5 31
3 40
15 20
57 59
0 8
21 23
5 9
39 41
41 45
37 39
46 54
28 32
34 36
25 36
33 36
7 9
4 31
15 21
1 56
36 39
51 55
25 35
12 24
10 31
8 57
27 35
0 56
32 39
45 47
21 42
31 39
46 48
11 27
30 32
11 26
9 46
12 45
6 9
2 5
47 50
14 44
1 3
31 40
28 33
18 20
50 52
17 19
56 59
9 55
25 38
1 8
28 34
56 58
16 20
52 54
5 10
3 56
23 41
40 50
46 53
28 35
10 46
5 8
9 57
14 21
11 29
0 57
13 17
12 25
13 45
12 23
22 42
18 21
14 16
38 41
13 16
11 45
49 52
24 38
46 55
11 28
17 20
41 50
