0 1
1 2
2 3
3 4
4 5
5 6
6 7
7 8
8 9
9 10
10 11
11 12
12 13
13 14
14 15
15 16
16 17
17 18
18 19
19 20
20 21
21 22
22 23
23 24
24 25
25 26
26 27
27 28
28 29
29 30
30 31
31 32
32 33
33 34
34 35
35 36
36 37
37 38
38 39
39 40
40 41
41 42
42 43
43 44
44 45
45 46
46 47
47 48
48 49
49 50
50 51
51 52
52 53
53 54
54 55
55 56
56 57
57 58
58 59
59 0
11 43
13 24
32 57
5 57
41 45
38 51
12 34
52 57
3 26
23 29
18 32
5 9
15 32
32 36
19 31
9 12
38 50
15 24
46 54
37 57
0 5
7 9
41 46
3 5
8 13
36 57
11 57
15 23
1 5
11 44
49 54
15 18
48 54
0 3
37 40
15 19
5 25
30 58
12 37
24 29
45 54
26 58
11 55
25 28
22 31
1 4
50 52
7 25
0 57
29 58
3 59
54 56
17 19
50 54
40 43
8 25
38 52
3 58
5 10
19 23
12 35
8 12
11 40
46 50
41 44
21 23
39 46
5 26
23 30
20 31
31 58
46 48
21 31
39 41
1 3
14 32
33 35
11 54
14 24
53 57
38 46
18 31
35 37
47 54
54 57
27 58
38 40
12 32
50 53
16 18
32 58
55 57
22 30
32 35
44 54
46 49
26 28
2 4
6 25
10 12
13 32
16 19
41 43
13 25
12 40
27 29
57 59
37 52
19 21
42 44
32 34
25 29
10 57
5 7
0 1
1 2
2 3
3 4
4 5
5 6
6 7
7 8
8 9
9 10
10 11
11 12
12 13
13 14
14 15
15 16
16 17
17 18
18 19
19 20
20 21
21 22
22 23
23 24
24 25
25 26
26 27
27 28
28 29
29 30
30 31
31 32
32 33
33 34
34 35
35 36
36 37
37 38
38 39
39 40
40 41
41 42
42 43
43 44
44 45
45 46
46 47
47 48
48 49
49 50
50 51
51 52
52 53
53 54
54 55
55 56
56 57
57 58
58 59
59 0
13 50
10 18
23 53
23 58
2 53
18 33
26 32
37 43
15 45
2 57
8 18
5 52
19 32
18 41
27 36
6 22
27 32
23 59
7 13
6 52
48 53
18 37
11 15
2 6
25 32
9 11
55 58
17 45
7 11
38 42
17 42
27 31
30 35
23 36
13 45
44 46
25 36
36 43
7 18
0 2
16 45
29 31
2 22
18 21
53 56
17 44
44 48
2 5
1 22
30 34
23 44
45 47
31 33
4 52
18 34
6 21
37 42
27 30
2 56
6 18
14 45
1 59
7 50
18 38
11 17
21 32
18 36
3 53
34 36
23 54
19 33
21 25
49 51
13 49
49 53
28 31
22 24
11 14
11 13
40 42
26 36
39 42
3 52
23 48
15 17
24 36
11 18
13 48
12 14
38 41
21 24
30 36
28 30
17 41
53 55
22 59
54 58
56 58
6 50
8 10
13 47
2 58
17 43
31 34
51 53
23 43
8 11
0 58
44 47
20 32
6 51
18 20
