0 1
1 2
2 3
3 4
4 5
5 6
6 7
7 8
8 9
9 10
10 11
11 12
12 13
13 14
14 15
15 16
16 17
17 18
18 19
19 20
20 21
21 22
22 23
23 24
24 25
25 26
26 27
27 28
28 29
29 30
30 31
31 32
32 33
33 34
34 35
35 36
36 37
37 38
38 39
39 40
40 41
41 42
42 43
43 44
44 45
45 46
46 47
47 48
48 49
49 50
50 51
51 52
52 53
53 54
54 55
55 56
56 57
57 58
58 59
59 0
3 50
24 33
3 40
3 51
11 52
16 30
38 47
20 48
30 40
4 40
5 11
23 48
18 23
8 54
4 6
25 32
33 47
15 19
17 23
34 40
17 19
4 58
1 57
17 25
23 25
49 51
26 29
25 30
4 56
5 15
14 20
9 54
6 54
51 53
4 15
3 47
39 42
55 57
0 2
20 23
43 46
41 43
11 20
26 30
51 55
29 32
34 38
5 10
4 54
3 46
33 38
37 40
15 30
4 59
12 14
20 52
54 56
6 10
3 55
24 47
24 48
39 44
27 30
18 20
51 54
48 50
31 40
10 52
22 48
5 13
20 51
39 47
0 57
33 40
10 54
3 59
47 50
43 45
34 37
31 33
21 23
24 32
16 25
26 28
14 19
2 55
29 31
36 40
10 53
56 58
5 12
20 49
16 19
40 42
44 47
3 41
20 22
3 43
7 9
7 54
2 57
0 3
26 32
57 59
35 37
34 36
42 44
5 14
38 40
4 30
12 20
7 10
44 46
27 29
0 1
1 2
2 3
3 4
4 5
5 6
6 7
7 8
8 9
9 10
10 11
11 12
12 13
13 14
14 15
15 16
16 17
17 18
18 19
19 20
20 21
21 22
22 23
23 24
24 25
25 26
26 27
27 28
28 29
29 30
30 31
31 32
32 33
33 34
34 35
35 36
36 37
37 38
38 39
39 40
40 41
41 42
42 43
43 44
44 45
45 46
46 47
47 48
48 49
49 50
50 51
51 52
52 53
53 54
54 55
55 56
56 57
57 58
58 59
59 0
0 8
18 22
24 49
10 15
21 49
34 50
23 53
27 39
10 55
4 57
16 56
10 17
40 50
13 56
30 34
25 43
50 56
6 55
15 17
26 53
31 37
43 47
22 49
39 50
34 51
3 8
27 43
1 58
1 3
53 56
42 49
1 8
47 49
5 8
11 15
18 55
23 54
34 53
18 56
56 59
24 53
28 53
3 57
43 48
45 49
27 37
22 54
25 27
25 44
41 50
8 11
16 18
29 53
36 50
37 39
8 10
25 45
2 58
19 50
17 55
51 56
33 37
24 45
12 15
53 55
8 59
12 56
19 56
15 56
5 57
6 8
35 50
8 12
30 53
3 5
24 26
20 50
30 37
27 41
3 58
46 49
13 15
28 37
27 40
37 50
19 21
23 49
30 32
27 42
27 38
1 59
32 34
19 22
14 56
5 56
21 50
29 37
43 49
9 55
7 55
33 36
8 55
32 37
5 55
22 55
33 35
8 56
42 50
27 53
34 52
52 56
45 47
