0 1
1 2
2 3
3 4
4 5
5 6
6 7
7 8
8 9
9 10
10 11
11 12
12 13
13 14
14 15
15 16
16 17
17 18
18 19
19 20
20 21
21 22
22 23
23 24
24 25
25 26
26 27
27 28
28 29
29 30
30 31
31 32
32 33
33 34
34 35
35 36
36 37
37 38
38 39
39 40
40 41
41 42
42 43
43 44
44 45
45 46
46 47
47 48
48 49
49 50
50 51
51 52
52 53
53 54
54 55
55 56
56 57
57 58
58 59
59 0
5 54
4 44
17 46
30 35
24 32
20 22
15 26
24 40
13 26
1 59
2 45
6 41
49 59
20 44
5 52
5 56
49 57
7 47
15 25
7 40
41 44
16 25
19 46
5 47
34 40
28 40
9 26
11 46
12 16
45 48
13 16
54 57
55 57
14 16
28 32
8 40
0 57
18 20
10 12
1 45
21 44
52 57
49 58
2 5
50 52
23 44
47 50
36 40
0 56
28 31
40 43
4 45
33 40
7 9
26 32
28 30
28 36
37 40
3 5
12 46
5 51
9 40
52 54
45 47
30 33
20 23
12 26
30 36
20 46
10 26
11 47
12 17
42 44
45 59
18 46
1 56
32 40
30 32
5 53
38 40
34 37
17 25
18 25
35 37
18 24
1 5
49 52
0 58
5 41
41 43
45 49
9 47
5 7
5 50
24 26
24 43
33 35
37 39
18 23
21 23
9 28
34 39
23 43
29 36
48 50
9 27
6 40
27 32
2 4
4 41
54 56
44 46
10 47
14 26

0 1
1 2
2 3
3 4
4 5
5 6
6 7
7 8
8 9
9 10
10 11
11 12
12 13
13 14
14 15
15 16
16 17
17 18
18 19
19 20
20 21
21 22
22 23
23 24
24 25
25 26
26 27
27 28
28 29
29 30
30 31
31 32
32 33
33 34
34 35
35 36
36 37
37 38
38 39
39 40
40 41
41 42
42 43
43 44
44 45
45 46
46 47
47 48
48 49
49 50
50 51
51 52
52 53
53 54
54 55
55 56
56 57
57 58
58 59
59 0
25 41
14 46
3 44
27 37
6 28
6 51
51 54
56 58
48 56
16 45
29 41
32 38
1 48
7 16
10 48
17 21
1 58
5 44
2 47
25 27
17 43
2 48
16 22
19 21
6 26
52 55
25 39
10 14
29 32
54 58
12 15
29 44
17 20
19 23
31 40
2 44
1 3
6 10
53 55
34 38
51 55
19 25
8 10
32 39
6 50
10 49
4 58
25 43
6 16
8 15
49 51
33 36
33 37
4 51
1 57
48 55
8 11
15 45
8 16
31 39
29 31
5 28
11 13
16 26
16 23
12 14
16 24
29 40
51 53
16 21
16 44
26 28
10 50
11 14
27 33
19 43
49 55
25 40
34 36
35 38
9 11
7 10
29 42
48 57
14 48
25 37
11 15
30 40
17 44
17 19
44 47
25 42
23 25
5 29
14 47
1 4
27 29
55 58
25 38
19 22
51 58
18 43
36 38
4 59
4 6
29 43
33 38
0 4
29 33
14 45
