0 1
1 2
2 3
3 4
4 5
5 6
6 7
7 8
8 9
9 10
10 11
11 12
12 13
13 14
14 15
15 16
16 17
17 18
18 19
19 20
20 21
21 22
22 23
23 24
24 25
25 26
26 27
27 28
28 29
29 30
30 31
31 32
32 33
33 34
34 35
35 36
36 37
37 38
38 39
39 40
40 41
41 42
42 43
43 44
44 45
45 46
46 47
47 48
48 49
49 50
50 51
51 52
52 53
53 54
54 55
55 56
56 57
57 58
58 59
59 0
24 29
49 59
28 54
46 50
19 46
27 54
11 13
21 56
7 14
49 55
28 46
52 55
11 21
55 59
7 11
21 59
15 46
32 43
20 32
4 46
30 36
40 45
20 23
29 46
20 31
5 8
33 43
2 59
20 22
7 46
51 55
38 40
11 15
7 12
3 9
5 7
9 11
17 20
31 36
22 55
19 32
0 10
35 42
35 39
26 28
40 46
16 19
48 50
33 36
39 41
33 35
46 48
50 55
36 38
52 54
1 59
47 59
20 30
46 54
22 56
15 17
11 14
56 59
5 9
38 46
25 29
41 43
43 45
4 47
22 25
4 59
40 43
6 8
3 10
50 53
14 46
0 2
30 38
11 17
26 55
32 36
16 46
2 10
43 46
24 30
30 37
20 24
36 39
25 28
51 53
10 21
3 59
57 59
30 46
34 42
32 46
46 53
26 54
25 55
34 43
39 42
7 9
55 57
48 59
7 13
56 58
4 7
17 21
10 59
18 20
4 9
23 25
44 46
16 18

0 1
1 2
2 3
3 4
4 5
5 6
6 7
7 8
8 9
9 10
10 11
11 12
12 13
13 14
14 15
15 16
16 17
17 18
18 19
19 20
20 21
21 22
22 23
23 24
24 25
25 26
26 27
27 28
28 29
29 30
30 31
31 32
32 33
33 34
34 35
35 36
36 37
37 38
38 39
39 40
40 41
41 42
42 43
43 44
44 45
45 46
46 47
47 48
48 49
49 50
50 51
51 52
52 53
53 54
54 55
55 56
56 57
57 58
58 59
59 0
10 18
3 28
20 53
6 13
20 57
31 54
44 48
43 54
32 45
25 32
44 54
23 32
0 9
0 3
25 30
47 50
34 37
38 44
2 54
3 17
22 46
40 54
10 12
4 6
20 27
36 54
2 57
24 32
1 58
42 44
47 51
44 50
20 55
21 24
31 34
24 26
18 28
22 51
47 49
22 32
37 44
10 19
36 40
10 57
12 16
38 42
14 17
34 45
7 10
2 30
8 10
21 27
6 10
21 52
0 5
18 27
10 17
12 15
4 13
37 39
22 52
10 13
13 15
44 47
44 51
25 31
31 33
21 26
4 14
1 57
44 49
9 58
9 57
20 52
0 58
44 52
54 57
37 40
2 28
45 47
31 35
27 30
35 37
35 54
4 17
40 42
30 54
3 18
22 45
38 41
44 53
28 30
0 4
27 29
9 59
0 8
46 51
19 57
21 23
19 27
20 54
20 56
0 6
26 30
42 54
14 16
37 45
0 7
1 3
33 45
54 56
12 17
