0 1
1 2
2 3
3 4
4 5
5 6
6 7
7 8
8 9
9 10
10 11
11 12
12 13
13 14
14 15
15 16
16 17
17 18
18 19
19 20
20 21
21 22
22 23
23 24
24 25
25 26
26 27
27 28
28 29
29 30
30 31
31 32
32 33
33 34
34 35
35 36
36 37
37 38
38 39
39 40
40 41
41 42
42 43
43 44
44 45
45 46
46 47
47 48
48 49
49 50
50 51
51 52
52 53
53 54
54 55
55 56
56 57
57 58
58 59
59 0
36 46
9 48
28 50
27 50
17 36
2 26
51 58
0 55
38 50
30 36
5 58
6 48
20 36
10 16
5 25
8 17
41 45
8 20
24 27
43 48
21 34
3 59
51 57
27 30
2 5
36 48
5 49
9 16
15 17
21 30
48 50
3 5
36 47
56 59
22 27
8 22
43 46
43 45
13 15
14 17
1 3
9 12
2 51
5 26
27 51
2 27
37 46
42 50
6 23
38 41
28 38
46 48
28 37
16 36
52 54
42 44
41 44
53 57
20 34
8 12
55 59
30 34
6 8
9 11
2 54
22 30
34 36
39 41
27 29
40 46
1 55
30 37
49 51
2 55
6 22
37 39
30 33
13 16
5 48
19 36
24 26
17 19
8 13
57 59
5 51
23 25
33 35
28 30
55 57
52 57
6 25
5 59
43 50
8 19
31 36
4 59
39 46
8 48
20 22
22 24
16 48
40 45
32 35
8 14
41 50
18 36
12 16
53 55
30 32
32 36
10 12
0 3
7 48
51 54
0 1
1 2
2 3
3 4
4 5
5 6
6 7
7 8
8 9
9 10
10 11
11 12
12 13
13 14
14 15
15 16
16 17
17 18
18 19
19 20
20 21
21 22
22 23
23 24
24 25
25 26
26 27
27 28
28 29
29 30
30 31
31 32
32 33
33 34
34 35
35 36
36 37
37 38
38 39
39 40
40 41
41 42
42 43
43 44
44 45
45 46
46 47
47 48
48 49
49 50
50 51
51 52
52 53
53 54
54 55
55 56
56 57
57 58
58 59
59 0
31 48
7 19
18 37
2 40
2 47
5 50
50 59
5 20
8 11
2 12
41 43
39 44
8 16
41 47
3 53
52 56
17 37
23 36
5 9
32 37
29 36
15 37
5 10
27 31
25 36
29 34
23 50
16 18
23 49
0 56
5 19
14 16
18 21
26 28
23 37
12 15
37 48
47 59
51 59
5 53
38 48
25 48
33 37
3 56
41 46
3 55
2 15
5 21
3 12
5 12
19 21
23 48
39 48
37 40
5 22
26 29
49 59
5 11
5 23
0 2
0 57
16 37
44 48
34 37
40 44
27 48
29 31
4 53
29 35
38 40
0 58
45 48
21 37
54 56
7 16
22 37
16 19
52 58
0 47
2 41
48 59
11 13
25 29
32 34
4 12
2 37
5 8
11 16
52 59
5 52
26 48
56 58
8 10
24 48
28 31
35 37
11 14
42 46
2 56
24 36
1 47
40 43
44 46
53 56
3 54
32 48
12 14
31 34
6 19
45 47
5 7
50 52
