0 1
1 2
2 3
3 4
4 5
5 6
6 7
7 8
8 9
9 10
10 11
11 12
12 13
13 14
14 15
15 16
16 17
17 18
18 19
19 20
20 21
21 22
22 23
23 24
24 25
25 26
26 27
27 28
28 29
29 30
30 31
31 32
32 33
33 34
34 35
35 36
36 37
37 38
38 39
39 40
40 41
41 42
42 43
43 44
44 45
45 46
46 47
47 48
48 49
49 50
50 51
51 52
52 53
53 54
54 55
55 56
56 57
57 58
58 59
59 0
40 58
29 33
6 44
20 36
19 22
0 34
9 44
6 56
1 5
23 35
7 13
53 55
40 55
0 33
19 30
40 53
18 31
48 52
11 36
26 29
37 58
41 53
49 56
22 28
26 34
50 54
40 42
15 33
12 14
44 49
14 36
45 53
11 40
17 20
7 11
20 23
7 33
37 39
17 32
52 54
14 17
14 20
20 22
4 58
5 57
22 25
19 31
0 37
1 59
26 35
55 58
43 53
36 38
46 53
0 36
9 43
25 28
7 15
15 17
9 11
29 34
42 53
49 54
48 51
4 59
48 53
17 31
7 44
1 3
18 20
36 39
23 25
56 58
50 52
47 49
8 44
12 36
5 7
46 48
39 58
15 32
0 58
5 58
20 35
9 40
45 47
25 35
21 23
16 32
2 4
54 56
8 11
25 27
45 49
22 24
44 53
27 29
3 59
7 12
22 29
2 5
48 50
36 40
34 36
30 32
5 56
9 42
8 10
13 15
44 56
0 7
0 5
29 32
19 29

0 1
1 2
2 3
3 4
4 5
5 6
6 7
7 8
8 9
9 10
10 11
11 12
12 13
13 14
14 15
15 16
16 17
17 18
18 19
19 20
20 21
21 22
22 23
23 24
24 25
25 26
26 27
27 28
28 29
29 30
30 31
31 32
32 33
33 34
34 35
35 36
36 37
37 38
38 39
39 40
40 41
41 42
42 43
43 44
44 45
45 46
46 47
47 48
48 49
49 50
50 51
51 52
52 53
53 54
54 55
55 56
56 57
57 58
58 59
59 0
4 15
36 53
13 57
31 47
33 55
27 32
8 14
25 50
30 48
44 52
22 52
4 8
2 16
4 13
24 55
43 45
16 59
15 55
43 47
19 21
44 50
2 57
31 33
54 58
41 43
4 6
38 44
20 53
25 52
16 55
34 39
38 40
0 16
39 42
31 43
25 30
25 29
29 31
31 34
33 35
33 54
17 55
36 54
6 14
37 44
46 49
24 32
17 58
2 59
10 13
18 24
17 59
18 55
2 13
6 8
28 32
4 11
43 46
35 39
9 14
14 55
28 31
21 24
44 46
10 12
19 58
22 53
38 41
3 13
54 57
2 15
20 58
31 42
25 49
25 32
37 52
35 38
5 14
11 13
57 59
13 56
13 55
25 48
21 53
31 39
24 52
4 9
20 54
26 28
36 52
18 21
3 15
41 44
5 15
35 37
7 14
24 33
55 57
18 58
4 10
39 41
35 54
25 51
10 14
0 2
23 52
46 50
31 48
44 51
1 16
26 32
