0 1
1 2
2 3
3 4
4 5
5 6
6 7
7 8
8 9
9 10
10 11
11 12
12 13
13 14
14 15
15 16
16 17
17 18
18 19
19 20
20 21
21 22
22 23
23 24
24 25
25 26
26 27
27 28
28 29
29 30
30 31
31 32
32 33
33 34
34 35
35 36
36 37
37 38
38 39
39 40
40 41
41 42
42 43
43 44
44 45
45 46
46 47
47 48
48 49
49 50
50 51
51 52
52 53
53 54
54 55
55 56
56 57
57 58
58 59
59 0
14 26
38 59
4 45
0 32
19 30
27 34
14 36
44 57
8 38
1 52
1 7
15 18
16 26
5 45
11 38
24 29
49 54
9 13
0 14
19 26
44 56
3 49
43 59
0 55
8 44
0 53
49 51
1 8
22 24
21 30
36 38
1 3
12 37
50 54
35 38
51 53
0 56
0 8
8 40
2 6
3 48
33 59
14 16
46 49
22 25
34 59
26 36
5 44
0 31
19 22
19 31
6 8
56 58
8 10
41 59
32 34
26 34
40 43
44 54
8 13
28 32
20 22
17 26
56 59
41 43
10 12
22 29
44 49
3 45
29 32
13 36
23 25
3 47
43 57
3 52
53 55
16 18
38 41
2 5
26 28
25 29
22 26
11 37
10 13
3 46
0 52
44 55
14 18
8 43
38 40
51 54
10 38
28 34
43 58
18 26
0 18
22 30
2 7
35 59
34 36
19 21
0 33
6 44
8 39
0 13
29 31
18 31
46 48
44 46
42 59
13 37
25 28
3 5
49 52
0 1
1 2
2 3
3 4
4 5
5 6
6 7
7 8
8 9
9 10
10 11
11 12
12 13
13 14
14 15
15 16
16 17
17 18
18 19
19 20
20 21
21 22
22 23
23 24
24 25
25 26
26 27
27 28
28 29
29 30
30 31
31 32
32 33
33 34
34 35
35 36
36 37
37 38
38 39
39 40
40 41
41 42
42 43
43 44
44 45
45 46
46 47
47 48
48 49
49 50
50 51
51 52
52 53
53 54
54 55
55 56
56 57
57 58
58 59
59 0
6 36
10 34
13 41
23 28
42 57
17 33
47 59
53 59
24 39
4 7
8 47
42 53
0 2
1 41
28 33
54 59
3 37
10 17
30 34
20 23
55 59
26 29
44 47
25 36
44 50
11 17
28 31
24 38
18 22
11 44
2 59
15 41
3 39
9 47
47 49
46 50
24 36
42 51
29 35
23 41
1 40
0 58
55 58
24 41
9 34
19 23
12 43
30 35
30 32
9 35
11 13
48 53
10 47
24 28
42 52
44 51
22 28
18 33
54 57
4 59
11 16
25 27
13 15
1 57
10 44
5 7
7 9
29 36
22 33
6 35
7 35
24 27
13 42
3 40
5 36
48 51
31 33
30 33
47 50
45 47
18 21
7 59
37 39
55 57
42 54
48 50
0 57
45 50
11 14
43 51
28 30
15 17
4 36
2 4
11 15
24 37
12 42
41 57
8 59
10 33
17 41
12 44
18 23
3 36
17 23
48 59
2 40
39 41
21 23
54 56
27 29
48 52
18 20
