0 1
1 2
2 3
3 4
4 5
5 6
6 7
7 8
8 9
9 10
10 11
11 12
12 13
13 14
14 15
15 16
16 17
17 18
18 19
19 20
20 21
21 22
22 23
23 24
24 25
25 26
26 27
27 28
28 29
29 30
30 31
31 32
32 33
33 34
34 35
35 36
36 37
37 38
38 39
39 40
40 41
41 42
42 43
43 44
44 45
45 46
46 47
47 48
48 49
49 50
50 51
51 52
52 53
53 54
54 55
55 56
56 57
57 58
58 59
59 0
8 28
26 35
53 55
30 58
26 37
19 38
36 38
9 57
43 49
33 42
19 37
19 45
20 26
8 12
46 54
14 45
32 34
11 13
3 9
8 20
26 34
27 32
23 25
33 49
20 37
8 30
52 55
38 45
32 55
43 46
20 22
15 45
30 32
23 28
12 19
3 58
13 55
52 54
6 30
14 46
35 41
33 52
9 13
21 26
51 54
39 44
2 6
35 40
0 2
22 25
33 43
10 13
14 54
1 6
3 59
14 18
31 58
5 7
8 10
31 57
23 26
17 45
34 42
0 3
12 20
35 42
13 56
13 57
10 12
14 55
35 39
14 17
35 38
3 7
18 45
40 42
33 55
26 32
1 58
39 45
39 42
28 30
12 18
31 56
4 7
28 32
26 36
0 58
47 54
32 56
3 5
47 51
7 30
43 48
49 51
3 57
8 22
26 28
22 24
7 9
8 29
1 30
2 5
33 51
16 45
42 44
22 26
15 17
44 46
46 48
13 18
47 49
8 23
33 50

0 1
1 2
2 3
3 4
4 5
5 6
6 7
7 8
8 9
9 10
10 11
11 12
12 13
13 14
14 15
15 16
16 17
17 18
18 19
19 20
20 21
21 22
22 23
23 24
24 25
25 26
26 27
27 28
28 29
29 30
30 31
31 32
32 33
33 34
34 35
35 36
36 37
37 38
38 39
39 40
40 41
41 42
42 43
43 44
44 45
45 46
46 47
47 48
48 49
49 50
50 51
51 52
52 53
53 54
54 55
55 56
56 57
57 58
58 59
59 0
32 58
7 48
10 45
53 58
14 40
15 32
34 41
37 39
20 38
50 53
13 32
5 59
5 58
4 13
25 31
27 29
49 55
2 58
17 39
37 41
15 39
25 32
54 58
33 46
6 10
18 20
16 21
7 50
32 35
11 14
26 30
25 27
39 41
23 29
48 55
20 32
17 19
50 52
15 24
18 39
23 31
50 58
33 47
20 39
3 13
56 58
40 45
2 4
40 43
6 11
16 23
16 22
1 4
34 44
20 31
26 31
6 58
48 50
29 31
25 28
15 40
19 21
50 54
41 43
16 39
32 37
47 55
50 55
25 29
35 37
6 13
6 9
0 5
1 5
8 46
13 58
34 43
34 45
6 8
33 58
24 32
15 23
34 46
34 36
13 15
47 57
22 31
24 29
40 44
21 31
51 53
55 57
7 58
12 14
1 59
2 13
9 45
33 35
11 45
27 30
55 58
9 46
7 47
34 37
2 59
32 38
47 58
7 46
5 13
51 58
6 12
17 21
11 40
