0 1
1 2
2 3
3 4
4 5
5 6
6 7
7 8
8 9
9 10
10 11
11 12
12 13
13 14
14 15
15 16
16 17
17 18
18 19
19 20
20 21
21 22
22 23
23 24
24 25
25 26
26 27
27 28
28 29
29 30
30 31
31 32
32 33
33 34
34 35
35 36
36 37
37 38
38 39
39 40
40 41
41 42
42 43
43 44
44 45
45 46
46 47
47 48
48 49
49 50
50 51
51 52
52 53
53 54
54 55
55 56
56 57
57 58
58 59
59 0
6 34
4 13
44 57
1 59
18 46
39 42
24 40
18 56
37 44
35 38
4 59
7 11
31 38
3 5
11 34
18 55
50 53
20 46
22 25
6 58
6 35
18 34
16 57
5 7
21 26
37 43
41 45
26 32
18 51
28 40
20 24
3 58
44 58
0 2
48 50
27 29
22 24
19 32
16 56
39 43
18 52
2 59
13 16
37 39
3 6
27 31
15 58
13 58
37 58
47 49
18 48
18 54
13 15
25 28
11 18
6 37
1 58
25 27
9 12
28 30
8 13
45 49
45 56
45 57
32 35
7 13
6 36
31 39
20 32
18 47
45 47
27 32
41 43
40 46
25 40
7 34
39 41
16 58
8 11
54 56
13 17
43 45
30 40
20 23
18 20
45 50
45 53
8 12
21 25
24 46
19 34
45 54
20 22
21 32
35 37
13 18
18 50
5 13
19 33
17 56
33 35
52 54
3 59
8 10
14 58
31 35
2 58
10 12
31 40
51 53
41 46
27 30
13 59
11 13
0 1
1 2
2 3
3 4
4 5
5 6
6 7
7 8
8 9
9 10
10 11
11 12
12 13
13 14
14 15
15 16
16 17
17 18
18 19
19 20
20 21
21 22
22 23
23 24
24 25
25 26
26 27
27 28
28 29
29 30
30 31
31 32
32 33
33 34
34 35
35 36
36 37
37 38
38 39
39 40
40 41
41 42
42 43
43 44
44 45
45 46
46 47
47 48
48 49
49 50
50 51
51 52
52 53
53 54
54 55
55 56
56 57
57 58
58 59
59 0
15 56
38 56
7 16
3 9
30 58
49 54
21 46
28 59
19 22
21 31
0 18
6 8
35 43
5 9
15 17
21 34
44 48
33 57
22 27
2 15
23 29
34 56
20 56
20 50
7 18
28 58
22 31
39 55
42 48
45 48
6 9
21 49
15 59
37 42
20 53
35 44
3 15
19 59
34 57
10 15
0 7
38 40
36 42
12 15
35 45
35 42
7 14
9 15
0 4
20 51
34 36
9 13
19 56
22 30
2 4
37 40
40 48
17 19
34 37
7 15
50 54
21 50
32 58
1 4
31 33
51 54
7 17
35 46
48 55
8 14
22 29
39 48
22 28
21 35
12 14
21 48
24 27
40 42
15 57
9 14
53 55
31 58
24 26
26 28
33 58
22 59
21 47
25 29
23 25
0 15
10 13
20 52
48 54
42 44
57 59
46 48
0 6
19 21
21 33
4 6
53 56
41 48
37 56
39 56
1 15
23 27
18 59
26 29
4 9
11 15
29 58
15 19
