0 1
1 2
2 3
3 4
4 5
5 6
6 7
7 8
8 9
9 10
10 11
11 12
12 13
13 14
14 15
15 16
16 17
17 18
18 19
19 20
20 21
21 22
22 23
23 24
24 25
25 26
26 27
27 28
28 29
29 30
30 31
31 32
32 33
33 34
34 35
35 36
36 37
37 38
38 39
39 40
40 41
41 42
42 43
43 44
44 45
45 46
46 47
47 48
48 49
49 50
50 51
51 52
52 53
53 54
54 55
55 56
56 57
57 58
58 59
59 0
8 42
23 27
7 25
7 45
2 33
7 17
35 46
32 38
18 27
12 39
7 58
13 16
7 54
2 26
50 55
33 58
6 59
26 30
41 46
7 19
46 50
52 55
5 59
35 58
3 25
9 40
49 56
29 39
13 39
7 57
56 58
28 30
33 59
38 40
42 45
2 5
7 12
14 27
19 27
35 37
7 46
12 40
7 10
7 56
32 39
51 54
27 39
49 58
4 7
2 30
30 32
23 26
48 58
36 40
7 51
13 27
29 31
8 41
17 27
7 59
40 46
10 40
26 28
34 58
19 22
19 21
2 32
41 44
31 39
20 25
46 51
41 43
2 59
7 13
35 40
35 47
1 5
13 17
22 24
8 45
34 38
35 48
51 55
3 26
17 19
53 55
47 49
22 25
5 7
15 17
51 53
37 40
9 41
41 45
22 27
14 17
50 56
46 49
43 45
23 25
28 39
3 5
1 59
0 2
10 12
19 25
20 22
8 10
13 15
35 38
54 56
33 38
7 11
3 7
0 1
1 2
2 3
3 4
4 5
5 6
6 7
7 8
8 9
9 10
10 11
11 12
12 13
13 14
14 15
15 16
16 17
17 18
18 19
19 20
20 21
21 22
22 23
23 24
24 25
25 26
26 27
27 28
28 29
29 30
30 31
31 32
32 33
33 34
34 35
35 36
36 37
37 38
38 39
39 40
40 41
41 42
42 43
43 44
44 45
45 46
46 47
47 48
48 49
49 50
50 51
51 52
52 53
53 54
54 55
55 56
56 57
57 58
58 59
59 0
38 59
7 41
0 41
49 53
43 59
22 35
8 19
46 59
1 37
18 23
19 40
11 15
44 58
46 57
25 35
13 34
28 33
45 59
1 3
1 7
21 38
1 8
45 49
23 31
19 38
13 31
26 29
39 59
25 30
47 56
41 59
11 19
13 33
44 57
30 33
47 53
25 29
12 35
51 57
22 36
12 37
49 57
45 48
16 31
18 20
9 19
10 37
27 34
0 5
21 36
42 58
28 34
17 23
12 14
41 58
24 35
15 19
1 4
27 29
49 52
16 18
47 55
2 4
14 16
0 38
15 18
36 38
50 57
8 40
46 56
39 43
52 54
39 41
18 21
23 30
0 3
0 37
29 33
52 56
57 59
14 31
39 42
7 40
26 34
43 58
25 34
49 51
48 53
46 48
44 49
12 15
0 6
6 41
47 54
11 37
17 31
52 57
18 22
24 30
12 34
19 39
13 32
1 10
31 33
4 6
0 4
1 9
12 36
9 11
1 6
20 38
44 59
23 35
