0 1
1 2
2 3
3 4
4 5
5 6
6 7
7 8
8 9
9 10
10 11
11 12
12 13
13 14
14 15
15 16
16 17
17 18
18 19
19 20
20 21
21 22
22 23
23 24
24 25
25 26
26 27
27 28
28 29
29 30
30 31
31 32
32 33
33 34
34 35
35 36
36 37
37 38
38 39
39 40
40 41
41 42
42 43
43 44
44 45
45 46
46 47
47 48
48 49
49 50
50 51
51 52
52 53
53 54
54 55
55 56
56 57
57 58
58 59
59 0
16 18
15 59
28 56
53 58
8 32
1 36
47 51
34 55
19 30
39 48
18 58
8 36
0 2
41 58
18 23
20 28
8 14
23 28
37 50
16 31
6 8
8 16
25 28
2 11
54 57
2 15
41 47
32 56
17 59
37 55
23 25
2 6
41 59
49 51
19 23
52 58
4 9
36 59
43 58
3 6
45 51
5 9
2 10
18 56
43 52
39 41
19 29
23 56
22 28
33 35
54 58
32 34
22 24
51 55
13 15
4 10
3 10
39 50
0 36
24 28
55 57
11 15
18 31
24 26
2 59
30 56
19 22
10 14
45 52
38 40
18 30
38 59
41 48
1 8
30 32
5 7
41 45
9 14
48 50
20 29
21 28
42 44
37 51
1 6
19 21
7 9
35 37
40 59
51 53
16 59
43 45
4 6
8 33
35 55
16 32
45 47
37 39
37 59
12 15
41 43
42 45
11 13
26 28
24 27
32 55
14 16
18 57
10 13
17 58
33 36
53 55
29 56
48 51
46 51
0 1
1 2
2 3
3 4
4 5
5 6
6 7
7 8
8 9
9 10
10 11
11 12
12 13
13 14
14 15
15 16
16 17
17 18
18 19
19 20
20 21
21 22
22 23
23 24
24 25
25 26
26 27
27 28
28 29
29 30
30 31
31 32
32 33
33 34
34 35
35 36
36 37
37 38
38 39
39 40
40 41
41 42
42 43
43 44
44 45
45 46
46 47
47 48
48 49
49 50
50 51
51 52
52 53
53 54
54 55
55 56
56 57
57 58
58 59
59 0
3 5
15 19
18 45
28 37
9 40
48 59
3 45
9 39
6 41
28 38
28 40
48 52
14 25
18 48
11 38
15 17
10 54
3 43
49 54
52 59
32 40
12 14
3 8
32 36
22 42
9 41
31 36
17 19
16 54
3 46
1 46
20 25
14 38
25 42
53 56
10 58
31 40
30 36
15 20
13 54
3 59
15 25
35 40
4 42
54 56
6 42
4 43
9 11
0 3
26 38
45 48
25 38
1 3
47 59
24 42
34 40
27 41
5 42
53 57
26 41
28 30
21 42
53 59
5 8
16 48
30 40
21 25
10 56
25 41
7 41
11 54
19 42
36 39
49 53
16 49
1 47
3 9
23 42
29 36
18 44
50 53
32 35
56 58
21 23
19 44
8 41
13 16
28 36
21 24
11 14
20 42
12 54
9 59
27 40
10 55
2 46
10 59
3 44
36 40
46 48
57 59
19 43
27 38
36 38
50 52
9 38
17 48
49 52
0 47
33 40
