0 1
1 2
2 3
3 4
4 5
5 6
6 7
7 8
8 9
9 10
10 11
11 12
12 13
13 14
14 15
15 16
16 17
17 18
18 19
19 20
20 21
21 22
22 23
23 24
24 25
25 26
26 27
27 28
28 29
29 30
30 31
31 32
32 33
33 34
34 35
35 36
36 37
37 38
38 39
39 40
40 41
41 42
42 43
43 44
44 45
45 46
46 47
47 48
48 49
49 50
50 51
51 52
52 53
53 54
54 55
55 56
56 57
57 58
58 59
59 0
3 38
6 51
19 32
27 48
1 6
13 22
37 48
6 13
12 51
47 50
4 34
42 50
22 51
40 53
24 50
41 43
19 26
11 51
51 53
40 46
43 50
19 33
15 33
0 58
51 55
31 48
48 50
44 46
40 59
23 50
2 59
35 38
29 48
26 30
4 6
17 22
46 50
33 48
40 50
40 57
18 20
37 39
2 4
50 53
55 58
18 22
21 26
26 28
17 19
39 47
9 13
28 48
13 16
4 33
51 54
6 55
32 48
4 38
22 24
33 36
25 49
14 33
16 33
40 44
40 54
21 25
30 32
25 27
1 59
13 33
39 48
1 5
9 12
34 36
40 42
22 25
13 51
34 38
8 51
1 58
22 50
26 32
36 48
8 11
36 38
8 10
52 54
40 58
40 56
56 58
24 49
30 48
43 45
25 48
9 11
39 46
2 39
7 9
39 59
2 5
13 17
40 43
6 58
45 50
6 8
14 16
2 38
28 30
18 21
19 21
54 56
4 13
16 19
6 9

0 1
1 2
2 3
3 4
4 5
5 6
6 7
7 8
8 9
9 10
10 11
11 12
12 13
13 14
14 15
15 16
16 17
17 18
18 19
19 20
20 21
21 22
22 23
23 24
24 25
25 26
26 27
27 28
28 29
29 30
30 31
31 32
32 33
33 34
34 35
35 36
36 37
37 38
38 39
39 40
40 41
41 42
42 43
43 44
44 45
45 46
46 47
47 48
48 49
49 50
50 51
51 52
52 53
53 54
54 55
55 56
56 57
57 58
58 59
59 0
35 59
15 59
10 30
57 59
20 29
5 44
2 15
5 34
37 42
10 31
21 32
5 35
36 42
1 51
40 45
2 46
28 31
16 30
21 33
19 35
37 59
5 36
40 55
0 54
7 32
20 33
41 45
49 54
2 45
16 35
40 47
25 31
12 14
20 27
5 15
37 58
38 56
13 30
1 53
1 49
7 11
17 29
40 48
56 59
46 49
49 55
38 42
5 32
23 26
1 54
11 14
25 28
22 31
37 57
32 34
49 53
8 32
3 15
0 56
21 23
42 45
11 30
11 15
17 35
11 13
17 30
20 26
38 41
0 55
7 15
47 49
18 29
13 15
4 44
1 52
19 29
9 31
27 29
0 15
38 57
1 50
20 34
3 5
5 43
19 34
39 55
1 15
36 59
29 31
38 40
2 44
2 49
3 44
49 51
48 55
38 55
22 32
6 32
15 30
18 35
7 10
6 15
24 26
49 52
42 44
36 43
9 32
15 35
23 25
45 47
23 31
20 23
