0 1
1 2
2 3
3 4
4 5
5 6
6 7
7 8
8 9
9 10
10 11
11 12
12 13
13 14
14 15
15 16
16 17
17 18
18 19
19 20
20 21
21 22
22 23
23 24
24 25
25 26
26 27
27 28
28 29
29 30
30 31
31 32
32 33
33 34
34 35
35 36
36 37
37 38
38 39
39 40
40 41
41 42
42 43
43 44
44 45
45 46
46 47
47 48
48 49
49 50
50 51
51 52
52 53
53 54
54 55
55 56
56 57
57 58
58 59
59 0
17 48
37 53
21 54
45 49
42 49
22 39
15 56
17 49
31 53
27 32
29 53
9 19
43 46
18 20
3 20
17 42
28 54
25 36
50 55
22 36
31 35
21 57
40 42
38 42
5 7
29 54
42 50
49 56
6 9
21 58
38 40
11 19
1 9
21 56
2 6
25 54
42 45
27 36
20 41
9 12
47 49
14 58
14 59
14 17
20 40
34 36
52 55
14 19
32 34
38 53
20 39
36 53
1 14
14 57
33 36
43 47
10 12
1 20
9 14
28 32
20 42
50 52
42 47
23 54
20 22
14 56
5 8
15 49
37 39
29 32
53 55
44 46
0 58
31 36
3 9
1 3
12 19
38 52
16 49
15 17
42 52
4 6
24 54
42 51
18 42
17 19
2 4
9 20
7 9
32 36
22 24
30 32
31 34
10 19
22 37
45 47
22 25
17 47
26 54
26 36
3 8
29 31
50 56
26 28
21 23
2 9
0 20
9 13
12 14
0 14
42 44
4 8
54 56
20 58

0 1
1 2
2 3
3 4
4 5
5 6
6 7
7 8
8 9
9 10
10 11
11 12
12 13
13 14
14 15
15 16
16 17
17 18
18 19
19 20
20 21
21 22
22 23
23 24
24 25
25 26
26 27
27 28
28 29
29 30
30 31
31 32
32 33
33 34
34 35
35 36
36 37
37 38
38 39
39 40
40 41
41 42
42 43
43 44
44 45
45 46
46 47
47 48
48 49
49 50
50 51
51 52
52 53
53 54
54 55
55 56
56 57
57 58
58 59
59 0
10 56
16 23
11 56
27 59
26 56
2 56
12 21
30 48
8 24
38 54
40 53
54 58
30 45
34 58
28 56
40 47
12 17
29 59
32 41
11 14
0 25
16 56
9 23
7 25
13 16
35 38
33 41
32 45
30 33
32 43
0 2
41 44
28 55
48 51
37 41
29 52
49 51
16 20
26 59
5 10
12 18
2 7
2 58
25 56
56 58
35 58
4 56
4 10
7 10
50 53
0 26
10 23
10 21
6 10
45 48
4 7
34 41
11 15
35 41
31 45
46 48
32 44
16 22
28 53
29 34
16 21
48 53
13 15
11 13
1 25
27 29
16 24
8 23
7 24
13 17
30 34
27 56
40 44
10 22
2 25
48 52
8 10
51 53
55 57
16 25
39 54
16 18
29 58
47 53
41 43
39 53
36 38
35 37
40 46
18 21
3 7
55 58
2 59
16 19
31 33
32 42
39 41
35 54
30 52
28 52
40 45
3 56
48 50
19 21
11 16
11 21
38 41
