0 1
1 2
2 3
3 4
4 5
5 6
6 7
7 8
8 9
9 10
10 11
11 12
12 13
13 14
14 15
15 16
16 17
17 18
18 19
19 20
20 21
21 22
22 23
23 24
24 25
25 26
26 27
27 28
28 29
29 30
30 31
31 32
32 33
33 34
34 35
35 36
36 37
37 38
38 39
39 40
40 41
41 42
42 43
43 44
44 45
45 46
46 47
47 48
48 49
49 50
50 51
51 52
52 53
53 54
54 55
55 56
56 57
57 58
58 59
59 0
47 58
29 32
7 18
11 13
7 41
7 37
24 28
35 50
12 30
2 28
36 48
35 37
3 25
13 21
9 13
52 58
7 35
5 18
1 54
2 27
3 6
16 21
1 42
13 16
3 23
9 18
28 54
50 52
22 24
46 59
34 54
2 25
7 40
0 46
30 32
48 50
47 52
7 32
36 41
0 57
5 20
55 57
20 23
7 39
42 46
15 18
3 42
36 44
18 20
8 32
53 55
5 7
12 31
42 44
19 21
46 48
21 30
45 48
7 38
38 40
13 30
2 54
53 58
0 58
37 41
56 58
15 17
50 54
52 54
41 43
1 3
22 30
17 21
32 54
33 35
3 7
36 45
10 32
9 11
12 32
13 15
3 24
21 23
1 57
28 32
47 59
35 49
24 27
14 18
25 27
34 50
22 29
55 58
0 42
8 18
37 40
4 23
11 32
54 57
24 26
17 19
24 29
35 48
3 5
47 51
4 20
8 10
33 54
36 43
44 46
9 14
48 51
7 42
7 33
0 1
1 2
2 3
3 4
4 5
5 6
6 7
7 8
8 9
9 10
10 11
11 12
12 13
13 14
14 15
15 16
16 17
17 18
18 19
19 20
20 21
21 22
22 23
23 24
24 25
25 26
26 27
27 28
28 29
29 30
30 31
31 32
32 33
33 34
34 35
35 36
36 37
37 38
38 39
39 40
40 41
41 42
42 43
43 44
44 45
45 46
46 47
47 48
48 49
49 50
50 51
51 52
52 53
53 54
54 55
55 56
56 57
57 58
58 59
59 0
49 54
8 37
33 50
7 44
11 58
4 59
15 25
18 30
25 53
40 45
5 45
34 47
8 42
1 11
8 38
18 29
10 36
48 56
6 11
15 21
14 55
43 45
32 53
13 33
13 34
4 6
5 48
26 28
15 30
8 11
40 43
47 49
39 47
34 36
9 36
15 31
48 58
36 47
29 53
40 46
14 56
51 54
23 25
25 54
23 28
8 39
16 30
32 50
15 54
32 52
11 34
2 59
14 33
1 6
28 53
16 20
12 58
2 6
19 29
12 57
7 43
1 59
49 51
45 47
8 40
47 50
30 53
4 58
12 14
37 39
49 56
6 45
20 22
0 2
33 47
5 58
2 4
39 46
15 33
10 34
25 28
12 56
8 43
7 45
14 54
51 53
36 39
48 57
21 25
10 35
11 59
49 55
20 29
15 32
20 28
5 47
27 53
9 37
22 28
40 42
3 59
8 41
16 19
6 8
12 34
22 25
17 30
15 20
16 18
26 53
32 51
31 53
