0 1
1 2
2 3
3 4
4 5
5 6
6 7
7 8
8 9
9 10
10 11
11 12
12 13
13 14
14 15
15 16
16 17
17 18
18 19
19 20
20 21
21 22
22 23
23 24
24 25
25 26
26 27
27 28
28 29
29 30
30 31
31 32
32 33
33 34
34 35
35 36
36 37
37 38
38 39
39 40
40 41
41 42
42 43
43 44
44 45
45 46
46 47
47 48
48 49
49 50
50 51
51 52
52 53
53 54
54 55
55 56
56 57
57 58
58 59
59 0
31 44
20 58
11 39
1 18
47 54
28 58
43 51
41 54
12 28
1 39
39 54
5 7
3 8
45 48
44 54
12 15
30 58
9 13
2 39
9 11
14 18
40 54
8 10
31 38
14 16
26 28
32 35
16 28
39 41
4 10
13 15
22 26
31 34
21 23
20 25
38 43
55 59
44 58
36 38
41 43
45 49
12 32
41 53
2 8
23 25
43 53
44 55
26 58
31 58
17 19
21 25
4 8
28 31
8 14
4 6
52 54
50 54
11 35
32 34
46 48
9 12
55 58
2 4
45 50
14 17
39 42
25 27
44 57
20 26
31 36
20 27
38 44
22 25
1 58
20 22
49 54
31 35
20 28
4 39
22 24
39 43
11 38
50 52
19 28
45 54
0 58
35 38
1 14
45 47
11 32
1 54
51 53
3 5
16 19
1 20
43 50
8 13
44 56
48 54
18 20
54 59
1 59
4 7
56 58
28 30
12 31
5 8
33 35
1 8
4 11
29 58
44 50
31 37
12 16
0 1
1 2
2 3
3 4
4 5
5 6
6 7
7 8
8 9
9 10
10 11
11 12
12 13
13 14
14 15
15 16
16 17
17 18
18 19
19 20
20 21
21 22
22 23
23 24
24 25
25 26
26 27
27 28
28 29
29 30
30 31
31 32
32 33
33 34
34 35
35 36
36 37
37 38
38 39
39 40
40 41
41 42
42 43
43 44
44 45
45 46
46 47
47 48
48 49
49 50
50 51
51 52
52 53
53 54
54 55
55 56
56 57
57 58
58 59
59 0
25 58
40 58
17 29
13 33
6 22
10 52
8 22
1 10
51 58
10 48
9 18
5 10
9 20
40 45
27 34
38 46
6 10
46 58
22 27
1 55
6 8
42 58
0 5
13 29
13 47
23 27
37 58
36 46
19 29
45 58
40 43
7 10
52 58
1 57
52 57
28 34
24 59
11 15
10 18
10 47
21 29
27 29
34 36
0 24
28 32
0 22
38 45
27 35
15 17
33 47
25 59
42 45
10 13
35 37
47 50
39 45
53 55
15 18
13 30
50 58
55 57
21 27
1 56
37 46
0 23
30 33
2 10
27 58
47 58
0 2
10 54
24 26
9 21
10 53
48 51
34 47
9 22
7 9
23 26
47 49
41 58
3 10
0 57
37 39
11 13
11 18
9 19
27 37
28 33
0 4
12 14
20 29
0 6
0 3
40 42
16 29
57 59
49 51
37 40
52 55
48 52
34 46
43 45
11 14
40 44
15 29
30 32
31 33
29 32
10 55
18 29
14 29
