0 1
1 2
2 3
3 4
4 5
5 6
6 7
7 8
8 9
9 10
10 11
11 12
12 13
13 14
14 15
15 16
16 17
17 18
18 19
19 20
20 21
21 22
22 23
23 24
24 25
25 26
26 27
27 28
28 29
29 30
30 31
31 32
32 33
33 34
34 35
35 36
36 37
37 38
38 39
39 40
40 41
41 42
42 43
43 44
44 45
45 46
46 47
47 48
48 49
49 50
50 51
51 52
52 53
53 54
54 55
55 56
56 57
57 58
58 59
59 0
4 27
14 29
37 52
29 36
11 57
0 54
33 37
1 44
6 15
5 23
15 22
40 48
37 44
29 57
48 54
15 20
34 37
42 46
37 54
29 55
7 58
5 27
16 19
1 59
28 36
29 33
46 54
38 43
50 52
43 45
7 10
13 15
33 35
16 26
13 29
27 36
32 54
16 23
0 44
7 13
39 50
37 53
0 58
40 50
6 59
19 23
29 31
37 43
3 27
6 23
9 13
38 41
29 35
29 56
42 48
42 47
26 29
24 26
15 29
37 39
49 54
24 27
52 54
15 26
11 13
1 6
48 50
30 54
0 45
54 58
12 29
26 28
25 27
55 58
38 40
19 21
33 54
46 48
21 23
2 5
18 20
3 37
49 51
9 11
6 13
3 36
1 37
10 57
45 54
40 42
16 18
41 43
43 46
15 18
7 57
7 9
16 24
23 27
39 52
51 54
11 29
15 23
15 17
31 54
8 10
2 37
35 37
29 54
3 5
20 22
31 33
56 58
7 59
2 6
0 1
1 2
2 3
3 4
4 5
5 6
6 7
7 8
8 9
9 10
10 11
11 12
12 13
13 14
14 15
15 16
16 17
17 18
18 19
19 20
20 21
21 22
22 23
23 24
24 25
25 26
26 27
27 28
28 29
29 30
30 31
31 32
32 33
33 34
34 35
35 36
36 37
37 38
38 39
39 40
40 41
41 42
42 43
43 44
44 45
45 46
46 47
47 48
48 49
49 50
50 51
51 52
52 53
53 54
54 55
55 56
56 57
57 58
58 59
59 0
18 22
7 33
13 22
18 37
34 59
3 33
34 52
5 18
18 49
12 32
5 8
2 54
17 22
13 26
2 59
9 16
36 40
37 40
19 22
12 30
34 41
10 32
26 36
18 54
26 33
47 51
22 37
22 26
37 46
4 33
39 42
47 52
39 45
11 14
17 21
39 44
0 33
12 28
18 51
27 31
14 17
2 56
8 32
53 55
42 52
5 54
54 56
56 59
6 33
26 35
25 36
2 57
12 31
39 46
53 56
18 50
9 14
12 27
27 30
34 36
34 53
12 26
38 46
25 37
5 7
1 3
8 18
53 59
23 37
48 51
34 42
9 18
9 15
45 47
22 24
23 25
17 20
0 2
44 52
2 4
18 46
2 58
4 54
17 19
10 14
39 41
13 17
57 59
11 32
12 14
5 33
18 48
8 33
26 32
33 59
1 33
14 16
9 17
9 32
36 41
18 47
43 52
39 43
28 30
18 52
27 29
26 34
44 47
27 32
22 25
18 53
