0 1
1 2
2 3
3 4
4 5
5 6
6 7
7 8
8 9
9 10
10 11
11 12
12 13
13 14
14 15
15 16
16 17
17 18
18 19
19 20
20 21
21 22
22 23
23 24
24 25
25 26
26 27
27 28
28 29
29 30
30 31
31 32
32 33
33 34
34 35
35 36
36 37
37 38
38 39
39 40
40 41
41 42
42 43
43 44
44 45
45 46
46 47
47 48
48 49
49 50
50 51
51 52
52 53
53 54
54 55
55 56
56 57
57 58
58 59
59 0
16 49
23 54
11 50
55 59
24 49
22 43
42 45
39 45
3 23
4 55
26 30
17 23
31 34
0 2
7 10
28 43
10 55
49 51
37 49
21 23
45 48
11 51
8 15
19 47
26 43
5 17
57 59
11 49
1 56
36 41
17 19
51 55
26 34
3 55
7 55
34 49
0 4
6 55
22 47
8 17
24 43
4 6
53 55
38 41
36 42
12 49
1 58
43 47
3 56
49 54
26 33
14 49
28 31
16 18
55 57
26 28
42 44
26 31
23 55
7 9
41 45
56 58
9 11
8 13
21 47
36 43
4 17
44 47
39 48
18 48
46 48
13 49
25 43
26 32
0 55
27 30
15 17
28 35
4 23
11 13
2 4
32 34
0 58
35 37
28 36
38 40
26 49
7 17
51 53
13 15
24 26
38 48
28 34
22 24
17 20
11 55
9 13
35 49
27 29
15 49
23 49
52 54
2 56
51 54
37 48
36 38
18 49
44 46
19 48
6 17
40 45
29 31
17 21
20 47
0 1
1 2
2 3
3 4
4 5
5 6
6 7
7 8
8 9
9 10
10 11
11 12
12 13
13 14
14 15
15 16
16 17
17 18
18 19
19 20
20 21
21 22
22 23
23 24
24 25
25 26
26 27
27 28
28 29
29 30
30 31
31 32
32 33
33 34
34 35
35 36
36 37
37 38
38 39
39 40
40 41
41 42
42 43
43 44
44 45
45 46
46 47
47 48
48 49
49 50
50 51
51 52
52 53
53 54
54 55
55 56
56 57
57 58
58 59
59 0
33 43
7 15
9 53
21 49
44 50
16 22
33 51
40 43
21 33
28 54
5 8
3 28
28 33
53 56
14 50
33 54
33 52
17 50
6 28
1 5
22 30
17 22
14 16
6 22
35 47
2 5
33 50
12 51
54 57
22 33
44 48
38 47
11 15
5 56
18 21
6 26
2 28
36 39
36 47
33 48
18 50
35 48
18 22
34 36
24 27
16 50
33 49
4 28
6 16
28 58
19 22
33 41
43 50
40 47
9 51
9 56
5 58
23 28
20 22
1 28
29 33
11 14
23 26
28 30
7 11
33 39
39 47
40 42
31 33
25 27
0 5
8 10
19 21
6 15
14 51
24 28
34 48
54 58
8 11
10 51
37 47
44 49
21 50
39 41
40 44
1 59
12 14
22 32
30 32
40 46
45 47
6 23
23 25
3 5
34 39
5 57
30 33
54 56
23 30
33 42
5 28
28 59
5 7
13 51
5 9
9 52
37 39
6 27
10 12
33 53
5 59
