0 1
1 2
2 3
3 4
4 5
5 6
6 7
7 8
8 9
9 10
10 11
11 12
12 13
13 14
14 15
15 16
16 17
17 18
18 19
19 20
20 21
21 22
22 23
23 24
24 25
25 26
26 27
27 28
28 29
29 30
30 31
31 32
32 33
33 34
34 35
35 36
36 37
37 38
38 39
39 40
40 41
41 42
42 43
43 44
44 45
45 46
46 47
47 48
48 49
49 50
50 51
51 52
52 53
53 54
54 55
55 56
56 57
57 58
58 59
59 0
1 26
24 36
34 39
0 28
17 21
33 35
11 24
8 25
0 58
30 36
3 56
9 23
23 40
3 57
11 16
49 56
47 49
42 50
1 57
9 45
51 53
26 30
55 59
11 14
15 19
21 23
27 29
9 14
44 48
17 23
33 51
23 41
4 25
32 53
28 30
40 50
9 47
43 50
13 15
17 20
50 54
33 53
7 47
23 42
13 16
39 51
17 24
30 55
10 14
35 39
45 48
49 55
43 45
6 47
42 45
40 42
23 39
55 57
30 54
51 54
2 26
9 11
0 30
3 47
18 20
30 33
7 25
44 50
31 54
0 55
27 30
49 54
0 27
26 36
4 7
37 39
14 19
23 45
34 51
23 38
2 57
5 47
40 51
1 27
11 25
15 18
19 23
47 56
3 26
9 46
11 17
30 35
20 23
45 47
25 36
24 37
35 37
14 23
4 6
7 9
4 47
24 38
3 25
57 59
44 49
15 17
32 54
1 58
12 14
8 11
30 32
12 16
33 52
20 22

0 1
1 2
2 3
3 4
4 5
5 6
6 7
7 8
8 9
9 10
10 11
11 12
12 13
13 14
14 15
15 16
16 17
17 18
18 19
19 20
20 21
21 22
22 23
23 24
24 25
25 26
26 27
27 28
28 29
29 30
30 31
31 32
32 33
33 34
34 35
35 36
36 37
37 38
38 39
39 40
40 41
41 42
42 43
43 44
44 45
45 46
46 47
47 48
48 49
49 50
50 51
51 52
52 53
53 54
54 55
55 56
56 57
57 58
58 59
59 0
13 51
5 7
31 47
7 15
42 47
39 42
6 9
2 7
28 40
17 29
38 46
29 49
21 53
0 6
2 5
23 51
8 10
2 20
30 40
25 29
11 55
15 51
22 53
38 43
25 49
56 58
23 53
10 56
24 51
31 37
25 40
17 19
35 40
0 20
11 51
31 35
56 59
19 29
10 58
52 54
0 3
37 47
37 40
2 15
25 50
16 29
22 25
41 49
30 34
29 48
39 41
20 56
11 56
31 33
7 13
29 40
42 48
2 16
10 57
31 34
6 8
0 9
1 20
29 47
14 51
0 5
7 10
38 40
25 51
36 40
31 36
40 49
51 55
52 55
19 21
21 54
43 46
42 46
42 44
0 10
7 12
16 19
15 49
10 59
20 54
22 24
16 18
39 43
7 11
2 4
49 51
7 14
32 35
41 48
0 2
22 29
23 52
15 29
26 40
54 56
16 20
11 13
25 27
20 59
38 47
44 46
0 4
27 40
30 47
34 40
19 22
32 34
25 28
