0 1
1 2
2 3
3 4
4 5
5 6
6 7
7 8
8 9
9 10
10 11
11 12
12 13
13 14
14 15
15 16
16 17
17 18
18 19
19 20
20 21
21 22
22 23
23 24
24 25
25 26
26 27
27 28
28 29
29 30
30 31
31 32
32 33
33 34
34 35
35 36
36 37
37 38
38 39
39 40
40 41
41 42
42 43
43 44
44 45
45 46
46 47
47 48
48 49
49 50
50 51
51 52
52 53
53 54
54 55
55 56
56 57
57 58
58 59
59 0
14 31
9 54
35 52
6 47
23 34
9 20
9 52
41 52
33 36
48 59
9 32
38 40
6 59
38 45
2 8
12 18
40 45
42 50
13 16
20 22
16 20
33 35
4 59
7 33
51 55
22 25
39 45
48 56
41 44
36 46
2 56
11 31
18 20
24 33
1 59
14 28
23 35
36 45
2 4
25 31
49 51
29 31
49 55
14 25
0 56
22 35
10 31
9 22
36 47
5 8
23 25
12 19
1 3
8 54
43 45
14 16
12 16
23 33
15 20
5 59
14 29
48 50
9 12
24 31
2 55
41 43
46 48
49 56
35 41
6 8
14 20
31 33
48 57
27 31
3 59
35 40
22 52
35 37
9 53
1 56
41 45
8 33
42 45
51 54
27 29
25 27
57 59
56 59
36 38
7 47
35 38
21 25
12 17
41 50
10 32
42 46
9 19
14 26
20 25
10 12
2 5
7 36
51 53
11 13
8 32
46 50
17 20
2 54
47 59
50 52
56 58
11 14
14 30
14 27

0 1
1 2
2 3
3 4
4 5
5 6
6 7
7 8
8 9
9 10
10 11
11 12
12 13
13 14
14 15
15 16
16 17
17 18
18 19
19 20
20 21
21 22
22 23
23 24
24 25
25 26
26 27
27 28
28 29
29 30
30 31
31 32
32 33
33 34
34 35
35 36
36 37
37 38
38 39
39 40
40 41
41 42
42 43
43 44
44 45
45 46
46 47
47 48
48 49
49 50
50 51
51 52
52 53
53 54
54 55
55 56
56 57
57 58
58 59
59 0
23 52
32 57
24 52
43 51
18 58
36 50
24 57
11 15
32 54
40 47
7 12
11 21
10 52
27 35
14 59
10 54
32 52
10 23
31 57
7 55
55 58
33 42
4 12
3 13
22 57
28 35
40 43
24 36
10 21
39 42
0 14
5 55
24 29
33 38
20 58
42 52
24 35
34 38
8 10
9 11
16 59
43 48
15 21
36 51
29 34
29 32
7 10
33 52
2 14
1 14
29 57
28 34
44 47
4 7
25 28
36 49
4 13
55 59
38 42
0 2
45 47
24 27
22 24
44 48
19 58
54 56
5 7
19 21
34 36
4 6
17 59
24 51
7 9
43 52
38 49
22 58
45 48
2 13
55 57
15 19
34 37
47 49
4 55
17 58
24 28
39 47
21 58
10 22
30 57
15 59
32 56
12 15
0 4
29 33
43 49
10 55
10 53
0 55
40 42
44 46
0 3
32 53
16 18
43 50
26 28
39 49
39 41
40 44
7 11
12 14
16 19
30 32
24 26
37 49
