0 1
1 2
2 3
3 4
4 5
5 6
6 7
7 8
8 9
9 10
10 11
11 12
12 13
13 14
14 15
15 16
16 17
17 18
18 19
19 20
20 21
21 22
22 23
23 24
24 25
25 26
26 27
27 28
28 29
29 30
30 31
31 32
32 33
33 34
34 35
35 36
36 37
37 38
38 39
39 40
40 41
41 42
42 43
43 44
44 45
45 46
46 47
47 48
48 49
49 50
50 51
51 52
52 53
53 54
54 55
55 56
56 57
57 58
58 59
59 0
13 45
19 23
26 35
1 12
9 56
11 18
16 22
18 22
7 11
38 52
49 51
11 15
10 27
13 42
12 47
1 5
26 36
34 54
13 47
15 42
27 31
47 54
3 57
41 48
7 57
31 33
22 36
38 53
32 34
1 56
37 42
31 55
18 23
38 48
36 53
25 36
10 56
30 32
1 55
5 12
26 34
42 47
50 54
3 7
37 40
48 52
3 58
2 5
28 32
22 42
4 7
18 24
0 56
37 39
7 10
42 44
6 12
20 23
24 27
13 46
0 3
36 42
4 6
10 24
12 14
37 41
15 17
38 40
8 10
38 41
11 14
24 26
33 54
2 4
34 53
10 18
13 43
48 51
44 47
18 20
21 23
1 47
28 30
42 48
6 11
23 36
43 45
44 46
27 34
1 54
31 54
51 54
56 59
49 54
57 59
28 31
27 55
1 3
14 42
48 54
9 57
37 53
29 31
28 34
15 18
51 53
24 36
35 53
18 21
0 58
16 18
10 55
16 42
7 9

0 1
1 2
2 3
3 4
4 5
5 6
6 7
7 8
8 9
9 10
10 11
11 12
12 13
13 14
14 15
15 16
16 17
17 18
18 19
19 20
20 21
21 22
22 23
23 24
24 25
25 26
26 27
27 28
28 29
29 30
30 31
31 32
32 33
33 34
34 35
35 36
36 37
37 38
38 39
39 40
40 41
41 42
42 43
43 44
44 45
45 46
46 47
47 48
48 49
49 50
50 51
51 52
52 53
53 54
54 55
55 56
56 57
57 58
58 59
59 0
9 16
32 53
4 33
6 56
8 15
8 14
22 54
7 21
0 36
25 53
27 53
6 31
38 46
30 53
32 47
40 42
9 21
37 48
15 54
37 50
13 15
24 29
6 23
40 43
25 54
40 44
7 55
19 21
6 24
33 40
6 29
17 20
21 54
37 47
25 27
0 2
34 38
47 50
32 52
0 53
34 36
33 39
8 11
53 56
6 58
33 36
56 58
35 37
23 54
15 55
2 6
8 13
4 36
5 32
31 53
6 57
9 13
38 45
26 53
8 12
10 13
9 18
32 46
33 44
9 11
9 17
27 29
47 52
3 36
13 16
37 51
34 37
0 37
33 42
7 23
5 31
29 53
41 43
0 51
0 6
2 36
38 47
8 21
7 22
5 33
20 54
47 49
3 6
6 59
8 55
0 52
33 38
38 44
33 46
53 55
24 54
24 28
53 59
37 49
9 19
15 20
33 45
11 13
33 43
47 51
1 36
3 5
6 30
7 56
39 44
25 28
53 58
17 19
16 20
