0 1
1 2
2 3
3 4
4 5
5 6
6 7
7 8
8 9
9 10
10 11
11 12
12 13
13 14
14 15
15 16
16 17
17 18
18 19
19 20
20 21
21 22
22 23
23 24
24 25
25 26
26 27
27 28
28 29
29 30
30 31
31 32
32 33
33 34
34 35
35 36
36 37
37 38
38 39
39 40
40 41
41 42
42 43
43 44
44 45
45 46
46 47
47 48
48 49
49 50
50 51
51 52
52 53
53 54
54 55
55 56
56 57
57 58
58 59
59 0
33 35
7 51
18 35
16 58
27 35
10 36
26 52
11 58
29 36
14 35
5 54
43 52
24 52
48 52
23 54
15 35
18 58
7 37
40 47
0 7
40 52
25 35
57 59
42 52
20 54
22 25
7 53
29 52
40 48
43 48
10 12
37 51
37 39
0 10
36 38
20 55
44 47
27 31
1 55
39 51
14 58
14 36
38 40
41 47
27 32
1 5
29 33
41 43
45 48
27 34
12 58
55 58
0 6
7 52
7 9
4 55
0 8
29 38
19 21
20 23
5 53
44 48
0 9
20 58
1 59
25 27
3 55
0 58
29 35
2 55
21 25
21 35
28 30
55 59
15 17
15 18
9 37
29 32
1 3
52 54
27 33
39 48
27 30
48 50
44 46
26 29
49 52
0 11
40 42
45 47
19 35
20 22
5 7
10 13
24 54
1 4
5 55
22 24
16 18
55 57
41 44
48 51
15 58
49 51
27 29
19 58
24 26
13 58
13 36
10 37
1 6
29 31
56 58
38 52
0 1
1 2
2 3
3 4
4 5
5 6
6 7
7 8
8 9
9 10
10 11
11 12
12 13
13 14
14 15
15 16
16 17
17 18
18 19
19 20
20 21
21 22
22 23
23 24
24 25
25 26
26 27
27 28
28 29
29 30
30 31
31 32
32 33
33 34
34 35
35 36
36 37
37 38
38 39
39 40
40 41
41 42
42 43
43 44
44 45
45 46
46 47
47 48
48 49
49 50
50 51
51 52
52 53
53 54
54 55
55 56
56 57
57 58
58 59
59 0
40 49
16 43
18 59
16 53
52 55
11 18
21 56
26 56
35 51
18 42
8 11
23 37
26 51
1 12
30 51
25 36
22 41
16 59
8 59
28 31
28 35
17 42
53 59
56 59
9 18
36 51
12 16
4 59
5 11
31 34
32 34
43 53
39 41
28 32
2 11
45 53
19 42
46 49
9 59
1 15
18 56
41 49
38 49
12 15
47 49
23 41
28 33
42 46
53 55
20 56
3 59
49 53
4 8
28 34
30 34
1 13
38 41
25 56
36 49
26 36
16 42
28 36
19 56
2 5
12 14
9 11
3 5
50 52
26 30
20 42
44 53
13 15
54 56
42 44
12 18
4 7
48 53
54 57
54 59
21 41
6 8
21 23
4 6
46 53
1 16
21 24
46 48
6 11
36 50
0 16
24 36
0 2
37 41
27 36
37 49
54 58
0 3
34 51
24 56
10 18
51 55
42 49
26 55
20 41
24 37
12 17
50 53
26 28
2 12
39 49
42 45
