0 1
1 2
2 3
3 4
4 5
5 6
6 7
7 8
8 9
9 10
10 11
11 12
12 13
13 14
14 15
15 16
16 17
17 18
18 19
19 20
20 21
21 22
22 23
23 24
24 25
25 26
26 27
27 28
28 29
29 30
30 31
31 32
32 33
33 34
34 35
35 36
36 37
37 38
38 39
39 40
40 41
41 42
42 43
43 44
44 45
45 46
46 47
47 48
48 49
49 50
50 51
51 52
52 53
53 54
54 55
55 56
56 57
57 58
58 59
59 0
27 52
16 56
40 53
55 58
0 25
8 15
22 39
31 47
40 46
33 45
22 54
31 35
1 20
23 35
10 15
1 59
25 53
9 11
25 28
36 43
1 22
25 27
39 42
9 58
49 53
25 55
13 56
5 16
4 16
26 28
2 16
28 30
12 57
30 48
11 58
25 54
22 36
14 56
22 53
23 25
0 23
25 30
11 57
14 16
1 58
21 55
6 16
30 35
2 5
28 52
29 51
38 42
24 35
6 15
17 20
29 52
0 22
43 46
19 55
48 50
30 50
40 42
33 46
22 55
46 53
12 14
35 44
5 8
32 35
46 49
30 51
51 53
16 18
41 46
6 8
38 43
41 43
18 20
5 7
16 55
50 53
43 45
12 15
2 9
36 44
35 45
22 38
32 47
30 47
2 4
34 45
25 58
5 9
1 16
36 38
56 58
32 46
11 15
12 56
16 20
2 58
9 15
39 53
27 53
3 5
32 34
23 36
0 58
20 22
24 30
46 48
20 55
37 43
16 19

0 1
1 2
2 3
3 4
4 5
5 6
6 7
7 8
8 9
9 10
10 11
11 12
12 13
13 14
14 15
15 16
16 17
17 18
18 19
19 20
20 21
21 22
22 23
23 24
24 25
25 26
26 27
27 28
28 29
29 30
30 31
31 32
32 33
33 34
34 35
35 36
36 37
37 38
38 39
39 40
40 41
41 42
42 43
43 44
44 45
45 46
46 47
47 48
48 49
49 50
50 51
51 52
52 53
53 54
54 55
55 56
56 57
57 58
58 59
59 0
46 56
21 24
22 33
32 54
2 29
27 30
38 58
48 52
34 42
0 14
4 29
34 53
26 30
18 36
17 27
1 13
8 17
42 49
48 55
55 59
41 57
23 31
36 40
42 45
17 26
21 34
7 13
0 54
8 11
0 29
1 7
14 59
7 12
17 58
17 37
14 17
18 35
36 41
8 14
3 7
41 58
21 33
46 55
8 10
23 26
22 32
36 42
7 10
47 55
40 58
16 58
18 37
17 21
57 59
18 21
45 57
42 48
23 32
4 7
20 34
21 26
37 39
41 44
0 55
11 14
49 51
4 17
49 52
15 17
52 54
7 11
19 34
1 29
27 29
0 13
48 54
19 35
2 7
33 54
29 32
17 38
26 31
17 29
45 56
33 53
22 24
42 46
42 44
7 9
14 58
4 6
29 31
5 17
15 58
44 57
37 40
39 58
42 51
56 59
35 42
34 52
11 13
34 51
50 52
17 28
29 54
7 17
42 47
3 29
6 17
21 25
24 26
19 21
