0 1
1 2
2 3
3 4
4 5
5 6
6 7
7 8
8 9
9 10
10 11
11 12
12 13
13 14
14 15
15 16
16 17
17 18
18 19
19 20
20 21
21 22
22 23
23 24
24 25
25 26
26 27
27 28
28 29
29 30
30 31
31 32
32 33
33 34
34 35
35 36
36 37
37 38
38 39
39 40
40 41
41 42
42 43
43 44
44 45
45 46
46 47
47 48
48 49
49 50
50 51
51 52
52 53
53 54
54 55
55 56
56 57
57 58
58 59
59 0
2 39
22 53
14 21
7 59
9 31
29 53
19 57
12 21
45 52
37 53
17 58
32 38
48 51
5 31
23 27
40 51
29 36
12 29
45 54
21 25
21 23
6 9
11 29
1 42
30 34
3 5
21 54
45 53
35 37
26 28
13 17
43 50
9 30
2 41
2 6
13 58
47 52
0 45
30 35
0 54
21 55
44 46
0 56
1 41
5 38
14 19
8 12
0 7
32 35
40 52
43 51
6 8
16 18
7 58
0 58
37 52
14 16
5 32
27 53
1 6
44 49
17 57
6 31
23 26
22 27
27 29
32 34
13 16
47 51
11 30
42 51
19 56
19 21
45 47
33 35
44 48
9 12
8 58
36 53
3 38
25 29
43 49
14 20
4 6
37 40
9 11
15 19
3 6
16 19
26 29
13 21
2 40
44 47
1 7
17 19
10 30
56 58
12 58
2 38
43 45
21 24
0 43
49 51
1 43
41 51
21 53
54 56
35 38
30 32
24 26
37 39
21 29
30 36
21 56

0 1
1 2
2 3
3 4
4 5
5 6
6 7
7 8
8 9
9 10
10 11
11 12
12 13
13 14
14 15
15 16
16 17
17 18
18 19
19 20
20 21
21 22
22 23
23 24
24 25
25 26
26 27
27 28
28 29
29 30
30 31
31 32
32 33
33 34
34 35
35 36
36 37
37 38
38 39
39 40
40 41
41 42
42 43
43 44
44 45
45 46
46 47
47 48
48 49
49 50
50 51
51 52
52 53
53 54
54 55
55 56
56 57
57 58
58 59
59 0
21 36
24 37
22 50
0 51
12 38
14 53
8 46
28 31
4 51
12 36
21 50
55 59
18 21
2 8
21 28
41 46
9 45
12 53
53 58
21 34
15 36
24 31
24 50
29 32
9 41
12 37
31 34
8 45
10 55
7 47
15 53
48 50
11 55
10 39
9 44
8 47
2 59
10 40
43 46
19 51
15 18
10 59
25 31
38 40
22 26
5 7
12 55
15 17
34 37
19 52
9 40
3 8
11 39
1 51
7 50
52 59
21 33
53 59
34 36
11 38
47 50
5 8
38 49
51 59
13 53
23 25
9 42
20 51
21 32
6 51
40 47
2 9
7 51
1 4
22 24
17 36
16 36
27 31
40 46
2 10
17 21
31 37
40 49
12 14
55 58
12 15
9 43
42 46
57 59
37 50
12 54
53 55
21 26
18 20
25 27
0 2
18 53
1 3
38 50
28 30
22 25
21 35
21 27
19 53
40 48
21 51
56 59
5 51
28 32
29 31
55 57
4 8
31 33
