0 1
1 2
2 3
3 4
4 5
5 6
6 7
7 8
8 9
9 10
10 11
11 12
12 13
13 14
14 15
15 16
16 17
17 18
18 19
19 20
20 21
21 22
22 23
23 24
24 25
25 26
26 27
27 28
28 29
29 30
30 31
31 32
32 33
33 34
34 35
35 36
36 37
37 38
38 39
39 40
40 41
41 42
42 43
43 44
44 45
45 46
46 47
47 48
48 49
49 50
50 51
51 52
52 53
53 54
54 55
55 56
56 57
57 58
58 59
59 0
11 54
10 47
13 38
21 28
21 30
16 38
51 57
54 57
10 21
6 57
12 51
9 11
48 50
2 59
18 26
21 23
10 43
12 18
31 37
2 7
7 49
7 51
18 35
27 34
18 21
43 46
30 42
44 47
51 58
32 37
38 44
2 6
6 59
11 57
39 44
20 25
12 17
17 35
31 34
15 38
18 20
38 50
8 11
53 56
5 7
40 42
2 58
37 42
3 5
11 52
52 57
2 5
4 7
49 51
27 29
10 18
41 44
14 38
21 26
13 15
35 37
55 57
0 58
15 17
11 53
10 30
32 35
38 47
12 52
16 37
47 50
18 27
10 12
2 4
17 37
22 26
7 48
7 47
39 42
21 29
7 58
27 35
30 34
21 27
20 26
12 38
27 30
57 59
37 39
8 57
19 21
52 56
8 10
43 47
0 2
40 44
20 24
31 33
6 8
32 34
30 37
1 59
12 15
21 24
54 56
30 43
23 26
24 26
8 47
32 36
12 50
45 47
41 43
43 45
0 1
1 2
2 3
3 4
4 5
5 6
6 7
7 8
8 9
9 10
10 11
11 12
12 13
13 14
14 15
15 16
16 17
17 18
18 19
19 20
20 21
21 22
22 23
23 24
24 25
25 26
26 27
27 28
28 29
29 30
30 31
31 32
32 33
33 34
34 35
35 36
36 37
37 38
38 39
39 40
40 41
41 42
42 43
43 44
44 45
45 46
46 47
47 48
48 49
49 50
50 51
51 52
52 53
53 54
54 55
55 56
56 57
57 58
58 59
59 0
20 35
1 16
27 51
28 44
1 21
41 56
23 59
27 57
44 54
28 47
0 7
27 53
29 31
2 13
7 57
4 8
28 39
41 55
35 40
1 6
48 54
23 35
24 34
7 35
9 20
42 54
13 20
26 34
36 40
28 51
42 55
25 27
49 53
3 6
28 38
4 10
12 20
17 20
24 59
24 27
28 45
37 40
27 58
28 43
26 29
35 57
7 9
28 32
13 16
45 48
14 18
10 20
47 51
40 57
13 19
53 55
2 10
21 59
1 7
16 21
27 56
9 35
5 8
17 21
48 53
28 34
49 52
25 34
28 37
47 49
2 12
46 48
13 18
0 21
29 34
22 35
28 46
24 35
7 59
45 54
34 36
1 13
29 32
43 54
41 57
27 59
20 22
27 55
27 52
17 19
28 36
14 16
28 31
1 3
28 42
4 9
4 6
29 33
50 52
26 28
28 41
16 18
15 18
28 40
22 59
3 10
38 40
28 33
30 32
11 20
2 11
