0 1
1 2
2 3
3 4
4 5
5 6
6 7
7 8
8 9
9 10
10 11
11 12
12 13
13 14
14 15
15 16
16 17
17 18
18 19
19 20
20 21
21 22
22 23
23 24
24 25
25 26
26 27
27 28
28 29
29 30
30 31
31 32
32 33
33 34
34 35
35 36
36 37
37 38
38 39
39 40
40 41
41 42
42 43
43 44
44 45
45 46
46 47
47 48
48 49
49 50
50 51
51 52
52 53
53 54
54 55
55 56
56 57
57 58
58 59
59 0
9 30
34 48
29 47
3 57
15 22
5 11
5 56
36 47
29 37
44 46
1 22
23 28
1 23
29 43
42 47
20 22
29 55
1 29
13 25
12 25
7 48
43 45
1 14
18 20
2 4
8 30
48 53
42 45
2 12
11 30
8 34
5 8
1 56
52 56
5 52
29 48
29 42
19 21
27 30
45 47
29 38
5 51
38 47
15 21
23 25
7 50
17 22
21 23
38 40
24 27
8 33
0 2
18 22
7 34
33 35
36 48
15 18
30 32
49 53
4 12
23 29
11 27
51 53
1 15
7 49
8 31
39 47
40 47
56 59
34 36
30 37
12 27
1 55
5 7
2 13
3 5
44 47
57 59
0 56
2 58
6 50
37 47
4 11
14 23
23 27
29 53
32 35
28 30
16 18
35 37
3 58
29 44
8 10
53 55
2 14
5 50
32 37
31 33
14 21
52 54
29 40
40 42
3 56
13 23
52 55
50 53
16 22
25 27
8 11
15 19
29 41
10 30
0 58
12 26
0 1
1 2
2 3
3 4
4 5
5 6
6 7
7 8
8 9
9 10
10 11
11 12
12 13
13 14
14 15
15 16
16 17
17 18
18 19
19 20
20 21
21 22
22 23
23 24
24 25
25 26
26 27
27 28
28 29
29 30
30 31
31 32
32 33
33 34
34 35
35 36
36 37
37 38
38 39
39 40
40 41
41 42
42 43
43 44
44 45
45 46
46 47
47 48
48 49
49 50
50 51
51 52
52 53
53 54
54 55
55 56
56 57
57 58
58 59
59 0
37 58
6 22
28 53
17 33
41 56
19 24
47 54
18 33
11 21
6 10
11 14
3 37
27 31
33 52
41 54
17 36
5 9
37 56
37 51
28 55
50 54
25 33
38 51
45 48
25 32
1 59
34 52
30 52
13 37
22 26
1 6
22 57
24 26
0 6
41 55
44 51
12 14
3 6
45 54
28 31
16 36
39 43
14 17
6 9
28 56
9 37
14 37
2 6
11 19
11 22
38 56
25 31
51 54
47 50
17 35
1 58
22 24
18 24
42 54
2 37
35 52
22 28
10 13
14 36
29 31
19 23
6 57
44 48
22 56
30 53
46 54
10 22
36 52
38 41
39 44
26 31
46 48
9 13
44 49
11 20
19 22
39 42
47 49
7 9
49 51
39 51
24 33
5 37
32 52
44 54
11 18
37 52
0 57
37 57
11 17
10 12
15 36
4 6
4 37
14 16
31 52
7 10
1 37
22 27
6 8
43 54
39 41
28 54
17 34
