0 1
1 2
2 3
3 4
4 5
5 6
6 7
7 8
8 9
9 10
10 11
11 12
12 13
13 14
14 15
15 16
16 17
17 18
18 19
19 20
20 21
21 22
22 23
23 24
24 25
25 26
26 27
27 28
28 29
29 30
30 31
31 32
32 33
33 34
34 35
35 36
36 37
37 38
38 39
39 40
40 41
41 42
42 43
43 44
44 45
45 46
46 47
47 48
48 49
49 50
50 51
51 52
52 53
53 54
54 55
55 56
56 57
57 58
58 59
59 0
20 47
11 59
35 48
17 49
12 19
26 53
7 56
14 55
35 50
2 4
31 47
31 43
17 47
11 24
31 33
26 34
16 55
49 53
53 57
25 53
30 33
14 17
7 11
39 46
7 14
14 18
24 31
35 51
13 19
28 31
49 52
3 5
11 14
36 43
28 30
29 34
6 9
13 18
43 45
53 58
1 6
43 47
29 33
26 29
16 53
38 40
22 31
38 46
40 44
47 49
2 7
33 35
26 28
9 59
37 46
35 46
26 52
18 47
18 20
10 59
12 24
1 7
12 14
3 7
53 55
7 57
7 55
1 4
32 43
40 43
24 26
8 10
19 24
1 9
0 57
35 37
35 43
20 23
40 45
3 6
21 47
15 55
19 23
32 35
1 5
43 46
50 52
36 41
41 43
36 40
48 50
11 25
25 58
20 22
35 47
26 51
24 27
23 31
7 10
25 59
53 56
0 58
17 53
40 42
37 40
0 7
7 9
26 35
24 28
40 46
22 47
15 17
16 54
1 59

0 1
1 2
2 3
3 4
4 5
5 6
6 7
7 8
8 9
9 10
10 11
11 12
12 13
13 14
14 15
15 16
16 17
17 18
18 19
19 20
20 21
21 22
22 23
23 24
24 25
25 26
26 27
27 28
28 29
29 30
30 31
31 32
32 33
33 34
34 35
35 36
36 37
37 38
38 39
39 40
40 41
41 42
42 43
43 44
44 45
45 46
46 47
47 48
48 49
49 50
50 51
51 52
52 53
53 54
54 55
55 56
56 57
57 58
58 59
59 0
6 59
36 44
3 27
34 51
22 36
0 31
46 51
36 56
35 44
9 19
10 14
37 56
19 56
9 25
44 49
14 19
43 56
36 38
27 36
0 34
51 53
16 24
5 7
37 39
46 52
44 54
34 44
18 23
0 30
44 55
42 44
0 56
7 19
16 23
14 25
2 5
8 25
34 55
27 34
34 54
39 44
2 59
0 2
19 59
7 25
4 7
23 26
1 27
14 16
44 52
36 39
41 44
34 49
28 33
51 54
23 25
57 59
7 59
25 27
1 3
0 55
10 12
23 27
5 59
16 25
22 27
47 50
0 28
11 13
0 32
20 36
11 19
34 36
16 19
30 32
29 32
32 34
40 56
52 54
20 56
19 57
4 27
16 18
7 27
45 49
0 27
45 52
45 48
56 58
45 47
15 25
0 29
28 32
21 36
44 56
18 22
9 11
42 56
17 23
8 19
34 50
47 51
19 22
41 56
10 25
56 59
27 33
39 41
39 56
10 13
19 21
