0 1
1 2
2 3
3 4
4 5
5 6
6 7
7 8
8 9
9 10
10 11
11 12
12 13
13 14
14 15
15 16
16 17
17 18
18 19
19 20
20 21
21 22
22 23
23 24
24 25
25 26
26 27
27 28
28 29
29 30
30 31
31 32
32 33
33 34
34 35
35 36
36 37
37 38
38 39
39 40
40 41
41 42
42 43
43 44
44 45
45 46
46 47
47 48
48 49
49 50
50 51
51 52
52 53
53 54
54 55
55 56
56 57
57 58
58 59
59 0
15 55
13 33
37 55
0 10
28 48
20 33
33 58
9 14
27 54
38 40
38 42
35 57
7 55
33 41
4 58
33 47
44 47
19 22
34 58
4 56
27 49
20 32
42 50
22 27
10 58
23 32
17 33
2 8
33 36
42 48
9 11
14 55
23 25
46 48
38 55
19 27
49 53
13 58
37 40
19 54
28 47
12 14
12 58
50 52
51 54
24 31
16 19
16 55
42 44
16 54
1 8
15 17
2 6
3 58
43 45
42 46
24 32
8 14
33 44
4 7
51 53
20 23
44 46
34 57
21 23
7 14
56 58
50 55
2 58
2 7
33 42
36 55
11 14
24 29
3 5
42 45
34 36
14 17
26 29
30 47
11 58
17 19
55 57
1 58
49 54
19 33
24 30
4 55
28 30
31 33
42 55
23 27
14 33
0 58
48 50
33 37
3 6
26 28
0 9
10 59
30 33
50 53
50 54
23 26
24 26
39 41
37 41
36 57
28 49
1 9
20 22
39 42
5 7
16 18
0 1
1 2
2 3
3 4
4 5
5 6
6 7
7 8
8 9
9 10
10 11
11 12
12 13
13 14
14 15
15 16
16 17
17 18
18 19
19 20
20 21
21 22
22 23
23 24
24 25
25 26
26 27
27 28
28 29
29 30
30 31
31 32
32 33
33 34
34 35
35 36
36 37
37 38
38 39
39 40
40 41
41 42
42 43
43 44
44 45
45 46
46 47
47 48
48 49
49 50
50 51
51 52
52 53
53 54
54 55
55 56
56 57
57 58
58 59
59 0
25 57
3 7
16 31
32 35
31 41
48 56
3 20
15 19
48 53
9 58
11 39
9 41
29 41
4 8
16 28
25 44
11 34
49 52
2 59
46 58
45 52
22 25
27 43
7 20
44 53
7 9
45 53
25 53
13 34
14 32
49 51
2 25
11 15
25 27
18 21
41 45
2 20
0 4
25 56
18 27
5 8
1 3
34 37
4 9
41 58
34 39
41 44
7 15
41 43
46 51
48 55
36 39
35 41
27 44
16 32
1 4
28 31
47 50
28 43
10 41
47 58
28 42
10 15
48 54
12 15
19 21
18 23
25 55
35 39
37 39
29 42
13 15
12 34
36 38
16 27
7 19
10 40
48 58
6 8
15 18
25 58
46 52
18 22
33 35
11 40
18 26
20 25
32 34
14 16
7 10
17 27
53 55
9 59
1 59
35 40
29 31
30 41
47 51
41 46
22 24
48 52
48 57
4 6
32 41
18 25
18 24
4 59
14 34
21 25
25 59
47 49
35 37
