0 1
1 2
2 3
3 4
4 5
5 6
6 7
7 8
8 9
9 10
10 11
11 12
12 13
13 14
14 15
15 16
16 17
17 18
18 19
19 20
20 21
21 22
22 23
23 24
24 25
25 26
26 27
27 28
28 29
29 30
30 31
31 32
32 33
33 34
34 35
35 36
36 37
37 38
38 39
39 40
40 41
41 42
42 43
43 44
44 45
45 46
46 47
47 48
48 49
49 50
50 51
51 52
52 53
53 54
54 55
55 56
56 57
57 58
58 59
59 0
27 50
27 45
5 56
14 16
21 53
35 51
31 37
19 34
12 17
26 32
7 20
27 49
0 52
17 52
35 44
20 54
48 50
32 36
5 54
11 52
29 38
25 51
7 17
52 59
28 44
2 58
2 5
23 52
4 11
55 57
0 3
28 40
52 58
6 20
9 11
21 24
34 36
5 58
19 52
14 52
34 52
24 51
27 44
21 52
8 11
12 14
55 58
21 26
35 37
12 16
1 59
44 46
7 18
37 40
28 41
19 32
24 26
21 23
27 29
35 41
38 40
1 3
34 51
28 43
0 11
35 50
27 51
11 13
10 12
32 37
8 17
47 50
5 11
46 49
16 52
26 31
21 54
28 39
44 47
45 49
7 11
10 17
19 21
11 14
44 50
28 42
47 49
52 54
37 41
2 59
9 17
3 5
26 29
26 30
30 38
32 34
6 54
0 4
26 51
35 43
19 26
54 56
12 15
29 39
23 51
30 37
17 19
41 43
7 19
5 7
19 33
52 55
56 58
22 24

0 1
1 2
2 3
3 4
4 5
5 6
6 7
7 8
8 9
9 10
10 11
11 12
12 13
13 14
14 15
15 16
16 17
17 18
18 19
19 20
20 21
21 22
22 23
23 24
24 25
25 26
26 27
27 28
28 29
29 30
30 31
31 32
32 33
33 34
34 35
35 36
36 37
37 38
38 39
39 40
40 41
41 42
42 43
43 44
44 45
45 46
46 47
47 48
48 49
49 50
50 51
51 52
52 53
53 54
54 55
55 56
56 57
57 58
58 59
59 0
42 47
29 52
35 47
4 53
34 58
11 23
10 23
7 58
33 37
28 33
11 53
53 56
22 29
30 43
25 28
49 53
28 34
24 28
8 23
45 51
15 19
36 39
22 25
48 53
12 19
4 56
8 24
48 51
13 23
20 29
21 29
31 38
47 51
30 45
1 56
7 24
14 18
19 53
6 53
36 42
8 53
53 57
24 34
34 53
29 33
54 57
30 40
36 40
3 59
18 21
22 28
6 8
36 38
14 23
35 42
4 58
11 19
14 21
57 59
10 53
1 4
40 42
19 29
25 27
30 51
34 48
43 45
43 46
30 32
30 44
56 59
34 37
14 22
0 2
29 53
49 51
36 41
53 58
45 47
49 52
29 51
50 52
15 17
9 23
24 27
32 38
24 58
4 6
40 43
16 18
2 4
29 32
15 18
13 15
31 39
4 59
13 19
5 53
26 28
8 10
33 38
35 48
12 23
31 40
16 19
18 20
23 25
0 56
42 46
4 7
53 55
