0 1
1 2
2 3
3 4
4 5
5 6
6 7
7 8
8 9
9 10
10 11
11 12
12 13
13 14
14 15
15 16
16 17
17 18
18 19
19 20
20 21
21 22
22 23
23 24
24 25
25 26
26 27
27 28
28 29
29 30
30 31
31 32
32 33
33 34
34 35
35 36
36 37
37 38
38 39
39 40
40 41
41 42
42 43
43 44
44 45
45 46
46 47
47 48
48 49
49 50
50 51
51 52
52 53
53 54
54 55
55 56
56 57
57 58
58 59
59 0
25 36
25 39
29 52
5 8
52 59
50 53
20 47
40 46
18 53
35 47
20 49
17 58
13 26
12 16
13 52
15 20
35 39
25 43
27 29
25 45
6 16
36 38
35 52
55 58
52 55
26 52
20 50
9 12
53 58
26 29
14 21
0 10
30 34
52 58
44 46
3 6
16 59
4 8
17 59
3 5
16 19
20 25
25 29
13 59
18 50
12 14
20 23
35 50
2 4
25 40
10 13
51 53
4 10
10 12
14 26
28 52
25 44
40 42
33 35
56 58
33 52
50 52
18 20
35 48
11 13
1 3
25 41
1 6
7 16
29 35
39 47
37 39
20 46
53 57
30 33
32 34
1 16
35 37
4 9
30 32
24 26
27 52
17 19
36 39
1 59
25 42
20 24
21 23
1 4
8 16
52 54
6 8
15 19
22 26
31 34
20 45
43 46
54 56
0 13
0 4
54 57
17 53
22 24
25 35
9 16
40 43
47 49
12 15
14 22
30 52
39 46
30 35
48 50
15 21
0 1
1 2
2 3
3 4
4 5
5 6
6 7
7 8
8 9
9 10
10 11
11 12
12 13
13 14
14 15
15 16
16 17
17 18
18 19
19 20
20 21
21 22
22 23
23 24
24 25
25 26
26 27
27 28
28 29
29 30
30 31
31 32
32 33
33 34
34 35
35 36
36 37
37 38
38 39
39 40
40 41
41 42
42 43
43 44
44 45
45 46
46 47
47 48
48 49
49 50
50 51
51 52
52 53
53 54
54 55
55 56
56 57
57 58
58 59
59 0
36 59
38 45
3 16
13 48
46 58
42 44
19 42
16 45
21 37
8 59
57 59
2 24
8 11
45 47
41 44
16 43
33 36
1 7
47 53
10 59
26 36
23 37
3 8
28 31
0 35
3 15
22 37
0 2
13 16
25 33
49 54
1 5
51 54
40 44
12 56
48 55
17 24
17 42
28 32
2 34
0 34
38 58
39 41
13 15
12 55
26 30
24 36
47 57
20 39
19 41
16 44
26 32
13 45
53 55
12 59
24 33
5 7
48 51
45 58
25 30
47 51
9 11
17 23
53 56
19 21
8 12
2 17
17 43
28 30
29 31
24 37
40 45
38 40
47 56
1 8
50 54
36 58
37 58
27 32
49 51
32 36
3 7
48 54
18 22
27 30
0 8
4 6
25 31
3 17
13 55
35 59
12 57
47 58
13 47
8 10
34 36
21 39
24 34
3 14
3 12
25 32
19 22
21 38
19 39
2 5
17 22
11 59
47 52
18 42
4 7
3 13
