0 1
1 2
2 3
3 4
4 5
5 6
6 7
7 8
8 9
9 10
10 11
11 12
12 13
13 14
14 15
15 16
16 17
17 18
18 19
19 20
20 21
21 22
22 23
23 24
24 25
25 26
26 27
27 28
28 29
29 30
30 31
31 32
32 33
33 34
34 35
35 36
36 37
37 38
38 39
39 40
40 41
41 42
42 43
43 44
44 45
45 46
46 47
47 48
48 49
49 50
50 51
51 52
52 53
53 54
54 55
55 56
56 57
57 58
58 59
59 0
17 29
20 35
16 31
17 44
4 49
7 59
11 58
24 27
2 55
36 56
12 46
36 45
1 7
19 38
6 10
55 59
27 32
4 52
21 29
19 42
36 48
11 56
36 43
12 47
14 46
3 6
45 48
12 14
9 11
11 48
28 32
14 17
18 20
26 34
51 56
0 2
5 10
10 48
15 33
23 34
19 40
0 7
7 10
5 49
19 37
3 5
21 34
38 42
13 36
27 34
16 30
35 37
15 35
12 36
4 51
36 42
13 15
16 32
45 47
19 39
22 27
15 32
20 34
32 34
2 4
56 59
19 43
23 27
12 56
2 7
36 51
25 34
16 29
53 55
5 48
2 54
7 11
37 42
18 43
4 54
24 34
14 45
4 50
21 28
53 56
39 42
7 9
19 41
11 47
15 17
57 59
8 11
52 56
21 23
36 49
17 20
21 27
18 44
28 30
33 35
11 57
2 6
11 59
0 55
28 31
24 26
36 44
14 44
20 37
20 29
13 35
52 54
39 41
36 50
0 1
1 2
2 3
3 4
4 5
5 6
6 7
7 8
8 9
9 10
10 11
11 12
12 13
13 14
14 15
15 16
16 17
17 18
18 19
19 20
20 21
21 22
22 23
23 24
24 25
25 26
26 27
27 28
28 29
29 30
30 31
31 32
32 33
33 34
34 35
35 36
36 37
37 38
38 39
39 40
40 41
41 42
42 43
43 44
44 45
45 46
46 47
47 48
48 49
49 50
50 51
51 52
52 53
53 54
54 55
55 56
56 57
57 58
58 59
59 0
36 57
41 54
17 33
45 52
37 39
27 57
35 52
23 26
7 34
43 46
42 45
7 58
42 47
33 57
39 52
5 12
12 27
33 52
8 13
0 6
19 32
18 33
1 5
17 26
24 32
26 29
16 33
41 53
4 58
20 24
7 12
27 31
10 12
19 21
25 32
40 47
26 28
40 49
14 34
39 57
40 55
40 51
29 31
25 29
4 59
33 56
9 12
14 27
34 57
17 27
42 44
42 53
33 54
5 27
42 46
25 30
32 57
1 6
9 13
36 39
55 57
46 52
18 22
5 58
40 52
20 22
0 3
6 59
41 55
10 13
23 25
48 52
8 12
34 58
5 57
43 45
20 32
8 14
46 48
35 39
35 57
18 32
33 53
11 13
40 42
47 49
35 38
5 7
14 33
54 56
2 5
25 31
18 23
15 27
48 50
22 24
27 29
8 34
40 57
42 52
40 50
3 59
1 3
50 52
34 52
18 26
19 22
16 27
36 38
31 57
13 27
14 16
6 58
