0 1
1 2
2 3
3 4
4 5
5 6
6 7
7 8
8 9
9 10
10 11
11 12
12 13
13 14
14 15
15 16
16 17
17 18
18 19
19 20
20 21
21 22
22 23
23 24
24 25
25 26
26 27
27 28
28 29
29 30
30 31
31 32
32 33
33 34
34 35
35 36
36 37
37 38
38 39
39 40
40 41
41 42
42 43
43 44
44 45
45 46
46 47
47 48
48 49
49 50
50 51
51 52
52 53
53 54
54 55
55 56
56 57
57 58
58 59
59 0
18 25
15 36
15 41
22 36
10 41
47 58
16 56
39 42
36 51
2 16
42 47
12 16
54 56
36 49
31 33
22 55
43 59
22 34
15 30
5 8
30 34
2 9
17 27
31 36
3 7
3 16
0 2
9 16
20 25
42 46
3 9
3 6
16 30
39 41
2 8
36 38
2 43
16 18
40 42
2 41
26 30
52 57
19 25
22 24
6 8
48 50
12 15
47 51
30 32
22 35
1 43
15 39
45 59
0 57
36 47
24 30
21 25
10 14
45 58
11 16
19 55
23 30
36 48
51 58
37 39
2 56
41 43
27 30
53 56
22 30
30 36
51 53
2 5
16 28
19 56
51 54
25 30
3 8
9 11
37 42
2 4
46 58
21 24
32 34
10 15
36 42
43 45
27 29
2 10
57 59
13 15
53 57
17 26
49 51
36 55
48 51
15 38
16 27
44 59
16 19
3 5
16 29
43 46
10 13
33 36
10 12
1 59
52 58
51 55
20 55
18 26
34 36
21 55
2 57

0 1
1 2
2 3
3 4
4 5
5 6
6 7
7 8
8 9
9 10
10 11
11 12
12 13
13 14
14 15
15 16
16 17
17 18
18 19
19 20
20 21
21 22
22 23
23 24
24 25
25 26
26 27
27 28
28 29
29 30
30 31
31 32
32 33
33 34
34 35
35 36
36 37
37 38
38 39
39 40
40 41
41 42
42 43
43 44
44 45
45 46
46 47
47 48
48 49
49 50
50 51
51 52
52 53
53 54
54 55
55 56
56 57
57 58
58 59
59 0
1 36
1 12
51 59
16 48
42 52
5 9
30 46
14 28
52 55
11 33
28 48
36 54
0 48
39 45
12 31
36 58
6 35
46 51
41 53
31 34
38 46
10 34
13 28
54 58
46 48
3 12
8 34
16 21
17 28
12 30
17 23
14 22
25 28
17 19
14 23
13 48
15 21
1 6
18 20
1 35
9 34
37 40
47 49
23 26
56 58
16 20
19 22
55 58
48 59
36 53
45 52
35 37
40 44
11 34
40 43
46 50
0 12
4 12
40 45
34 38
20 22
6 34
34 37
23 25
14 25
7 9
1 5
24 26
12 29
11 31
37 41
46 49
15 48
5 12
42 53
36 59
14 48
26 28
45 51
5 7
5 11
55 59
39 46
52 59
52 54
1 4
30 48
12 48
13 29
30 38
23 27
1 3
54 57
28 30
17 48
23 28
0 36
44 52
42 44
17 20
11 32
17 22
14 21
49 59
7 34
37 53
31 38
55 57
38 40
5 10
50 59
2 12
