0 1
1 2
2 3
3 4
4 5
5 6
6 7
7 8
8 9
9 10
10 11
11 12
12 13
13 14
14 15
15 16
16 17
17 18
18 19
19 20
20 21
21 22
22 23
23 24
24 25
25 26
26 27
27 28
28 29
29 30
30 31
31 32
32 33
33 34
34 35
35 36
36 37
37 38
38 39
39 40
40 41
41 42
42 43
43 44
44 45
45 46
46 47
47 48
48 49
49 50
50 51
51 52
52 53
53 54
54 55
55 56
56 57
57 58
58 59
59 0
38 55
25 56
48 55
41 56
27 39
27 35
39 47
3 32
14 57
39 52
16 29
32 38
0 4
27 30
21 56
40 42
39 46
39 50
8 57
16 25
4 59
7 11
17 23
39 44
33 38
3 38
22 25
44 55
6 32
6 12
13 15
23 25
9 57
17 24
12 32
12 57
3 58
26 56
4 57
3 56
15 21
0 3
57 59
38 56
40 43
48 52
16 24
27 29
39 53
3 59
7 10
36 39
34 38
13 57
5 32
39 45
31 33
16 31
11 57
3 5
17 21
15 57
16 30
26 40
1 59
47 49
26 41
25 29
6 57
35 38
44 46
0 2
41 55
12 16
16 32
15 19
31 34
49 51
25 27
47 50
39 55
47 55
46 55
17 19
6 11
21 25
50 52
15 18
37 39
40 44
15 20
17 22
15 17
35 37
5 57
39 54
13 16
3 57
48 51
26 39
28 30
42 55
6 8
30 35
52 55
53 55
9 11
30 34
2 59
35 39
15 56
17 20
8 10
42 44

0 1
1 2
2 3
3 4
4 5
5 6
6 7
7 8
8 9
9 10
10 11
11 12
12 13
13 14
14 15
15 16
16 17
17 18
18 19
19 20
20 21
21 22
22 23
23 24
24 25
25 26
26 27
27 28
28 29
29 30
30 31
31 32
32 33
33 34
34 35
35 36
36 37
37 38
38 39
39 40
40 41
41 42
42 43
43 44
44 45
45 46
46 47
47 48
48 49
49 50
50 51
51 52
52 53
53 54
54 55
55 56
56 57
57 58
58 59
59 0
5 14
34 47
36 41
14 19
5 37
28 49
10 29
20 26
45 54
43 54
27 49
17 50
30 32
51 57
4 42
45 50
14 16
1 3
12 19
4 58
22 49
12 26
22 27
55 57
29 35
5 9
21 49
10 26
53 56
29 47
6 14
50 59
0 58
20 25
24 26
1 50
45 49
44 47
20 24
20 50
32 35
35 41
10 28
53 57
50 57
46 48
5 10
41 43
7 13
1 5
21 24
50 54
14 18
35 44
20 49
7 12
22 26
1 4
0 50
55 58
50 53
2 58
5 16
7 14
54 58
31 35
46 49
8 12
4 38
16 50
1 58
5 35
39 41
7 9
8 11
21 23
4 39
51 53
36 38
39 42
34 44
10 35
4 37
33 35
10 12
16 18
30 47
18 20
32 47
12 14
6 9
36 40
28 47
28 48
4 54
29 31
52 57
12 20
22 24
5 15
45 47
35 43
1 16
4 43
38 40
18 50
50 58
2 4
33 47
26 28
43 45
54 56
5 36
