0 1
1 2
2 3
3 4
4 5
5 6
6 7
7 8
8 9
9 10
10 11
11 12
12 13
13 14
14 15
15 16
16 17
17 18
18 19
19 20
20 21
21 22
22 23
23 24
24 25
25 26
26 27
27 28
28 29
29 30
30 31
31 32
32 33
33 34
34 35
35 36
36 37
37 38
38 39
39 40
40 41
41 42
42 43
43 44
44 45
45 46
46 47
47 48
48 49
49 50
50 51
51 52
52 53
53 54
54 55
55 56
56 57
57 58
58 59
59 0
39 51
9 50
35 45
21 24
0 27
10 20
12 49
28 57
1 51
17 22
6 9
5 10
34 48
51 53
29 53
43 51
38 44
44 48
31 49
7 51
1 27
15 22
28 53
46 48
26 28
10 21
24 49
29 52
2 10
54 57
1 58
30 38
13 19
33 35
2 7
35 48
29 49
38 40
32 48
30 39
14 22
32 36
15 19
10 13
2 25
54 58
53 57
14 19
2 6
39 52
31 48
2 27
10 24
35 47
10 19
2 51
48 50
26 49
29 31
54 56
16 22
33 36
30 32
45 47
37 44
39 43
3 10
51 54
28 59
29 39
0 28
36 38
41 44
42 44
10 25
17 19
13 49
48 51
16 18
33 48
22 49
2 5
8 51
10 12
21 23
40 42
28 49
23 49
25 49
28 58
19 22
1 59
51 58
40 43
11 50
25 27
44 46
7 9
38 41
44 51
4 10
37 45
11 49
55 58
9 51
13 22
10 50
20 22
32 38
16 19
36 45
56 58
6 10
3 5

0 1
1 2
2 3
3 4
4 5
5 6
6 7
7 8
8 9
9 10
10 11
11 12
12 13
13 14
14 15
15 16
16 17
17 18
18 19
19 20
20 21
21 22
22 23
23 24
24 25
25 26
26 27
27 28
28 29
29 30
30 31
31 32
32 33
33 34
34 35
35 36
36 37
37 38
38 39
39 40
40 41
41 42
42 43
43 44
44 45
45 46
46 47
47 48
48 49
49 50
50 51
51 52
52 53
53 54
54 55
55 56
56 57
57 58
58 59
59 0
3 51
43 45
35 53
17 58
39 45
38 53
25 41
17 28
19 46
22 44
7 47
25 39
48 52
22 46
33 57
14 46
7 50
47 50
2 13
13 46
5 13
33 53
28 31
22 28
26 29
45 52
31 38
23 43
4 13
22 27
0 3
25 42
32 57
52 57
18 28
31 34
18 46
9 12
16 46
7 11
39 53
31 33
24 27
1 15
25 38
6 11
32 58
29 38
3 6
31 35
13 15
12 47
17 46
23 42
36 53
3 59
13 47
35 38
28 32
8 12
33 56
52 54
51 57
0 2
23 27
39 42
6 50
39 41
7 12
17 32
23 25
6 12
53 55
51 59
17 59
0 17
22 43
6 51
45 48
47 49
53 56
15 46
35 37
18 20
20 46
20 28
25 29
0 16
21 46
0 15
8 11
57 59
28 30
6 13
49 52
34 53
8 10
1 13
55 57
42 45
49 51
52 55
22 45
27 29
3 13
37 53
21 28
24 26
25 40
4 6
9 11
45 53
