0 1
1 2
2 3
3 4
4 5
5 6
6 7
7 8
8 9
9 10
10 11
11 12
12 13
13 14
14 15
15 16
16 17
17 18
18 19
19 20
20 21
21 22
22 23
23 24
24 25
25 26
26 27
27 28
28 29
29 30
30 31
31 32
32 33
33 34
34 35
35 36
36 37
37 38
38 39
39 40
40 41
41 42
42 43
43 44
44 45
45 46
46 47
47 48
48 49
49 50
50 51
51 52
52 53
53 54
54 55
55 56
56 57
57 58
58 59
59 0
41 48
39 51
32 53
38 59
21 36
4 37
40 57
32 56
50 54
6 37
21 58
7 21
52 54
33 36
1 20
43 51
27 35
22 56
15 19
32 34
6 10
6 18
22 25
41 51
17 19
9 12
2 18
8 14
25 30
8 12
24 27
41 46
19 21
20 58
50 56
27 34
47 49
10 18
33 52
1 4
39 59
50 55
11 18
20 59
25 56
13 16
25 28
45 49
30 56
6 36
11 17
22 24
41 50
36 39
5 18
30 32
42 51
14 21
5 37
37 39
40 58
40 51
15 21
6 9
22 36
4 59
22 58
28 31
29 31
34 36
2 19
33 39
14 16
23 36
44 49
2 4
42 46
42 44
45 47
24 26
27 31
10 12
41 47
51 54
31 34
1 3
6 21
0 20
25 27
32 52
40 56
32 55
40 50
6 8
39 52
25 29
1 19
0 4
56 58
23 35
53 55
12 14
8 21
11 13
43 49
11 16
2 5
24 35
41 49
39 58
15 17
42 45
37 59
49 51
0 1
1 2
2 3
3 4
4 5
5 6
6 7
7 8
8 9
9 10
10 11
11 12
12 13
13 14
14 15
15 16
16 17
17 18
18 19
19 20
20 21
21 22
22 23
23 24
24 25
25 26
26 27
27 28
28 29
29 30
30 31
31 32
32 33
33 34
34 35
35 36
36 37
37 38
38 39
39 40
40 41
41 42
42 43
43 44
44 45
45 46
46 47
47 48
48 49
49 50
50 51
51 52
52 53
53 54
54 55
55 56
56 57
57 58
58 59
59 0
35 59
26 50
2 15
17 58
30 38
44 58
4 17
26 41
25 59
20 22
42 48
12 15
29 40
31 36
18 56
10 16
44 56
38 58
39 43
29 59
18 20
46 54
3 24
21 54
37 58
17 56
31 35
21 56
30 35
4 8
4 23
5 10
18 21
43 45
21 23
38 43
12 16
4 9
24 53
26 28
17 20
26 42
26 53
2 58
4 15
0 3
44 57
7 10
11 14
45 55
10 17
15 58
4 11
36 58
0 2
29 41
48 50
27 41
23 54
0 24
4 7
40 43
48 53
32 36
4 24
26 49
31 33
3 15
2 59
46 53
26 52
31 38
26 51
45 56
43 46
4 6
42 47
24 54
46 48
4 14
25 53
40 42
0 25
46 55
31 37
30 59
16 58
27 29
29 38
36 59
26 29
29 39
17 57
50 52
17 23
26 59
13 15
9 11
21 55
48 52
43 47
5 7
20 23
32 35
5 17
8 10
1 59
43 58
33 35
26 48
