0 1
1 2
2 3
3 4
4 5
5 6
6 7
7 8
8 9
9 10
10 11
11 12
12 13
13 14
14 15
15 16
16 17
17 18
18 19
19 20
20 21
21 22
22 23
23 24
24 25
25 26
26 27
27 28
28 29
29 30
30 31
31 32
32 33
33 34
34 35
35 36
36 37
37 38
38 39
39 40
40 41
41 42
42 43
43 44
44 45
45 46
46 47
47 48
48 49
49 50
50 51
51 52
52 53
53 54
54 55
55 56
56 57
57 58
58 59
59 0
6 16
2 14
27 57
1 26
23 33
25 30
34 46
43 50
23 31
17 22
45 50
3 18
28 46
35 43
20 26
7 13
56 59
37 43
15 41
50 56
17 20
0 15
43 45
15 54
35 44
2 13
18 26
17 35
1 27
21 23
36 41
26 28
16 41
49 56
12 14
36 38
0 27
17 19
52 56
17 34
35 46
19 26
6 10
9 13
15 56
0 58
45 49
15 52
3 7
27 48
6 8
42 51
52 55
30 32
57 59
30 33
0 56
17 21
30 46
29 46
41 52
38 43
41 43
23 25
8 13
39 41
5 7
0 57
9 12
31 33
24 26
10 14
42 52
39 43
25 28
6 14
4 7
1 3
44 46
11 14
28 48
27 56
25 29
20 24
4 18
3 26
6 18
51 56
16 35
17 33
0 2
17 23
45 47
2 7
35 37
54 56
10 12
20 23
35 41
6 9
33 46
42 50
23 30
46 48
14 16
45 48
52 54
48 56
16 18
40 43
5 18
36 39
15 53
0 14

0 1
1 2
2 3
3 4
4 5
5 6
6 7
7 8
8 9
9 10
10 11
11 12
12 13
13 14
14 15
15 16
16 17
17 18
18 19
19 20
20 21
21 22
22 23
23 24
24 25
25 26
26 27
27 28
28 29
29 30
30 31
31 32
32 33
33 34
34 35
35 36
36 37
37 38
38 39
39 40
40 41
41 42
42 43
43 44
44 45
45 46
46 47
47 48
48 49
49 50
50 51
51 52
52 53
53 54
54 55
55 56
56 57
57 58
58 59
59 0
22 51
32 43
2 16
18 34
47 56
15 17
1 19
18 40
24 46
9 11
12 56
5 56
10 15
17 44
20 56
19 31
20 58
32 34
48 55
21 52
3 56
20 25
18 41
14 56
7 15
1 58
41 44
7 10
4 16
49 54
47 55
15 46
33 43
22 50
1 59
23 47
56 58
27 44
30 43
1 16
20 29
33 37
33 39
34 36
27 46
1 20
13 15
48 54
27 29
23 50
50 54
53 55
18 32
25 46
8 56
18 44
14 46
21 53
33 38
34 40
5 8
22 52
23 49
27 43
8 11
34 38
4 6
28 30
53 56
33 40
21 25
24 47
3 59
1 17
17 46
19 29
51 53
33 42
20 53
27 30
23 48
13 56
20 27
27 45
1 18
19 32
4 15
26 46
11 15
34 39
46 56
4 56
7 9
33 41
34 37
2 59
6 15
3 16
17 45
11 13
33 36
21 24
11 56
25 27
20 57
33 35
29 31
51 54
31 43
22 24
42 44
3 58
