0 1
1 2
2 3
3 4
4 5
5 6
6 7
7 8
8 9
9 10
10 11
11 12
12 13
13 14
14 15
15 16
16 17
17 18
18 19
19 20
20 21
21 22
22 23
23 24
24 25
25 26
26 27
27 28
28 29
29 30
30 31
31 32
32 33
33 34
34 35
35 36
36 37
37 38
38 39
39 40
40 41
41 42
42 43
43 44
44 45
45 46
46 47
47 48
48 49
49 50
50 51
51 52
52 53
53 54
54 55
55 56
56 57
57 58
58 59
59 0
16 38
6 56
33 53
3 15
4 58
26 32
33 55
14 47
28 58
2 24
17 34
29 58
23 26
12 52
3 19
20 34
42 48
8 14
16 39
3 14
15 43
31 58
14 50
12 14
31 57
10 54
35 53
37 50
2 25
27 31
23 32
12 54
8 54
19 23
4 14
33 56
47 49
14 46
18 34
26 58
9 12
36 51
37 40
40 48
26 59
15 45
7 54
32 34
7 55
48 50
36 52
16 19
4 56
5 8
17 19
11 54
32 56
42 46
30 58
42 45
33 35
14 45
38 40
7 56
27 29
19 22
34 37
22 34
25 59
36 50
0 3
27 30
1 3
0 25
16 43
56 58
14 52
17 37
43 45
19 34
3 58
9 11
22 32
26 28
16 37
6 8
41 43
32 57
1 25
50 52
9 13
2 23
5 56
40 50
41 48
36 53
15 19
33 54
9 54
5 14
0 58
9 14
27 32
35 37
39 41
52 54
42 47
24 26
42 44
19 21
39 43
14 49
20 22
3 23
0 1
1 2
2 3
3 4
4 5
5 6
6 7
7 8
8 9
9 10
10 11
11 12
12 13
13 14
14 15
15 16
16 17
17 18
18 19
19 20
20 21
21 22
22 23
23 24
24 25
25 26
26 27
27 28
28 29
29 30
30 31
31 32
32 33
33 34
34 35
35 36
36 37
37 38
38 39
39 40
40 41
41 42
42 43
43 44
44 45
45 46
46 47
47 48
48 49
49 50
50 51
51 52
52 53
53 54
54 55
55 56
56 57
57 58
58 59
59 0
16 50
18 28
3 21
7 52
47 54
6 9
32 50
34 58
30 33
43 47
33 49
5 21
7 59
33 36
36 46
17 20
30 34
39 57
45 47
16 18
31 50
41 47
36 43
36 47
23 59
39 54
28 50
28 34
21 59
7 14
7 10
7 13
35 58
33 50
36 48
25 58
22 25
47 53
35 39
14 16
5 15
0 5
6 15
49 51
52 59
36 44
11 14
20 26
7 9
40 47
53 58
1 5
5 20
22 26
18 27
36 40
5 7
15 17
9 15
25 34
54 58
29 34
29 50
30 32
36 49
0 21
30 50
44 47
40 54
11 15
40 42
23 25
52 58
8 10
39 55
14 51
10 15
55 57
1 4
21 26
16 51
22 24
4 21
48 52
1 21
7 12
36 39
22 59
55 58
10 12
25 27
36 42
5 17
19 26
2 4
11 13
5 59
2 21
27 34
18 50
39 56
18 20
34 36
36 45
48 51
36 38
7 51
35 38
19 27
48 53
39 58
23 58
37 39
