0 1
1 2
2 3
3 4
4 5
5 6
6 7
7 8
8 9
9 10
10 11
11 12
12 13
13 14
14 15
15 16
16 17
17 18
18 19
19 20
20 21
21 22
22 23
23 24
24 25
25 26
26 27
27 28
28 29
29 30
30 31
31 32
32 33
33 34
34 35
35 36
36 37
37 38
38 39
39 40
40 41
41 42
42 43
43 44
44 45
45 46
46 47
47 48
48 49
49 50
50 51
51 52
52 53
53 54
54 55
55 56
56 57
57 58
58 59
59 0
34 53
46 49
37 55
35 44
33 59
19 32
18 58
54 57
20 26
13 26
2 9
8 27
0 14
41 50
5 29
57 59
48 50
34 57
37 41
43 45
35 51
35 38
54 59
42 44
11 26
15 19
35 52
28 31
54 56
0 9
7 28
21 23
41 53
47 50
5 31
0 12
21 28
2 33
0 33
17 59
15 59
6 28
8 26
37 54
50 53
0 11
22 26
34 52
6 9
46 51
2 5
24 26
20 31
2 32
22 27
1 33
5 28
13 19
39 44
49 51
6 8
37 39
5 32
50 52
1 9
13 15
22 25
41 46
37 53
34 55
44 51
23 25
9 11
4 9
34 58
8 10
37 40
5 30
16 18
33 53
34 56
11 13
44 46
53 59
14 59
23 26
12 14
46 48
8 11
3 5
19 34
40 42
21 31
43 46
19 31
22 28
35 37
7 27
35 55
18 59
16 59
36 38
16 19
32 34
39 42
18 34
41 47
4 6
29 31
2 4
19 26
38 44
21 26
42 46
0 1
1 2
2 3
3 4
4 5
5 6
6 7
7 8
8 9
9 10
10 11
11 12
12 13
13 14
14 15
15 16
16 17
17 18
18 19
19 20
20 21
21 22
22 23
23 24
24 25
25 26
26 27
27 28
28 29
29 30
30 31
31 32
32 33
33 34
34 35
35 36
36 37
37 38
38 39
39 40
40 41
41 42
42 43
43 44
44 45
45 46
46 47
47 48
48 49
49 50
50 51
51 52
52 53
53 54
54 55
55 56
56 57
57 58
58 59
59 0
4 36
45 57
15 36
18 32
29 55
44 52
2 25
8 17
2 41
50 55
4 40
40 55
55 59
26 32
34 40
18 33
46 55
45 59
10 13
25 32
4 14
28 30
25 55
4 13
19 21
2 6
28 32
32 55
41 43
33 40
42 55
16 36
0 44
47 52
8 16
18 23
18 20
7 17
7 21
36 39
2 40
26 55
46 52
21 24
27 29
6 13
17 19
10 16
45 58
34 38
18 24
43 54
47 49
8 12
4 39
49 55
20 23
33 35
47 55
2 59
18 35
10 14
48 51
1 59
43 53
9 12
51 54
30 55
7 24
2 7
10 15
0 2
17 21
24 32
52 54
27 32
41 44
26 29
56 59
2 55
2 24
31 55
0 45
3 40
2 44
3 6
43 52
4 15
34 37
7 13
20 22
51 55
45 56
48 52
17 35
9 16
16 35
8 13
5 13
46 56
22 24
56 58
34 39
45 52
30 32
34 36
43 55
33 55
41 55
10 12
