0 1
1 2
2 3
3 4
4 5
5 6
6 7
7 8
8 9
9 10
10 11
11 12
12 13
13 14
14 15
15 16
16 17
17 18
18 19
19 20
20 21
21 22
22 23
23 24
24 25
25 26
26 27
27 28
28 29
29 30
30 31
31 32
32 33
33 34
34 35
35 36
36 37
37 38
38 39
39 40
40 41
41 42
42 43
43 44
44 45
45 46
46 47
47 48
48 49
49 50
50 51
51 52
52 53
53 54
54 55
55 56
56 57
57 58
58 59
59 0
18 44
19 25
16 53
11 19
30 44
16 45
22 29
5 56
46 55
19 40
25 56
15 18
30 40
33 35
55 59
21 30
0 55
14 16
35 39
4 12
4 8
0 16
31 35
19 24
51 53
17 44
37 40
25 27
39 44
25 46
14 19
0 3
25 44
39 41
34 37
56 59
46 51
1 14
22 30
9 25
57 59
4 13
32 34
12 14
27 44
49 52
45 49
45 47
27 30
3 57
5 9
12 19
16 44
22 26
48 50
5 7
19 22
3 56
2 4
28 30
46 50
30 39
44 46
56 58
10 19
23 25
15 17
40 43
10 12
16 49
31 37
49 53
9 12
31 39
25 55
46 48
36 39
51 54
31 40
21 40
4 6
4 56
45 48
38 40
32 35
6 8
37 39
3 59
26 28
40 42
41 44
0 53
8 12
41 43
19 44
9 19
20 40
0 54
31 34
1 4
22 25
19 21
1 16
5 8
14 18
46 54
34 36
40 44
1 13
26 29
49 51
0 2
5 25
22 24

0 1
1 2
2 3
3 4
4 5
5 6
6 7
7 8
8 9
9 10
10 11
11 12
12 13
13 14
14 15
15 16
16 17
17 18
18 19
19 20
20 21
21 22
22 23
23 24
24 25
25 26
26 27
27 28
28 29
29 30
30 31
31 32
32 33
33 34
34 35
35 36
36 37
37 38
38 39
39 40
40 41
41 42
42 43
43 44
44 45
45 46
46 47
47 48
48 49
49 50
50 51
51 52
52 53
53 54
54 55
55 56
56 57
57 58
58 59
59 0
35 45
22 27
9 56
4 55
10 45
10 28
8 45
2 58
44 50
27 38
31 38
24 50
5 58
7 56
44 48
11 15
24 41
35 38
30 38
14 27
0 4
4 58
16 20
23 55
27 41
7 47
2 57
11 22
10 22
31 36
7 57
50 53
11 14
28 32
28 45
20 22
24 43
7 9
17 27
34 45
44 47
11 21
49 54
15 20
35 42
11 27
27 40
7 45
15 27
35 43
36 38
6 55
28 34
50 52
7 46
17 19
13 15
28 33
4 57
51 55
7 55
4 59
25 41
9 45
17 20
10 56
38 42
29 38
24 55
11 28
47 49
27 39
33 36
20 27
43 45
5 57
23 56
12 15
35 37
19 27
47 55
2 59
50 55
27 29
55 57
53 55
6 57
18 20
32 36
11 20
30 32
5 55
24 42
26 41
47 54
23 27
29 32
10 23
50 54
24 26
52 55
24 27
1 3
24 44
16 27
38 41
11 13
44 49
1 59
