0 1
1 2
2 3
3 4
4 5
5 6
6 7
7 8
8 9
9 10
10 11
11 12
12 13
13 14
14 15
15 16
16 17
17 18
18 19
19 20
20 21
21 22
22 23
23 24
24 25
25 26
26 27
27 28
28 29
29 30
30 31
31 32
32 33
33 34
34 35
35 36
36 37
37 38
38 39
39 40
40 41
41 42
42 43
43 44
44 45
45 46
46 47
47 48
48 49
49 50
50 51
51 52
52 53
53 54
54 55
55 56
56 57
57 58
58 59
59 0
17 43
34 53
21 30
27 36
1 59
14 53
27 33
3 6
10 18
4 31
10 54
9 58
31 58
37 43
37 41
55 57
38 46
36 38
27 32
11 16
7 9
5 10
20 37
23 27
4 59
50 53
3 8
31 55
3 59
22 27
37 39
31 33
23 36
34 50
25 36
18 31
10 12
14 47
34 36
34 47
21 29
0 9
31 56
14 49
20 43
12 53
51 53
10 31
40 42
36 46
22 36
10 58
39 41
14 51
15 45
42 45
12 54
14 50
5 31
20 31
14 52
17 19
21 36
14 16
10 17
31 57
36 47
39 46
16 44
21 28
24 36
20 30
6 10
22 28
27 30
11 17
12 14
0 2
47 49
45 47
15 44
33 54
3 9
17 44
39 45
0 58
17 20
54 58
11 14
43 45
4 6
15 47
35 47
19 31
33 55
7 10
34 49
54 57
33 36
2 59
14 48
28 30
13 53
3 7
24 26
21 37
37 42
26 36
34 54
30 32
24 27
39 42
0 3
4 58

0 1
1 2
2 3
3 4
4 5
5 6
6 7
7 8
8 9
9 10
10 11
11 12
12 13
13 14
14 15
15 16
16 17
17 18
18 19
19 20
20 21
21 22
22 23
23 24
24 25
25 26
26 27
27 28
28 29
29 30
30 31
31 32
32 33
33 34
34 35
35 36
36 37
37 38
38 39
39 40
40 41
41 42
42 43
43 44
44 45
45 46
46 47
47 48
48 49
49 50
50 51
51 52
52 53
53 54
54 55
55 56
56 57
57 58
58 59
59 0
25 52
36 55
42 53
25 56
40 52
13 23
19 22
7 54
0 4
2 55
4 14
42 52
18 22
13 20
2 54
13 17
35 55
8 11
25 27
34 52
49 52
33 56
36 54
8 25
44 52
17 24
25 28
8 23
47 50
44 53
7 25
38 52
6 8
16 57
8 10
28 52
22 24
2 5
10 14
26 52
20 22
0 56
36 39
4 57
47 52
30 56
25 29
46 49
19 21
5 8
49 53
36 53
13 19
5 9
15 57
34 37
50 52
28 32
5 54
0 57
29 31
46 48
28 33
6 54
48 50
25 57
26 28
14 57
45 52
37 52
4 9
17 25
13 22
7 52
4 10
8 12
36 42
18 24
1 55
13 16
56 58
1 56
49 51
8 13
43 53
28 31
33 52
25 30
35 37
36 40
34 56
16 25
35 56
56 59
8 24
41 52
46 53
30 33
1 4
43 52
36 41
1 3
57 59
13 18
38 40
11 13
13 15
46 52
44 46
10 13
52 54
2 4
