0 1
1 2
2 3
3 4
4 5
5 6
6 7
7 8
8 9
9 10
10 11
11 12
12 13
13 14
14 15
15 16
16 17
17 18
18 19
19 20
20 21
21 22
22 23
23 24
24 25
25 26
26 27
27 28
28 29
29 30
30 31
31 32
32 33
33 34
34 35
35 36
36 37
37 38
38 39
39 40
40 41
41 42
42 43
43 44
44 45
45 46
46 47
47 48
48 49
49 50
50 51
51 52
52 53
53 54
54 55
55 56
56 57
57 58
58 59
59 0
11 20
19 26
0 43
23 49
4 49
47 54
6 29
7 16
5 49
10 23
1 54
23 37
40 49
44 47
26 37
46 49
55 58
6 9
29 37
44 57
30 43
51 54
38 49
14 20
2 49
30 38
47 53
9 49
14 17
10 13
44 55
23 38
47 55
25 37
57 59
16 18
33 36
49 54
1 29
0 29
9 14
0 44
22 26
7 14
34 36
16 29
49 52
18 29
32 36
41 43
4 29
26 28
56 58
1 59
29 33
30 42
41 45
40 45
32 35
1 58
48 53
19 21
36 38
13 20
5 9
7 9
3 29
47 49
30 41
1 55
11 13
18 20
32 38
19 27
2 29
44 59
2 54
12 20
31 33
33 37
10 14
17 20
24 26
50 52
11 23
26 29
18 28
30 40
4 6
7 29
45 49
51 53
49 53
55 57
21 26
31 38
45 47
49 51
7 15
38 40
9 23
22 24
20 23
20 22
43 45
23 25
0 30
30 33
39 49
15 17
33 35
2 4
18 27
6 8

0 1
1 2
2 3
3 4
4 5
5 6
6 7
7 8
8 9
9 10
10 11
11 12
12 13
13 14
14 15
15 16
16 17
17 18
18 19
19 20
20 21
21 22
22 23
23 24
24 25
25 26
26 27
27 28
28 29
29 30
30 31
31 32
32 33
33 34
34 35
35 36
36 37
37 38
38 39
39 40
40 41
41 42
42 43
43 44
44 45
45 46
46 47
47 48
48 49
49 50
50 51
51 52
52 53
53 54
54 55
55 56
56 57
57 58
58 59
59 0
43 54
17 53
9 13
38 56
32 40
10 56
15 22
14 22
20 30
3 26
17 48
16 53
28 58
8 23
42 44
17 22
31 44
4 59
31 35
20 45
39 55
5 56
3 58
12 14
14 55
16 55
0 2
20 46
30 56
18 22
4 26
43 49
50 54
31 40
1 4
34 37
44 46
8 22
7 56
11 55
24 30
17 19
7 23
38 55
23 26
2 59
31 36
14 16
17 46
25 27
20 44
48 51
43 50
39 43
27 29
4 57
27 58
16 22
4 7
36 56
5 57
43 47
32 34
10 55
33 38
33 40
17 51
3 59
43 46
53 55
29 56
40 44
21 30
11 14
0 4
9 56
26 58
8 13
20 31
39 41
4 23
33 39
21 24
13 22
25 30
18 21
28 57
19 46
6 56
35 37
41 44
50 53
48 50
37 56
34 38
9 11
46 48
30 36
27 30
4 58
9 12
21 23
28 56
1 3
43 55
5 7
39 42
8 56
43 48
31 34
17 52
