0 1
1 2
2 3
3 4
4 5
5 6
6 7
7 8
8 9
9 10
10 11
11 12
12 13
13 14
14 15
15 16
16 17
17 18
18 19
19 20
20 21
21 22
22 23
23 24
24 25
25 26
26 27
27 28
28 29
29 30
30 31
31 32
32 33
33 34
34 35
35 36
36 37
37 38
38 39
39 40
40 41
41 42
42 43
43 44
44 45
45 46
46 47
47 48
48 49
49 50
50 51
51 52
52 53
53 54
54 55
55 56
56 57
57 58
58 59
59 0
41 44
7 30
5 53
25 55
35 50
8 57
17 19
16 56
30 41
42 53
31 40
28 30
1 55
1 5
16 20
6 52
3 6
37 45
31 33
27 41
10 56
8 24
44 46
27 42
36 38
6 59
1 58
7 32
43 51
41 43
43 50
40 45
5 52
8 59
7 34
25 42
17 55
21 24
44 47
35 47
16 55
56 58
26 42
11 56
11 15
25 54
45 47
25 29
36 45
8 16
8 10
7 31
55 58
11 16
25 53
33 40
1 4
36 40
19 21
21 23
16 24
9 15
24 30
7 51
36 39
51 53
9 13
16 19
20 24
3 59
11 13
1 54
34 50
35 48
8 30
7 59
25 30
22 55
35 45
0 2
23 25
0 58
8 58
9 16
34 36
37 39
9 14
23 55
37 40
34 40
30 40
10 12
34 51
44 48
19 22
18 22
1 3
25 27
6 51
48 50
13 15
18 55
7 33
10 57
0 3
27 29
1 53
43 49
40 44
42 51
43 48
10 13
28 41
3 5

0 1
1 2
2 3
3 4
4 5
5 6
6 7
7 8
8 9
9 10
10 11
11 12
12 13
13 14
14 15
15 16
16 17
17 18
18 19
19 20
20 21
21 22
22 23
23 24
24 25
25 26
26 27
27 28
28 29
29 30
30 31
31 32
32 33
33 34
34 35
35 36
36 37
37 38
38 39
39 40
40 41
41 42
42 43
43 44
44 45
45 46
46 47
47 48
48 49
49 50
50 51
51 52
52 53
53 54
54 55
55 56
56 57
57 58
58 59
59 0
49 56
0 33
19 48
14 30
40 53
38 43
22 26
19 35
23 34
37 58
10 49
14 17
14 21
42 45
9 49
25 32
42 49
20 22
25 33
11 32
19 45
50 56
5 8
35 37
2 49
19 49
38 57
41 53
3 8
12 31
12 49
38 56
49 53
7 11
47 49
49 57
40 43
35 58
23 35
33 35
51 54
30 32
8 49
5 33
35 43
1 59
49 59
6 33
38 53
15 49
39 43
14 18
26 29
4 8
49 58
11 49
38 54
0 4
42 46
22 27
38 55
50 53
14 27
46 49
18 21
6 11
46 48
14 16
37 43
33 58
38 40
43 45
3 49
14 49
15 19
13 30
8 11
19 46
26 32
12 30
26 30
23 33
11 33
13 49
24 26
24 33
12 32
35 44
21 27
50 54
33 59
38 58
27 30
16 18
22 24
2 59
6 8
15 18
19 44
20 35
52 54
41 49
50 55
0 5
36 43
50 52
9 11
22 35
26 28
40 42
18 20
2 4
