0 1
1 2
2 3
3 4
4 5
5 6
6 7
7 8
8 9
9 10
10 11
11 12
12 13
13 14
14 15
15 16
16 17
17 18
18 19
19 20
20 21
21 22
22 23
23 24
24 25
25 26
26 27
27 28
28 29
29 30
30 31
31 32
32 33
33 34
34 35
35 36
36 37
37 38
38 39
39 40
40 41
41 42
42 43
43 44
44 45
45 46
46 47
47 48
48 49
49 50
50 51
51 52
52 53
53 54
54 55
55 56
56 57
57 58
58 59
59 0
2 16
35 47
16 28
14 19
24 47
38 53
25 31
11 53
42 53
13 47
21 25
36 45
0 4
0 16
4 16
21 28
54 56
54 58
11 14
17 28
28 53
14 16
32 47
8 10
27 30
33 37
33 35
9 15
43 46
57 59
36 40
25 27
6 55
0 3
7 15
0 55
12 52
10 55
29 31
40 42
43 45
2 4
8 55
19 21
28 59
36 41
50 52
12 48
33 36
34 36
47 53
10 15
8 15
4 15
13 22
28 30
39 53
10 53
4 55
10 14
26 28
28 31
47 50
36 44
36 42
31 37
14 18
53 58
12 47
27 31
0 28
31 38
0 56
25 28
43 47
39 42
23 25
53 55
50 53
24 32
21 23
13 21
25 32
33 47
31 53
5 7
42 44
13 20
5 15
56 59
36 38
36 39
13 24
12 53
36 46
14 17
36 47
18 28
0 2
43 53
12 50
7 55
51 53
1 3
22 24
56 58
12 14
18 21
31 33
53 59
13 19
5 55
12 49
47 49

0 1
1 2
2 3
3 4
4 5
5 6
6 7
7 8
8 9
9 10
10 11
11 12
12 13
13 14
14 15
15 16
16 17
17 18
18 19
19 20
20 21
21 22
22 23
23 24
24 25
25 26
26 27
27 28
28 29
29 30
30 31
31 32
32 33
33 34
34 35
35 36
36 37
37 38
38 39
39 40
40 41
41 42
42 43
43 44
44 45
45 46
46 47
47 48
48 49
49 50
50 51
51 52
52 53
53 54
54 55
55 56
56 57
57 58
58 59
59 0
45 55
33 48
16 30
8 51
15 49
10 13
7 33
45 48
38 43
5 37
46 53
35 37
20 33
21 31
39 56
24 30
37 56
7 18
35 38
24 28
10 18
17 20
16 20
4 59
3 59
5 53
39 43
16 22
11 13
45 56
7 52
35 48
42 56
16 49
1 58
55 57
16 25
7 51
12 18
16 24
7 37
31 48
21 32
10 49
8 49
4 58
4 54
2 37
37 58
34 37
12 17
22 31
3 5
24 27
35 45
19 33
16 29
49 51
46 50
14 49
16 23
45 47
40 43
25 29
37 57
9 49
31 49
1 59
41 56
44 56
16 31
7 9
46 48
12 16
35 44
17 19
23 31
37 39
39 41
27 29
46 49
35 43
6 37
7 53
9 18
34 48
24 29
5 54
54 57
4 57
13 15
1 37
0 58
20 22
13 16
46 54
23 30
20 32
46 55
3 37
11 18
46 51
24 26
43 56
13 49
7 34
2 59
18 33
41 43
26 29
6 53
46 52
32 48
