0 1
1 2
2 3
3 4
4 5
5 6
6 7
7 8
8 9
9 10
10 11
11 12
12 13
13 14
14 15
15 16
16 17
17 18
18 19
19 20
20 21
21 22
22 23
23 24
24 25
25 26
26 27
27 28
28 29
29 30
30 31
31 32
32 33
33 34
34 35
35 36
36 37
37 38
38 39
39 40
40 41
41 42
42 43
43 44
44 45
45 46
46 47
47 48
48 49
49 50
50 51
51 52
52 53
53 54
54 55
55 56
56 57
57 58
58 59
59 0
44 46
18 31
16 36
40 44
26 30
21 58
44 53
10 16
0 40
9 18
41 46
25 36
0 6
36 55
44 50
8 39
22 29
25 35
0 44
12 39
38 52
14 36
12 37
5 40
44 58
54 57
32 36
3 40
30 32
9 12
55 57
11 15
46 48
31 36
22 36
20 59
41 47
27 29
11 16
2 40
25 30
44 54
36 54
4 6
23 27
24 26
38 48
38 50
22 30
32 35
6 20
7 20
2 6
9 20
44 51
8 12
38 49
6 8
19 22
39 47
36 57
12 15
13 15
36 53
19 30
23 26
23 36
43 46
12 14
26 29
16 31
32 34
45 49
1 6
0 2
44 52
22 58
46 49
36 56
15 36
44 49
8 40
33 36
23 28
40 43
9 17
9 16
25 32
22 57
22 28
3 5
8 20
12 36
38 47
23 25
44 59
39 41
6 59
37 53
33 35
20 58
5 8
37 39
2 4
9 11
19 21
18 20
19 31
40 42
38 53
42 46
38 51
17 31
54 58

0 1
1 2
2 3
3 4
4 5
5 6
6 7
7 8
8 9
9 10
10 11
11 12
12 13
13 14
14 15
15 16
16 17
17 18
18 19
19 20
20 21
21 22
22 23
23 24
24 25
25 26
26 27
27 28
28 29
29 30
30 31
31 32
32 33
33 34
34 35
35 36
36 37
37 38
38 39
39 40
40 41
41 42
42 43
43 44
44 45
45 46
46 47
47 48
48 49
49 50
50 51
51 52
52 53
53 54
54 55
55 56
56 57
57 58
58 59
59 0
14 57
6 53
39 48
1 8
10 33
8 46
34 57
7 53
36 42
9 44
12 16
39 46
21 33
33 43
15 28
34 42
40 45
30 57
35 53
41 44
8 45
0 55
24 31
11 21
4 8
46 51
0 5
53 55
55 59
0 10
23 33
0 4
0 53
32 57
25 29
16 25
17 22
46 53
17 24
50 53
17 19
13 16
3 8
15 29
8 53
15 30
11 59
36 40
9 33
16 21
47 51
34 43
26 28
36 41
47 49
39 53
23 31
35 37
53 57
48 53
17 25
17 20
25 27
15 57
54 56
1 4
1 3
18 21
22 33
16 27
33 57
0 11
49 53
37 40
5 53
55 58
24 29
51 53
14 16
11 33
41 45
14 59
13 59
25 28
22 24
2 8
24 30
42 44
31 57
40 46
0 8
34 53
35 42
16 18
14 58
46 52
8 44
38 40
12 59
23 32
5 7
33 44
0 9
12 21
47 50
35 38
17 21
16 28
53 56
56 58
4 7
35 39
