0 1
1 2
2 3
3 4
4 5
5 6
6 7
7 8
8 9
9 10
10 11
11 12
12 13
13 14
14 15
15 16
16 17
17 18
18 19
19 20
20 21
21 22
22 23
23 24
24 25
25 26
26 27
27 28
28 29
29 30
30 31
31 32
32 33
33 34
34 35
35 36
36 37
37 38
38 39
39 40
40 41
41 42
42 43
43 44
44 45
45 46
46 47
47 48
48 49
49 50
50 51
51 52
52 53
53 54
54 55
55 56
56 57
57 58
58 59
59 0
3 20
10 38
21 56
36 38
47 58
43 46
27 44
1 58
46 51
18 22
23 38
24 54
7 41
26 53
15 20
52 57
3 21
3 14
6 14
1 42
51 57
29 40
29 39
41 44
24 34
34 36
25 34
26 33
34 39
10 18
30 39
2 21
2 41
7 12
31 33
50 58
42 44
26 52
27 30
19 22
27 45
53 56
48 58
7 13
28 30
24 35
34 37
43 58
46 52
31 34
42 59
13 18
10 41
1 56
30 33
24 38
14 18
0 58
35 38
39 41
30 34
29 44
18 38
5 14
21 23
23 56
46 58
7 10
15 17
4 14
32 34
2 6
0 42
7 9
19 21
3 5
26 45
1 57
2 42
11 13
48 51
50 57
24 56
10 12
49 58
24 26
15 19
24 55
14 16
46 48
42 58
2 7
44 46
52 56
15 18
28 44
26 30
14 17
38 41
8 41
40 44
48 50
2 56
3 15
18 23
9 41
25 33
37 39
10 13
26 54
26 46
54 56
6 13
3 6
0 1
1 2
2 3
3 4
4 5
5 6
6 7
7 8
8 9
9 10
10 11
11 12
12 13
13 14
14 15
15 16
16 17
17 18
18 19
19 20
20 21
21 22
22 23
23 24
24 25
25 26
26 27
27 28
28 29
29 30
30 31
31 32
32 33
33 34
34 35
35 36
36 37
37 38
38 39
39 40
40 41
41 42
42 43
43 44
44 45
45 46
46 47
47 48
48 49
49 50
50 51
51 52
52 53
53 54
54 55
55 56
56 57
57 58
58 59
59 0
12 44
20 33
1 11
6 58
11 36
26 37
10 48
20 43
42 48
23 41
50 56
8 55
4 11
42 56
18 33
20 44
36 57
41 56
40 56
11 47
1 59
12 33
44 48
32 36
37 56
15 33
23 29
8 11
12 17
12 35
49 56
45 48
27 31
49 51
11 44
51 54
6 56
9 55
39 56
25 28
12 34
9 51
24 40
20 31
25 38
38 56
27 37
11 45
56 58
17 20
24 28
11 35
21 41
11 59
0 4
32 37
6 8
41 43
25 37
36 56
36 58
2 4
7 55
23 30
3 11
12 16
18 20
0 5
10 47
51 56
10 51
16 33
22 41
24 41
17 44
2 11
31 37
21 30
16 18
17 19
25 27
5 8
24 29
6 55
51 53
11 46
5 11
20 32
5 58
53 55
22 30
9 11
24 39
9 53
48 56
45 47
52 54
36 59
27 29
12 14
33 36
13 15
13 33
12 15
5 59
29 31
20 41
33 35
10 49
25 39
0 2
21 31
43 48
51 55
