0 1
1 2
2 3
3 4
4 5
5 6
6 7
7 8
8 9
9 10
10 11
11 12
12 13
13 14
14 15
15 16
16 17
17 18
18 19
19 20
20 21
21 22
22 23
23 24
24 25
25 26
26 27
27 28
28 29
29 30
30 31
31 32
32 33
33 34
34 35
35 36
36 37
37 38
38 39
39 40
40 41
41 42
42 43
43 44
44 45
45 46
46 47
47 48
48 49
49 50
50 51
51 52
52 53
53 54
54 55
55 56
56 57
57 58
58 59
59 0
33 58
2 4
2 7
1 45
13 26
10 19
57 59
23 36
23 44
34 55
56 59
36 55
7 21
39 46
12 30
49 52
8 30
11 14
13 21
10 16
29 32
33 57
0 6
10 21
37 52
25 36
47 56
51 56
23 26
53 55
4 6
46 59
46 52
0 5
15 18
6 33
15 20
9 12
26 35
10 20
26 34
35 55
0 33
15 21
36 39
50 52
50 56
40 44
32 34
6 32
9 21
12 14
51 54
1 5
39 41
28 30
24 26
36 38
2 5
36 41
10 12
51 53
13 27
13 15
7 31
24 36
34 56
39 52
36 44
0 45
7 45
13 23
4 7
40 43
7 32
25 35
22 44
8 21
21 23
13 30
27 32
10 14
1 7
21 45
27 34
47 52
41 43
45 59
36 53
10 18
40 42
37 53
34 57
18 20
7 30
15 17
39 45
29 31
33 59
3 5
47 49
46 56
28 32
13 28
48 56
38 52
48 50
51 55
40 45
16 18
22 45
14 16
41 44
9 30
0 1
1 2
2 3
3 4
4 5
5 6
6 7
7 8
8 9
9 10
10 11
11 12
12 13
13 14
14 15
15 16
16 17
17 18
18 19
19 20
20 21
21 22
22 23
23 24
24 25
25 26
26 27
27 28
28 29
29 30
30 31
31 32
32 33
33 34
34 35
35 36
36 37
37 38
38 39
39 40
40 41
41 42
42 43
43 44
44 45
45 46
46 47
47 48
48 49
49 50
50 51
51 52
52 53
53 54
54 55
55 56
56 57
57 58
58 59
59 0
33 52
17 22
28 57
5 30
18 58
36 54
28 33
3 53
44 51
53 57
9 13
0 53
50 53
22 58
4 13
35 43
17 29
34 43
41 48
3 59
49 53
0 2
10 30
28 55
48 53
17 24
40 53
17 25
10 29
31 33
45 47
36 42
41 45
53 58
15 59
3 32
38 42
17 27
28 35
41 47
9 11
16 29
33 43
0 58
2 59
12 16
14 59
28 56
45 51
17 20
13 16
5 9
37 39
47 50
6 13
24 57
20 58
1 3
17 28
30 33
53 56
27 57
37 42
40 54
17 26
39 54
11 16
28 54
42 45
16 59
39 42
6 8
3 13
29 33
22 57
44 52
19 58
5 10
5 13
33 44
33 53
5 8
7 13
5 31
45 50
46 50
0 3
3 31
26 57
17 19
42 44
36 43
32 53
40 48
11 13
23 57
13 59
8 13
28 36
17 58
21 58
17 23
37 54
17 21
4 31
17 59
54 56
25 57
28 34
11 29
