0 1
1 2
2 3
3 4
4 5
5 6
6 7
7 8
8 9
9 10
10 11
11 12
12 13
13 14
14 15
15 16
16 17
17 18
18 19
19 20
20 21
21 22
22 23
23 24
24 25
25 26
26 27
27 28
28 29
29 30
30 31
31 32
32 33
33 34
34 35
35 36
36 37
37 38
38 39
39 40
40 41
41 42
42 43
43 44
44 45
45 46
46 47
47 48
48 49
49 50
50 51
51 52
52 53
53 54
54 55
55 56
56 57
57 58
58 59
59 0
27 40
2 36
40 51
29 40
2 43
24 43
41 45
2 38
3 32
34 37
22 29
4 17
47 55
48 51
10 31
19 23
5 12
11 13
4 16
11 21
43 55
33 40
8 10
5 11
23 29
11 30
44 46
47 52
11 22
17 24
38 56
43 56
38 40
32 34
41 46
54 56
3 7
56 58
21 23
2 58
5 7
31 40
46 50
1 57
5 16
5 15
17 20
34 36
32 35
25 41
41 50
16 20
57 59
2 4
3 36
11 20
14 16
31 33
8 11
26 41
7 9
48 50
17 23
51 54
10 32
3 6
0 57
48 52
22 30
43 45
38 54
0 58
12 14
2 56
3 5
25 28
43 58
46 55
26 40
23 28
52 55
34 38
53 55
10 30
3 35
5 8
18 20
25 43
9 32
7 32
1 56
1 58
41 51
40 54
34 40
36 38
4 43
5 14
19 21
26 28
49 51
4 24
11 16
28 40
25 42
43 46
34 39
30 40
46 48
51 53
23 25
42 45
13 16
18 23
0 1
1 2
2 3
3 4
4 5
5 6
6 7
7 8
8 9
9 10
10 11
11 12
12 13
13 14
14 15
15 16
16 17
17 18
18 19
19 20
20 21
21 22
22 23
23 24
24 25
25 26
26 27
27 28
28 29
29 30
30 31
31 32
32 33
33 34
34 35
35 36
36 37
37 38
38 39
39 40
40 41
41 42
42 43
43 44
44 45
45 46
46 47
47 48
48 49
49 50
50 51
51 52
52 53
53 54
54 55
55 56
56 57
57 58
58 59
59 0
28 38
38 49
17 30
13 15
6 26
0 3
8 25
10 17
32 54
18 27
10 25
38 57
40 57
7 17
4 57
14 20
12 17
13 22
41 47
3 26
39 47
43 53
5 54
5 57
47 49
0 4
43 47
44 52
31 38
19 27
17 29
39 48
31 34
0 2
27 59
1 27
35 53
30 54
24 26
8 26
21 27
21 24
13 24
40 53
15 19
41 53
10 13
40 47
7 26
33 54
27 38
45 49
44 47
13 21
41 43
31 37
53 57
7 54
38 50
54 57
45 50
43 52
4 26
35 51
8 17
37 50
31 36
28 30
9 17
45 47
27 29
4 59
13 23
42 47
3 27
4 58
30 38
22 24
18 29
15 20
5 26
39 49
16 19
44 50
44 51
1 59
12 15
17 19
13 25
35 37
39 57
5 56
55 57
35 52
2 27
38 59
33 35
24 27
37 51
20 27
10 12
9 25
11 17
33 53
7 30
5 55
30 32
14 21
12 16
6 54
46 49
38 58
31 35
