0 1
1 2
2 3
3 4
4 5
5 6
6 7
7 8
8 9
9 10
10 11
11 12
12 13
13 14
14 15
15 16
16 17
17 18
18 19
19 20
20 21
21 22
22 23
23 24
24 25
25 26
26 27
27 28
28 29
29 30
30 31
31 32
32 33
33 34
34 35
35 36
36 37
37 38
38 39
39 40
40 41
41 42
42 43
43 44
44 45
45 46
46 47
47 48
48 49
49 50
50 51
51 52
52 53
53 54
54 55
55 56
56 57
57 58
58 59
59 0
9 18
21 48
27 35
9 15
18 23
0 8
23 37
28 34
31 50
5 15
19 57
51 55
7 9
4 7
17 56
28 31
27 37
49 57
34 38
25 56
5 7
18 56
20 23
16 59
31 38
28 51
37 39
45 49
4 6
21 57
12 15
39 42
37 40
16 56
10 16
4 8
22 40
24 56
1 5
55 57
43 48
0 3
15 59
29 33
9 57
9 16
8 59
43 45
11 15
19 23
10 13
12 14
38 44
1 3
10 12
27 56
52 56
5 9
28 30
46 49
5 59
38 45
41 48
50 57
42 48
16 57
31 49
2 4
27 51
20 57
14 16
1 59
18 57
51 56
13 16
53 56
20 22
28 35
25 37
51 53
32 34
40 48
45 48
9 59
9 11
38 49
2 5
29 34
23 56
53 55
39 44
27 36
34 36
46 48
26 56
16 18
29 31
36 38
23 25
54 56
31 51
50 55
26 37
23 40
39 43
16 58
31 33
21 49
47 49
0 4
39 41
57 59
22 48
31 34
0 1
1 2
2 3
3 4
4 5
5 6
6 7
7 8
8 9
9 10
10 11
11 12
12 13
13 14
14 15
15 16
16 17
17 18
18 19
19 20
20 21
21 22
22 23
23 24
24 25
25 26
26 27
27 28
28 29
29 30
30 31
31 32
32 33
33 34
34 35
35 36
36 37
37 38
38 39
39 40
40 41
41 42
42 43
43 44
44 45
45 46
46 47
47 48
48 49
49 50
50 51
51 52
52 53
53 54
54 55
55 56
56 57
57 58
58 59
59 0
21 52
10 56
22 58
45 53
26 55
10 22
34 45
32 51
24 26
30 52
14 17
32 54
27 52
40 50
18 53
46 52
47 50
5 10
39 45
27 31
1 4
5 57
11 16
3 10
1 57
42 49
11 19
35 51
37 50
12 55
9 56
24 52
12 16
7 10
28 52
10 55
47 51
1 10
6 57
6 10
18 21
33 51
35 39
46 51
6 9
40 42
26 54
55 58
37 51
18 20
34 53
18 52
12 53
14 53
36 51
43 49
35 37
27 30
24 27
26 32
34 39
19 21
24 55
29 52
19 22
27 29
12 54
40 44
41 49
15 17
1 22
23 55
31 52
40 43
33 35
8 10
2 10
27 32
38 50
25 27
22 52
44 49
32 53
13 53
32 52
1 58
22 55
6 8
44 47
14 18
13 15
22 24
48 50
39 50
40 45
10 19
4 10
33 53
40 49
44 46
45 52
11 17
0 22
56 58
44 48
35 38
22 59
11 18
4 57
0 58
11 55
6 56
