0 1
1 2
2 3
3 4
4 5
5 6
6 7
7 8
8 9
9 10
10 11
11 12
12 13
13 14
14 15
15 16
16 17
17 18
18 19
19 20
20 21
21 22
22 23
23 24
24 25
25 26
26 27
27 28
28 29
29 30
30 31
31 32
32 33
33 34
34 35
35 36
36 37
37 38
38 39
39 40
40 41
41 42
42 43
43 44
44 45
45 46
46 47
47 48
48 49
49 50
50 51
51 52
52 53
53 54
54 55
55 56
56 57
57 58
58 59
59 0
1 48
14 42
19 57
23 43
44 53
7 42
43 48
1 51
21 23
43 46
25 36
54 57
21 28
52 54
33 41
57 59
17 58
5 42
21 54
8 15
18 29
35 41
19 56
21 26
7 14
37 41
2 8
25 38
1 52
2 16
15 42
42 48
54 56
50 53
25 28
2 58
37 40
25 31
4 7
28 31
47 50
22 24
1 5
2 15
23 41
20 29
16 33
45 50
7 9
16 42
1 3
30 33
13 15
25 41
34 36
23 25
19 55
16 29
21 24
43 54
20 55
0 57
29 31
29 33
8 13
18 57
49 51
19 29
32 34
2 7
52 57
23 54
9 14
48 50
0 2
25 32
3 5
25 40
2 4
17 57
43 45
43 53
35 37
38 40
25 39
9 11
45 53
36 38
1 57
46 48
32 36
21 25
10 12
11 13
30 32
16 41
8 11
17 29
12 14
16 58
34 41
9 12
21 29
26 28
21 55
0 58
23 42
48 51
25 27
51 53
1 42
5 7
46 50
6 42
0 1
1 2
2 3
3 4
4 5
5 6
6 7
7 8
8 9
9 10
10 11
11 12
12 13
13 14
14 15
15 16
16 17
17 18
18 19
19 20
20 21
21 22
22 23
23 24
24 25
25 26
26 27
27 28
28 29
29 30
30 31
31 32
32 33
33 34
34 35
35 36
36 37
37 38
38 39
39 40
40 41
41 42
42 43
43 44
44 45
45 46
46 47
47 48
48 49
49 50
50 51
51 52
52 53
53 54
54 55
55 56
56 57
57 58
58 59
59 0
3 45
11 21
5 18
2 18
29 58
21 58
6 9
33 35
39 42
9 32
51 59
33 44
54 59
21 31
32 56
31 56
36 54
37 44
6 33
2 49
2 19
36 44
25 30
26 30
41 44
36 45
24 28
33 56
22 29
36 55
18 20
34 40
9 13
5 17
36 50
24 27
46 49
10 13
9 15
0 19
4 33
14 16
4 45
30 57
0 51
36 47
10 31
53 59
2 50
20 58
11 18
36 49
47 49
36 56
1 50
42 44
3 18
31 57
11 17
39 44
23 29
35 56
6 32
4 18
56 58
18 21
3 49
39 43
23 28
11 31
36 53
45 49
34 37
38 44
19 58
1 19
56 59
11 16
27 30
9 17
40 44
34 39
8 17
5 33
36 48
34 44
36 51
22 58
21 30
45 47
6 17
24 30
52 59
15 17
29 57
7 17
13 16
22 30
39 41
10 32
37 39
6 8
27 29
24 26
19 59
0 50
33 45
36 52
23 30
12 16
55 59
