0 1
1 2
2 3
3 4
4 5
5 6
6 7
7 8
8 9
9 10
10 11
11 12
12 13
13 14
14 15
15 16
16 17
17 18
18 19
19 20
20 21
21 22
22 23
23 24
24 25
25 26
26 27
27 28
28 29
29 30
30 31
31 32
32 33
33 34
34 35
35 36
36 37
37 38
38 39
39 40
40 41
41 42
42 43
43 44
44 45
45 46
46 47
47 48
48 49
49 50
50 51
51 52
52 53
53 54
54 55
55 56
56 57
57 58
58 59
59 0
31 40
13 18
31 54
40 44
7 58
24 52
13 53
50 52
9 23
27 42
28 34
28 36
1 59
56 58
26 57
18 24
40 46
9 19
27 41
13 55
7 56
28 37
7 57
19 24
9 15
45 47
24 27
6 58
27 47
21 24
8 23
47 53
27 31
2 7
31 39
11 55
10 55
13 54
31 35
8 57
36 39
0 5
27 45
27 48
1 58
31 57
27 40
24 49
13 17
12 14
31 36
30 34
40 53
9 21
21 23
25 27
9 56
3 6
13 15
33 35
31 34
13 16
42 45
40 45
28 35
41 43
18 52
24 48
54 57
29 34
27 57
5 59
9 14
37 39
25 57
41 44
24 50
13 52
2 58
9 18
29 31
23 25
10 12
47 50
15 17
2 5
40 47
9 12
5 58
11 13
0 2
47 51
28 38
51 53
15 18
3 5
6 56
40 54
10 56
8 56
32 34
8 25
9 20
28 39
3 7
48 50
9 22
43 45
19 21
31 33
28 40
2 4
55 57
27 29
0 1
1 2
2 3
3 4
4 5
5 6
6 7
7 8
8 9
9 10
10 11
11 12
12 13
13 14
14 15
15 16
16 17
17 18
18 19
19 20
20 21
21 22
22 23
23 24
24 25
25 26
26 27
27 28
28 29
29 30
30 31
31 32
32 33
33 34
34 35
35 36
36 37
37 38
38 39
39 40
40 41
41 42
42 43
43 44
44 45
45 46
46 47
47 48
48 49
49 50
50 51
51 52
52 53
53 54
54 55
55 56
56 57
57 58
58 59
59 0
36 55
40 56
18 36
6 12
36 59
16 20
15 30
43 53
10 14
37 44
14 18
15 34
22 24
39 43
37 50
34 36
18 57
14 58
16 28
36 58
25 36
26 30
26 34
6 35
0 58
18 55
16 18
24 36
2 8
37 56
52 55
10 13
5 7
41 53
38 56
43 52
50 55
15 31
21 27
4 7
40 55
1 8
19 36
20 24
48 51
15 35
38 44
16 29
4 8
0 35
14 17
45 48
8 10
8 12
44 48
47 49
44 51
37 57
37 55
12 35
51 55
26 29
45 49
9 58
5 35
0 3
49 51
8 58
53 55
41 54
39 44
21 26
16 30
35 59
44 50
25 34
24 26
40 43
16 21
0 4
43 51
6 8
15 32
10 58
18 58
14 35
46 48
44 49
36 57
20 23
30 32
8 11
18 20
18 56
46 49
20 22
1 3
41 55
22 26
21 28
38 40
40 42
30 33
42 53
4 35
26 28
14 16
15 33
26 33
0 8
3 8
20 36
13 35
