0 1
1 2
2 3
3 4
4 5
5 6
6 7
7 8
8 9
9 10
10 11
11 12
12 13
13 14
14 15
15 16
16 17
17 18
18 19
19 20
20 21
21 22
22 23
23 24
24 25
25 26
26 27
27 28
28 29
29 30
30 31
31 32
32 33
33 34
34 35
35 36
36 37
37 38
38 39
39 40
40 41
41 42
42 43
43 44
44 45
45 46
46 47
47 48
48 49
49 50
50 51
51 52
52 53
53 54
54 55
55 56
56 57
57 58
58 59
59 0
19 37
3 53
29 57
43 46
27 29
5 58
11 50
22 58
26 31
33 54
45 51
13 47
24 29
37 52
30 55
38 44
54 57
11 51
9 18
26 29
32 55
7 11
14 42
26 34
34 53
53 58
19 39
12 16
47 49
35 52
14 43
55 57
22 36
9 17
3 51
30 57
4 59
9 20
13 48
27 30
22 26
54 56
13 50
13 43
5 9
10 12
8 11
45 50
34 36
9 16
39 42
21 36
9 22
22 25
22 29
3 5
33 55
4 58
17 42
9 11
18 20
38 52
9 21
7 9
33 53
18 40
2 59
24 26
26 30
19 21
28 30
43 47
35 37
14 16
19 36
9 12
46 49
3 7
26 36
48 50
11 13
12 15
0 2
45 52
22 24
0 58
37 39
1 58
54 58
19 40
26 33
38 42
23 29
22 57
18 41
26 32
12 14
39 41
43 45
2 58
2 4
46 50
3 58
30 32
42 44
6 9
5 7
3 11
51 53
44 52
34 52
16 42
9 58
18 42
0 1
1 2
2 3
3 4
4 5
5 6
6 7
7 8
8 9
9 10
10 11
11 12
12 13
13 14
14 15
15 16
16 17
17 18
18 19
19 20
20 21
21 22
22 23
23 24
24 25
25 26
26 27
27 28
28 29
29 30
30 31
31 32
32 33
33 34
34 35
35 36
36 37
37 38
38 39
39 40
40 41
41 42
42 43
43 44
44 45
45 46
46 47
47 48
48 49
49 50
50 51
51 52
52 53
53 54
54 55
55 56
56 57
57 58
58 59
59 0
8 33
25 29
10 46
8 22
12 21
15 17
7 57
23 45
34 40
13 20
31 35
4 6
33 45
46 55
31 42
0 53
15 23
13 19
45 55
23 27
34 41
0 54
51 55
31 40
46 53
10 45
41 45
10 53
1 57
0 6
11 14
8 31
4 57
22 28
48 55
23 30
12 20
0 56
48 53
52 54
8 53
30 43
10 14
31 41
23 43
0 5
7 56
19 22
32 34
7 45
2 57
37 40
13 16
57 59
0 4
47 55
10 23
10 22
19 23
31 33
26 28
38 40
13 15
45 56
22 30
0 8
47 53
25 30
10 15
13 17
0 57
35 40
52 55
1 3
25 28
13 18
33 41
23 28
31 37
15 18
49 55
35 38
23 26
4 7
23 44
36 38
50 55
50 52
8 30
0 7
11 21
41 44
31 43
24 30
0 3
8 45
8 10
18 23
56 58
49 52
3 57
31 34
31 36
10 21
56 59
35 39
20 22
9 53
0 55
41 43
49 53
23 25
