0 1
1 2
2 3
3 4
4 5
5 6
6 7
7 8
8 9
9 10
10 11
11 12
12 13
13 14
14 15
15 16
16 17
17 18
18 19
19 20
20 21
21 22
22 23
23 24
24 25
25 26
26 27
27 28
28 29
29 30
30 31
31 32
32 33
33 34
34 35
35 36
36 37
37 38
38 39
39 40
40 41
41 42
42 43
43 44
44 45
45 46
46 47
47 48
48 49
49 50
50 51
51 52
52 53
53 54
54 55
55 56
56 57
57 58
58 59
59 0
13 59
45 58
44 55
5 26
21 27
33 55
45 54
14 43
7 17
29 57
5 24
43 59
31 55
10 16
34 40
1 59
33 44
6 21
42 44
18 20
30 57
18 43
53 56
51 57
32 40
5 7
2 10
46 49
28 31
57 59
25 27
0 3
33 35
10 59
21 28
5 59
46 51
15 18
32 41
51 54
48 58
23 25
37 39
14 16
6 24
19 32
21 24
33 42
44 59
26 59
38 42
33 40
35 37
38 41
4 9
8 10
45 48
11 14
36 42
29 59
4 10
4 8
10 17
19 41
29 31
7 18
36 38
51 53
35 42
39 41
23 27
21 31
6 18
15 43
0 5
51 58
5 8
45 59
28 59
18 41
52 54
47 49
0 2
48 51
5 25
18 42
20 31
44 54
31 33
16 18
35 40
11 59
3 10
19 31
37 40
11 13
22 24
31 57
21 23
46 50
11 16
3 5
48 50
45 51
31 56
6 20
14 59
2 59
53 57
7 10
12 59
53 55
45 47
27 59

0 1
1 2
2 3
3 4
4 5
5 6
6 7
7 8
8 9
9 10
10 11
11 12
12 13
13 14
14 15
15 16
16 17
17 18
18 19
19 20
20 21
21 22
22 23
23 24
24 25
25 26
26 27
27 28
28 29
29 30
30 31
31 32
32 33
33 34
34 35
35 36
36 37
37 38
38 39
39 40
40 41
41 42
42 43
43 44
44 45
45 46
46 47
47 48
48 49
49 50
50 51
51 52
52 53
53 54
54 55
55 56
56 57
57 58
58 59
59 0
3 57
30 58
34 57
6 36
9 59
26 28
1 3
13 17
18 23
20 24
39 43
7 28
17 20
47 57
16 28
23 59
12 15
50 54
55 57
20 23
29 36
36 46
37 57
3 8
7 36
32 57
19 22
50 53
43 57
26 58
34 49
10 13
8 16
35 46
29 35
26 29
9 16
43 47
39 44
39 45
47 55
1 58
4 6
38 43
5 57
48 55
33 57
2 8
20 28
31 35
52 57
43 46
35 48
24 58
34 52
47 56
41 43
1 9
35 49
31 58
34 51
9 13
17 59
37 43
19 23
38 46
9 17
27 29
40 43
4 57
17 19
40 44
46 48
37 46
36 57
40 42
34 50
54 57
24 59
17 23
9 15
39 42
25 58
38 45
0 9
4 7
14 17
3 58
32 34
26 30
7 16
30 35
7 29
5 36
32 58
24 26
13 15
10 15
50 52
15 17
10 12
17 28
0 58
44 46
1 8
49 55
24 28
20 22
31 34
50 55
19 21
11 15
3 7
