0 1
1 2
2 3
3 4
4 5
5 6
6 7
7 8
8 9
9 10
10 11
11 12
12 13
13 14
14 15
15 16
16 17
17 18
18 19
19 20
20 21
21 22
22 23
23 24
24 25
25 26
26 27
27 28
28 29
29 30
30 31
31 32
32 33
33 34
34 35
35 36
36 37
37 38
38 39
39 40
40 41
41 42
42 43
43 44
44 45
45 46
46 47
47 48
48 49
49 50
50 51
51 52
52 53
53 54
54 55
55 56
56 57
57 58
58 59
59 0
49 56
52 54
8 42
10 26
6 53
30 40
31 58
16 31
6 57
10 42
13 22
23 26
53 56
18 21
36 57
33 37
32 37
20 22
39 47
32 40
42 49
6 12
41 43
10 12
1 15
21 26
6 14
10 23
17 19
21 29
51 55
42 44
0 4
9 12
50 52
4 57
42 47
31 40
17 22
26 42
7 49
11 23
14 17
17 31
38 57
47 57
15 17
28 41
57 59
12 22
39 45
28 42
33 57
39 57
24 26
5 57
22 26
53 57
12 23
40 45
48 57
21 28
13 17
6 49
42 46
44 46
4 6
42 48
52 55
9 42
34 57
36 38
2 15
35 57
18 31
6 15
23 25
0 3
15 31
28 40
6 52
28 30
0 2
34 36
29 31
2 4
48 56
6 9
27 42
18 29
17 20
38 40
8 49
49 52
31 59
4 15
33 36
51 56
50 56
6 8
31 33
15 59
32 38
43 45
10 24
0 15
45 47
41 45
53 55
19 21
4 59
31 57
12 14
21 27

0 1
1 2
2 3
3 4
4 5
5 6
6 7
7 8
8 9
9 10
10 11
11 12
12 13
13 14
14 15
15 16
16 17
17 18
18 19
19 20
20 21
21 22
22 23
23 24
24 25
25 26
26 27
27 28
28 29
29 30
30 31
31 32
32 33
33 34
34 35
35 36
36 37
37 38
38 39
39 40
40 41
41 42
42 43
43 44
44 45
45 46
46 47
47 48
48 49
49 50
50 51
51 52
52 53
53 54
54 55
55 56
56 57
57 58
58 59
59 0
35 59
1 35
19 46
7 35
8 11
26 35
9 57
18 24
22 33
45 55
28 35
20 42
10 52
20 44
9 52
21 35
37 41
15 48
30 32
3 59
20 35
1 4
24 29
19 44
28 31
37 59
20 37
45 48
20 24
55 59
3 6
52 57
7 18
20 43
32 35
12 48
50 54
28 32
39 42
15 19
3 7
45 54
18 20
12 18
24 27
4 7
7 24
10 51
22 35
14 48
10 48
38 41
11 18
41 44
37 44
13 48
7 58
10 50
2 59
3 58
44 55
20 39
20 38
9 58
27 35
25 35
21 24
56 59
54 57
12 17
49 54
23 33
13 15
7 25
46 48
27 29
15 18
19 48
8 18
39 41
7 9
13 16
19 45
24 33
8 10
55 57
16 18
5 7
32 34
29 33
56 58
35 37
10 49
12 16
0 35
22 24
29 32
37 55
36 59
51 53
1 7
40 42
48 54
50 53
19 47
3 5
25 27
33 35
1 59
11 48
1 3
