0 1
1 2
2 3
3 4
4 5
5 6
6 7
7 8
8 9
9 10
10 11
11 12
12 13
13 14
14 15
15 16
16 17
17 18
18 19
19 20
20 21
21 22
22 23
23 24
24 25
25 26
26 27
27 28
28 29
29 30
30 31
31 32
32 33
33 34
34 35
35 36
36 37
37 38
38 39
39 40
40 41
41 42
42 43
43 44
44 45
45 46
46 47
47 48
48 49
49 50
50 51
51 52
52 53
53 54
54 55
55 56
56 57
57 58
58 59
59 0
36 53
9 40
29 33
6 32
6 43
46 57
8 40
50 57
9 36
36 49
17 33
8 32
33 35
23 32
37 42
2 55
9 37
37 40
10 17
19 26
12 17
3 58
7 40
18 27
40 43
37 41
0 57
5 45
10 34
2 58
19 24
27 32
2 59
52 54
11 13
8 21
22 32
6 45
12 34
2 6
47 49
17 20
6 53
36 42
46 49
18 33
42 44
32 36
44 47
29 32
32 35
3 5
28 30
13 17
52 57
1 55
49 51
25 27
24 27
9 20
24 26
3 46
0 2
3 45
11 14
27 31
36 52
19 22
6 8
10 14
9 34
36 47
0 56
10 12
19 27
23 27
18 20
9 35
46 50
36 51
46 48
42 47
51 57
13 16
9 17
6 44
22 24
21 32
37 39
17 34
14 16
3 6
9 39
30 32
40 42
14 17
3 57
54 56
15 17
27 29
9 38
6 36
2 54
45 47
19 21
57 59
8 20
28 31
2 53
27 33
1 56
7 43
4 45
52 56

0 1
1 2
2 3
3 4
4 5
5 6
6 7
7 8
8 9
9 10
10 11
11 12
12 13
13 14
14 15
15 16
16 17
17 18
18 19
19 20
20 21
21 22
22 23
23 24
24 25
25 26
26 27
27 28
28 29
29 30
30 31
31 32
32 33
33 34
34 35
35 36
36 37
37 38
38 39
39 40
40 41
41 42
42 43
43 44
44 45
45 46
46 47
47 48
48 49
49 50
50 51
51 52
52 53
53 54
54 55
55 56
56 57
57 58
58 59
59 0
50 59
16 55
22 39
0 5
33 55
20 55
42 45
38 44
2 42
10 55
3 17
50 53
11 15
24 55
4 10
17 55
21 55
2 17
33 37
34 46
9 58
19 42
8 59
22 37
39 42
36 44
26 28
25 55
26 33
18 55
25 37
33 47
41 43
45 48
53 56
3 15
21 42
4 11
51 53
26 32
2 45
32 55
26 37
12 14
9 55
38 41
22 25
44 46
43 45
28 33
53 55
9 56
21 24
21 23
48 52
5 8
48 54
4 14
0 4
15 55
7 9
1 3
1 50
35 46
29 31
41 44
33 36
50 52
31 33
34 36
53 59
17 42
7 10
39 41
4 6
47 55
45 49
3 16
22 42
13 15
3 14
1 45
30 33
1 4
45 50
35 44
12 15
36 38
6 10
22 38
48 55
1 59
53 57
10 15
9 57
18 42
28 32
23 25
49 52
9 59
53 58
4 12
33 46
0 8
48 53
26 55
20 42
19 55
38 40
5 7
