0 1
1 2
2 3
3 4
4 5
5 6
6 7
7 8
8 9
9 10
10 11
11 12
12 13
13 14
14 15
15 16
16 17
17 18
18 19
19 20
20 21
21 22
22 23
23 24
24 25
25 26
26 27
27 28
28 29
29 30
30 31
31 32
32 33
33 34
34 35
35 36
36 37
37 38
38 39
39 40
40 41
41 42
42 43
43 44
44 45
45 46
46 47
47 48
48 49
49 50
50 51
51 52
52 53
53 54
54 55
55 56
56 57
57 58
58 59
59 0
17 36
8 41
32 55
7 55
22 32
32 47
14 22
43 58
3 58
4 55
13 25
4 42
24 30
52 57
34 42
28 31
9 32
0 57
19 22
50 53
12 41
44 46
10 25
35 41
34 44
13 40
4 57
18 20
0 58
14 20
53 55
1 4
22 31
46 51
32 48
11 13
50 52
45 52
52 54
46 48
34 47
36 40
5 8
34 43
24 27
46 49
4 8
26 32
6 8
24 29
11 41
35 37
5 7
16 20
27 29
29 31
13 24
13 41
18 22
52 58
2 59
32 49
43 52
26 28
13 15
9 41
7 9
16 18
16 40
39 41
54 57
13 23
2 58
32 50
18 36
34 36
37 39
15 20
38 40
3 43
2 4
10 13
33 36
44 52
25 27
14 23
36 38
32 36
34 46
19 21
22 36
23 30
22 30
14 21
5 55
9 25
9 11
9 26
26 31
9 55
3 42
13 16
45 51
37 41
32 34
34 41
49 51
1 57
16 36
0 2
4 41
54 56
55 57
32 53

0 1
1 2
2 3
3 4
4 5
5 6
6 7
7 8
8 9
9 10
10 11
11 12
12 13
13 14
14 15
15 16
16 17
17 18
18 19
19 20
20 21
21 22
22 23
23 24
24 25
25 26
26 27
27 28
28 29
29 30
30 31
31 32
32 33
33 34
34 35
35 36
36 37
37 38
38 39
39 40
40 41
41 42
42 43
43 44
44 45
45 46
46 47
47 48
48 49
49 50
50 51
51 52
52 53
53 54
54 55
55 56
56 57
57 58
58 59
59 0
11 43
30 45
12 58
45 47
8 11
7 58
20 41
30 53
10 55
22 56
21 41
28 53
20 58
1 3
33 40
14 58
43 48
6 10
55 58
21 36
51 55
30 48
10 48
20 22
25 55
36 41
6 58
25 28
51 53
26 54
10 43
15 19
7 10
16 58
4 59
22 57
52 55
10 59
22 34
31 33
22 29
44 47
49 53
13 42
0 4
33 45
13 43
15 58
23 55
15 18
13 19
44 48
0 3
7 12
41 44
22 28
48 55
36 39
23 28
0 6
0 10
12 14
30 49
12 43
34 40
5 59
31 45
33 41
42 44
31 34
23 56
30 34
48 51
29 53
34 38
0 5
27 54
13 20
20 57
18 58
24 55
1 5
34 39
21 34
27 53
21 35
20 42
7 11
19 58
6 59
30 47
33 44
24 28
34 37
8 10
2 5
48 50
14 19
15 17
55 59
30 46
26 55
56 58
3 5
17 58
32 45
29 34
