0 1
1 2
2 3
3 4
4 5
5 6
6 7
7 8
8 9
9 10
10 11
11 12
12 13
13 14
14 15
15 16
16 17
17 18
18 19
19 20
20 21
21 22
22 23
23 24
24 25
25 26
26 27
27 28
28 29
29 30
30 31
31 32
32 33
33 34
34 35
35 36
36 37
37 38
38 39
39 40
40 41
41 42
42 43
43 44
44 45
45 46
46 47
47 48
48 49
49 50
50 51
51 52
52 53
53 54
54 55
55 56
56 57
57 58
58 59
59 0
19 59
45 58
17 34
21 58
9 19
2 9
10 15
27 40
38 49
8 57
34 38
50 56
46 56
38 44
28 34
35 56
46 49
18 24
39 41
11 14
49 55
35 49
24 58
29 40
26 28
17 24
45 48
20 59
31 33
32 34
39 42
10 35
46 55
40 58
40 44
3 9
42 44
2 57
9 13
4 8
13 18
44 58
29 38
10 57
23 58
35 37
15 17
0 58
15 35
9 12
20 24
45 57
5 57
25 28
5 8
13 15
37 49
40 43
24 28
22 58
35 57
26 40
39 44
1 9
16 35
24 26
36 49
40 42
10 12
24 34
49 53
38 48
4 7
0 2
30 38
20 58
17 35
33 38
4 9
20 22
15 18
50 54
26 58
51 53
46 57
38 40
11 15
29 31
6 8
0 57
19 24
28 40
9 57
44 48
9 59
28 32
53 55
5 7
4 57
54 56
3 57
49 51
35 50
12 14
0 9
45 47
50 52
50 53
13 19
30 33
46 48
35 38
22 24
28 31
0 1
1 2
2 3
3 4
4 5
5 6
6 7
7 8
8 9
9 10
10 11
11 12
12 13
13 14
14 15
15 16
16 17
17 18
18 19
19 20
20 21
21 22
22 23
23 24
24 25
25 26
26 27
27 28
28 29
29 30
30 31
31 32
32 33
33 34
34 35
35 36
36 37
37 38
38 39
39 40
40 41
41 42
42 43
43 44
44 45
45 46
46 47
47 48
48 49
49 50
50 51
51 52
52 53
53 54
54 55
55 56
56 57
57 58
58 59
59 0
10 40
46 52
36 45
22 28
9 58
37 45
16 19
33 49
4 53
22 49
41 45
6 42
1 56
25 35
21 35
12 38
0 4
12 53
7 59
16 21
16 18
46 51
34 36
55 58
15 22
12 35
14 21
6 43
8 41
2 53
46 50
34 46
22 50
12 54
27 31
31 34
6 52
10 39
23 28
26 35
27 34
13 50
44 52
27 30
28 30
34 49
12 21
41 43
37 41
14 20
26 34
44 46
2 55
24 35
24 27
14 22
14 19
5 53
0 5
11 58
22 29
12 50
1 4
17 19
7 9
36 46
6 59
1 3
14 16
32 49
43 45
10 38
12 52
8 40
1 57
38 41
21 23
13 21
21 24
0 6
12 55
16 22
43 52
10 58
12 58
29 49
55 57
6 53
13 22
14 18
7 58
29 32
6 41
47 49
34 47
1 59
9 40
30 32
57 59
36 38
25 27
34 48
12 51
11 38
2 56
12 36
2 4
16 20
23 27
2 54
47 50
7 41
