0 1
1 2
2 3
3 4
4 5
5 6
6 7
7 8
8 9
9 10
10 11
11 12
12 13
13 14
14 15
15 16
16 17
17 18
18 19
19 20
20 21
21 22
22 23
23 24
24 25
25 26
26 27
27 28
28 29
29 30
30 31
31 32
32 33
33 34
34 35
35 36
36 37
37 38
38 39
39 40
40 41
41 42
42 43
43 44
44 45
45 46
46 47
47 48
48 49
49 50
50 51
51 52
52 53
53 54
54 55
55 56
56 57
57 58
58 59
59 0
1 42
28 58
15 58
27 40
20 28
9 27
43 51
38 46
28 48
11 27
31 46
26 28
6 41
19 27
37 40
19 28
0 51
6 8
1 8
10 15
31 37
29 37
20 22
32 37
34 37
37 39
4 42
53 55
0 53
0 15
0 10
19 26
2 5
29 31
15 59
36 46
10 12
13 15
0 8
56 59
5 8
35 37
28 54
28 53
38 44
12 27
54 56
12 14
44 48
8 27
31 34
53 59
43 49
16 28
5 7
20 23
54 58
13 19
31 33
23 26
23 25
31 47
0 42
8 41
28 47
31 35
45 47
38 42
2 42
49 53
12 15
50 53
21 28
13 27
33 37
40 42
19 23
21 26
45 48
28 31
0 9
17 19
44 49
2 4
24 26
15 19
0 52
6 42
28 49
15 18
37 46
39 42
1 5
16 18
4 6
22 26
27 41
42 44
30 37
38 45
19 24
29 40
55 59
49 51
16 19
51 53
54 57
42 51
31 36
16 58
56 58
28 40
3 42
9 11

0 1
1 2
2 3
3 4
4 5
5 6
6 7
7 8
8 9
9 10
10 11
11 12
12 13
13 14
14 15
15 16
16 17
17 18
18 19
19 20
20 21
21 22
22 23
23 24
24 25
25 26
26 27
27 28
28 29
29 30
30 31
31 32
32 33
33 34
34 35
35 36
36 37
37 38
38 39
39 40
40 41
41 42
42 43
43 44
44 45
45 46
46 47
47 48
48 49
49 50
50 51
51 52
52 53
53 54
54 55
55 56
56 57
57 58
58 59
59 0
16 43
7 36
30 40
18 31
43 55
8 57
39 58
9 35
43 56
0 38
16 53
36 40
2 57
41 58
7 37
25 28
13 35
14 31
19 40
49 55
10 14
9 36
18 40
44 46
0 7
27 31
33 36
23 28
47 55
15 55
23 27
45 50
1 59
7 9
42 56
24 27
16 41
8 14
8 10
44 53
16 31
45 52
9 12
20 30
45 51
7 57
31 40
11 13
25 27
41 57
0 37
6 57
19 21
41 56
32 40
0 6
40 58
32 35
1 57
13 31
28 30
38 58
27 29
33 40
14 56
21 31
48 50
47 50
46 55
27 30
50 52
49 54
17 31
19 30
33 35
9 13
16 44
1 4
0 5
0 4
22 30
22 28
16 40
15 31
5 57
38 59
24 28
16 55
14 55
3 57
17 40
21 27
46 50
16 54
47 49
21 30
16 42
3 5
19 31
36 39
57 59
13 32
11 14
36 38
21 23
45 53
50 54
1 3
52 54
34 36
44 55
8 56
