0 1
1 2
2 3
3 4
4 5
5 6
6 7
7 8
8 9
9 10
10 11
11 12
12 13
13 14
14 15
15 16
16 17
17 18
18 19
19 20
20 21
21 22
22 23
23 24
24 25
25 26
26 27
27 28
28 29
29 30
30 31
31 32
32 33
33 34
34 35
35 36
36 37
37 38
38 39
39 40
40 41
41 42
42 43
43 44
44 45
45 46
46 47
47 48
48 49
49 50
50 51
51 52
52 53
53 54
54 55
55 56
56 57
57 58
58 59
59 0
36 56
20 42
44 51
41 55
2 51
18 48
1 53
13 25
3 15
7 33
4 8
14 23
28 41
13 31
28 33
13 27
3 7
56 58
38 40
1 33
28 32
46 49
36 57
43 46
14 17
28 38
10 14
37 56
0 35
20 47
9 14
55 59
33 35
34 36
34 37
1 55
7 13
44 52
1 59
5 7
35 57
19 23
56 59
13 32
14 24
52 55
13 33
3 14
9 11
2 52
45 51
0 58
23 25
46 51
1 7
2 17
18 51
23 41
33 38
38 56
19 22
42 46
42 44
25 27
40 56
7 12
44 46
48 50
47 49
4 6
27 31
2 15
12 14
17 51
23 27
2 53
27 30
1 3
42 52
4 14
19 48
29 32
34 38
41 52
20 41
20 48
41 56
21 41
1 54
14 25
9 12
22 41
38 41
15 17
4 7
0 57
8 12
3 5
27 29
46 50
23 28
0 33
17 23
18 23
18 50
10 12
8 14
29 31
20 46
52 54
23 26
14 16
39 41
20 22

0 1
1 2
2 3
3 4
4 5
5 6
6 7
7 8
8 9
9 10
10 11
11 12
12 13
13 14
14 15
15 16
16 17
17 18
18 19
19 20
20 21
21 22
22 23
23 24
24 25
25 26
26 27
27 28
28 29
29 30
30 31
31 32
32 33
33 34
34 35
35 36
36 37
37 38
38 39
39 40
40 41
41 42
42 43
43 44
44 45
45 46
46 47
47 48
48 49
49 50
50 51
51 52
52 53
53 54
54 55
55 56
56 57
57 58
58 59
59 0
7 51
8 34
37 45
5 37
24 29
6 27
23 29
7 54
6 24
37 46
17 19
0 38
17 34
18 33
49 55
19 24
13 34
37 41
5 34
0 39
36 46
6 54
43 57
30 34
54 59
7 14
20 33
7 48
6 34
36 48
22 29
28 30
42 59
26 29
0 42
35 37
22 32
18 20
37 40
2 38
11 34
2 37
36 47
14 34
8 11
37 43
7 15
3 54
20 23
0 40
55 57
3 6
53 55
6 30
2 4
7 35
45 57
7 52
49 56
20 32
37 42
51 55
49 51
6 17
43 58
49 57
7 53
2 5
15 34
0 3
9 13
47 57
12 34
37 44
25 29
7 34
46 57
22 30
21 32
21 23
54 57
5 35
18 34
54 58
10 13
30 33
6 19
8 13
7 16
7 17
0 41
6 26
0 54
50 55
48 51
43 45
0 2
35 48
37 39
6 25
42 58
26 28
1 38
11 13
31 33
22 31
8 10
16 34
48 57
51 53
6 28
20 24
