0 1
1 2
2 3
3 4
4 5
5 6
6 7
7 8
8 9
9 10
10 11
11 12
12 13
13 14
14 15
15 16
16 17
17 18
18 19
19 20
20 21
21 22
22 23
23 24
24 25
25 26
26 27
27 28
28 29
29 30
30 31
31 32
32 33
33 34
34 35
35 36
36 37
37 38
38 39
39 40
40 41
41 42
42 43
43 44
44 45
45 46
46 47
47 48
48 49
49 50
50 51
51 52
52 53
53 54
54 55
55 56
56 57
57 58
58 59
59 0
4 42
44 52
28 36
6 19
22 41
31 45
42 59
53 59
27 39
18 25
3 5
10 29
1 4
34 39
23 25
8 13
37 39
12 18
22 42
7 56
53 57
28 38
30 55
20 22
3 59
9 56
44 59
25 39
21 25
7 59
44 46
8 12
30 53
12 15
18 27
18 28
10 30
5 42
0 3
10 56
19 42
43 59
12 29
30 54
32 36
14 17
45 51
21 24
34 40
32 42
12 14
48 52
28 39
8 19
25 27
22 24
31 51
18 26
31 43
28 30
46 49
30 32
50 52
16 18
32 34
46 52
18 21
25 40
33 40
44 53
49 52
47 52
31 42
35 37
1 42
43 45
13 17
8 18
54 56
36 38
33 42
6 59
23 41
46 48
12 28
28 32
40 42
0 42
32 35
49 51
57 59
8 10
30 56
0 2
53 56
7 9
30 52
3 6
8 17
20 42
15 18
8 11
34 37
5 19
23 40
11 29
7 19
14 16
7 57
31 52
7 58
1 3
18 20
46 51

0 1
1 2
2 3
3 4
4 5
5 6
6 7
7 8
8 9
9 10
10 11
11 12
12 13
13 14
14 15
15 16
16 17
17 18
18 19
19 20
20 21
21 22
22 23
23 24
24 25
25 26
26 27
27 28
28 29
29 30
30 31
31 32
32 33
33 34
34 35
35 36
36 37
37 38
38 39
39 40
40 41
41 42
42 43
43 44
44 45
45 46
46 47
47 48
48 49
49 50
50 51
51 52
52 53
53 54
54 55
55 56
56 57
57 58
58 59
59 0
18 57
14 45
22 50
42 44
2 59
25 38
15 45
25 42
24 44
30 42
0 5
15 44
26 43
31 38
33 39
20 25
0 11
9 14
20 43
5 15
22 51
25 44
2 5
12 55
31 33
52 54
30 43
22 54
55 57
46 50
6 11
5 59
53 55
38 42
18 54
19 21
44 47
8 14
52 55
20 26
22 48
24 47
48 50
33 35
29 31
54 57
15 57
13 51
11 55
12 51
24 48
30 41
7 10
20 23
31 36
47 50
56 58
23 48
6 14
6 8
18 43
11 56
31 34
21 54
22 49
11 59
9 12
35 39
5 14
27 31
14 46
30 40
16 44
5 11
17 44
15 17
38 41
26 28
1 59
31 39
13 50
1 5
9 13
31 40
5 58
20 24
36 39
51 54
26 38
17 57
28 43
18 44
56 59
9 11
6 10
28 31
34 36
14 50
51 55
19 54
15 58
19 43
27 38
2 4
21 23
4 59
39 41
31 37
45 47
29 43
32 39
