0 1
1 2
2 3
3 4
4 5
5 6
6 7
7 8
8 9
9 10
10 11
11 12
12 13
13 14
14 15
15 16
16 17
17 18
18 19
19 20
20 21
21 22
22 23
23 24
24 25
25 26
26 27
27 28
28 29
29 30
30 31
31 32
32 33
33 34
34 35
35 36
36 37
37 38
38 39
39 40
40 41
41 42
42 43
43 44
44 45
45 46
46 47
47 48
48 49
49 50
50 51
51 52
52 53
53 54
54 55
55 56
56 57
57 58
58 59
59 0
3 17
26 58
36 52
4 6
28 39
35 59
8 19
48 57
6 28
27 45
20 28
37 47
16 19
40 46
17 59
19 21
42 45
8 10
42 44
30 38
7 13
3 15
4 35
49 56
5 28
36 54
37 40
22 28
25 28
39 43
36 53
40 45
40 42
4 13
50 56
27 57
7 9
17 58
54 59
31 36
17 25
7 11
16 18
37 46
4 34
27 43
54 57
27 39
36 48
28 34
36 51
8 15
2 35
29 34
10 15
22 24
37 48
0 2
21 25
6 8
4 28
55 57
3 59
21 24
30 36
25 27
7 12
1 59
24 28
30 39
3 14
43 45
15 17
50 54
36 50
0 35
15 19
8 28
36 49
50 52
45 48
4 7
9 11
18 25
27 48
12 15
34 36
13 15
31 33
36 59
29 31
21 28
32 36
1 3
38 40
25 58
27 58
36 38
49 57
23 28
10 12
33 36
39 42
45 47
4 14
2 4
54 58
50 53
29 33
41 45
19 25
50 55
29 39
8 20

0 1
1 2
2 3
3 4
4 5
5 6
6 7
7 8
8 9
9 10
10 11
11 12
12 13
13 14
14 15
15 16
16 17
17 18
18 19
19 20
20 21
21 22
22 23
23 24
24 25
25 26
26 27
27 28
28 29
29 30
30 31
31 32
32 33
33 34
34 35
35 36
36 37
37 38
38 39
39 40
40 41
41 42
42 43
43 44
44 45
45 46
46 47
47 48
48 49
49 50
50 51
51 52
52 53
53 54
54 55
55 56
56 57
57 58
58 59
59 0
11 50
31 39
18 35
16 49
17 49
9 52
9 14
15 57
5 53
36 43
23 56
30 42
2 56
14 49
23 30
14 57
18 31
40 43
43 55
24 43
19 56
18 34
0 57
2 14
48 53
28 30
33 39
44 49
18 30
10 13
45 55
27 29
32 34
12 49
2 9
30 41
27 30
31 34
10 52
11 51
18 56
25 43
15 49
20 23
2 59
48 55
4 56
45 49
7 52
2 8
46 48
21 23
5 56
20 22
3 8
41 43
5 55
5 54
48 54
43 49
37 39
15 18
18 49
36 39
23 29
13 49
1 56
34 39
36 40
23 25
15 56
19 23
11 49
5 8
35 43
22 56
23 27
48 52
30 43
10 14
0 56
49 52
19 30
34 37
30 40
7 53
8 52
32 39
25 30
11 13
5 7
23 43
0 58
44 55
35 37
23 26
47 55
3 5
31 40
6 53
14 58
3 56
18 43
43 56
34 38
2 58
11 52
46 55
19 22
49 51
46 49
26 30
