0 1
1 2
2 3
3 4
4 5
5 6
6 7
7 8
8 9
9 10
10 11
11 12
12 13
13 14
14 15
15 16
16 17
17 18
18 19
19 20
20 21
21 22
22 23
23 24
24 25
25 26
26 27
27 28
28 29
29 30
30 31
31 32
32 33
33 34
34 35
35 36
36 37
37 38
38 39
39 40
40 41
41 42
42 43
43 44
44 45
45 46
46 47
47 48
48 49
49 50
50 51
51 52
52 53
53 54
54 55
55 56
56 57
57 58
58 59
59 0
0 41
6 30
22 57
35 41
24 52
50 56
29 49
10 23
7 16
0 35
42 46
5 57
1 59
29 43
1 35
30 38
16 19
28 30
6 32
5 34
7 22
17 19
47 57
12 21
37 40
24 27
19 22
6 57
7 9
52 55
7 11
20 22
49 51
2 59
2 58
1 3
30 41
15 20
27 51
57 59
2 57
7 10
44 46
49 57
2 5
16 18
43 46
50 55
23 54
47 59
9 25
15 17
12 20
30 37
13 15
24 54
7 13
7 14
37 41
0 47
47 49
32 36
26 28
45 48
50 57
54 56
6 9
0 42
14 16
11 13
8 10
42 47
10 22
25 28
23 56
24 26
30 43
27 29
25 30
32 34
6 22
6 25
1 5
7 19
29 45
27 49
46 48
5 35
10 25
10 24
30 42
38 40
37 39
52 54
29 44
50 52
22 56
6 31
36 41
30 32
10 21
17 20
29 48
12 15
38 41
53 55
3 5
32 37
33 36
34 36
2 4
11 21
6 34
27 52

0 1
1 2
2 3
3 4
4 5
5 6
6 7
7 8
8 9
9 10
10 11
11 12
12 13
13 14
14 15
15 16
16 17
17 18
18 19
19 20
20 21
21 22
22 23
23 24
24 25
25 26
26 27
27 28
28 29
29 30
30 31
31 32
32 33
33 34
34 35
35 36
36 37
37 38
38 39
39 40
40 41
41 42
42 43
43 44
44 45
45 46
46 47
47 48
48 49
49 50
50 51
51 52
52 53
53 54
54 55
55 56
56 57
57 58
58 59
59 0
8 23
3 36
2 42
42 48
10 57
1 58
17 26
7 36
33 52
2 7
12 56
37 50
16 28
7 59
39 49
29 52
17 28
6 36
25 35
36 52
43 57
29 33
16 52
47 54
45 47
40 48
47 56
44 48
30 34
30 33
9 19
30 35
9 58
37 52
8 21
47 53
5 36
9 14
16 54
8 22
18 23
38 50
36 40
0 2
49 53
7 35
1 43
18 21
9 20
9 18
12 57
43 48
43 58
48 53
13 54
10 58
9 15
2 6
11 14
36 42
18 26
9 21
8 59
44 57
31 34
26 30
9 17
24 35
18 24
34 52
8 58
19 21
44 56
2 36
16 53
7 23
4 36
36 39
39 50
1 42
28 52
36 38
27 30
0 58
49 52
40 49
12 55
37 51
40 42
18 22
45 56
9 11
0 7
23 35
15 54
11 57
46 56
47 55
9 16
41 48
3 6
26 35
35 52
12 14
12 54
31 33
44 47
14 54
18 25
4 6
17 27
