0 1
1 2
2 3
3 4
4 5
5 6
6 7
7 8
8 9
9 10
10 11
11 12
12 13
13 14
14 15
15 16
16 17
17 18
18 19
19 20
20 21
21 22
22 23
23 24
24 25
25 26
26 27
27 28
28 29
29 30
30 31
31 32
32 33
33 34
34 35
35 36
36 37
37 38
38 39
39 40
40 41
41 42
42 43
43 44
44 45
45 46
46 47
47 48
48 49
49 50
50 51
51 52
52 53
53 54
54 55
55 56
56 57
57 58
58 59
59 0
18 46
10 45
11 47
20 36
26 39
21 24
21 42
36 40
45 52
50 59
3 5
30 35
5 49
21 32
56 59
21 33
3 55
35 37
36 44
24 27
17 20
5 7
8 49
4 50
23 29
20 42
10 47
15 17
50 52
3 45
13 46
47 50
52 55
22 31
30 33
12 17
12 43
53 57
7 45
50 53
30 32
33 35
0 3
13 17
45 50
5 8
46 50
2 55
53 55
1 59
27 37
30 34
52 54
19 45
7 9
1 3
14 16
14 46
56 58
22 32
1 55
11 46
24 42
36 42
26 37
20 43
22 29
55 57
53 59
25 42
16 46
42 44
28 35
0 50
20 45
9 47
36 45
25 41
20 33
29 31
12 44
40 42
10 44
6 45
23 27
28 37
57 59
1 56
5 50
19 46
12 46
21 23
26 41
48 50
9 45
13 15
17 46
27 29
8 47
36 38
3 52
47 49
29 35
0 4
12 20
18 20
20 35
3 6
45 51
36 39
24 26
37 39
26 40
10 12
0 1
1 2
2 3
3 4
4 5
5 6
6 7
7 8
8 9
9 10
10 11
11 12
12 13
13 14
14 15
15 16
16 17
17 18
18 19
19 20
20 21
21 22
22 23
23 24
24 25
25 26
26 27
27 28
28 29
29 30
30 31
31 32
32 33
33 34
34 35
35 36
36 37
37 38
38 39
39 40
40 41
41 42
42 43
43 44
44 45
45 46
46 47
47 48
48 49
49 50
50 51
51 52
52 53
53 54
54 55
55 56
56 57
57 58
58 59
59 0
37 56
12 15
31 57
42 46
35 42
10 14
47 54
2 17
29 32
3 56
25 58
16 23
29 36
19 25
45 49
45 55
4 7
14 56
5 12
4 15
11 13
2 25
15 26
7 14
25 57
49 53
35 46
20 25
45 48
47 55
32 35
46 57
38 40
45 47
2 4
6 10
28 36
41 56
1 58
27 56
3 7
2 16
39 56
0 57
26 56
34 36
17 19
32 36
37 40
48 52
17 21
44 56
46 55
18 25
26 28
32 57
8 14
17 23
0 2
2 57
15 25
16 25
22 24
6 9
25 29
32 46
32 34
35 41
9 14
45 54
25 30
33 36
7 56
45 56
36 41
4 16
43 56
4 12
16 24
26 29
47 53
49 52
17 22
49 51
6 12
1 25
43 45
38 56
37 41
47 52
19 21
40 56
22 25
28 56
6 8
42 45
42 56
15 56
48 51
20 22
6 11
25 31
10 13
45 53
36 56
17 25
4 6
3 57
0 58
12 14
46 56
