0 1
1 2
2 3
3 4
4 5
5 6
6 7
7 8
8 9
9 10
10 11
11 12
12 13
13 14
14 15
15 16
16 17
17 18
18 19
19 20
20 21
21 22
22 23
23 24
24 25
25 26
26 27
27 28
28 29
29 30
30 31
31 32
32 33
33 34
34 35
35 36
36 37
37 38
38 39
39 40
40 41
41 42
42 43
43 44
44 45
45 46
46 47
47 48
48 49
49 50
50 51
51 52
52 53
53 54
54 55
55 56
56 57
57 58
58 59
59 0
53 55
0 16
15 39
9 59
4 10
36 57
15 33
36 54
20 31
12 14
38 49
49 59
16 34
9 12
28 31
38 51
10 14
5 8
5 59
25 27
17 32
38 44
26 32
40 59
15 38
38 53
19 31
30 32
17 21
28 32
17 26
50 52
0 14
38 47
53 59
20 27
22 27
26 28
45 59
17 25
9 14
35 38
2 5
24 27
29 31
6 8
14 39
54 57
0 34
0 36
48 59
1 10
55 59
15 17
43 45
6 59
19 32
18 33
4 9
36 58
22 24
2 10
33 38
15 32
37 53
22 25
28 30
0 2
19 21
34 36
39 42
14 59
1 14
45 48
43 59
16 18
38 45
57 59
38 52
21 27
7 59
42 44
56 59
17 22
9 11
10 13
39 41
46 48
23 25
18 21
49 51
50 59
42 59
35 37
38 42
8 59
33 35
18 34
2 59
50 53
38 46
10 12
3 5
0 58
18 32
5 9
55 57
14 16
38 48
40 42
2 4
37 54
20 28
14 40
0 1
1 2
2 3
3 4
4 5
5 6
6 7
7 8
8 9
9 10
10 11
11 12
12 13
13 14
14 15
15 16
16 17
17 18
18 19
19 20
20 21
21 22
22 23
23 24
24 25
25 26
26 27
27 28
28 29
29 30
30 31
31 32
32 33
33 34
34 35
35 36
36 37
37 38
38 39
39 40
40 41
41 42
42 43
43 44
44 45
45 46
46 47
47 48
48 49
49 50
50 51
51 52
52 53
53 54
54 55
55 56
56 57
57 58
58 59
59 0
14 21
11 55
21 26
21 55
8 47
10 40
34 47
27 33
4 59
13 27
52 59
36 44
8 51
16 55
32 47
21 23
21 47
16 20
17 20
1 55
41 46
36 42
2 55
33 47
11 27
47 53
6 52
26 47
10 34
42 46
44 47
8 48
13 21
54 59
0 4
47 55
27 34
8 49
49 52
13 24
37 39
1 58
13 26
36 41
4 8
36 38
48 52
5 7
21 24
41 47
35 47
38 40
55 58
10 35
12 16
42 45
28 33
12 27
10 39
4 11
4 7
56 58
30 47
54 58
1 56
31 33
6 51
8 50
36 39
14 20
0 3
10 41
19 55
36 47
31 47
10 36
24 26
27 47
38 41
3 55
30 33
44 46
12 15
7 51
1 3
8 41
11 34
15 20
13 25
13 15
1 57
47 54
52 54
17 55
23 26
29 47
18 55
22 26
28 47
11 16
9 41
5 52
17 19
8 10
1 59
29 33
20 55
3 11
4 52
47 52
36 43
8 11
