0 1
1 2
2 3
3 4
4 5
5 6
6 7
7 8
8 9
9 10
10 11
11 12
12 13
13 14
14 15
15 16
16 17
17 18
18 19
19 20
20 21
21 22
22 23
23 24
24 25
25 26
26 27
27 28
28 29
29 30
30 31
31 32
32 33
33 34
34 35
35 36
36 37
37 38
38 39
39 40
40 41
41 42
42 43
43 44
44 45
45 46
46 47
47 48
48 49
49 50
50 51
51 52
52 53
53 54
54 55
55 56
56 57
57 58
58 59
59 0
22 28
25 31
17 43
23 37
14 56
40 48
33 55
6 16
46 53
21 28
6 9
29 56
16 46
13 58
37 52
22 24
18 20
25 30
6 15
25 33
16 59
23 42
24 34
3 59
1 6
3 7
39 41
9 11
54 57
7 58
31 55
40 46
3 6
21 43
23 35
6 10
8 58
15 28
39 48
27 29
6 14
37 54
54 59
47 51
16 45
38 50
2 59
16 54
26 29
43 46
24 27
52 54
26 30
33 37
11 14
17 21
23 36
39 50
11 13
7 9
20 43
4 7
17 19
22 27
38 42
46 54
38 41
10 14
54 56
25 27
21 23
0 16
17 44
15 56
40 42
9 12
50 52
34 37
0 2
0 6
23 34
23 43
16 28
13 56
39 49
4 6
46 52
44 46
7 59
40 43
31 56
47 49
37 55
15 29
17 28
17 20
56 58
46 48
18 43
2 6
31 33
5 7
32 55
35 37
30 56
9 58
24 33
12 58
17 45
38 52
23 38
54 58
49 51
46 51
0 1
1 2
2 3
3 4
4 5
5 6
6 7
7 8
8 9
9 10
10 11
11 12
12 13
13 14
14 15
15 16
16 17
17 18
18 19
19 20
20 21
21 22
22 23
23 24
24 25
25 26
26 27
27 28
28 29
29 30
30 31
31 32
32 33
33 34
34 35
35 36
36 37
37 38
38 39
39 40
40 41
41 42
42 43
43 44
44 45
45 46
46 47
47 48
48 49
49 50
50 51
51 52
52 53
53 54
54 55
55 56
56 57
57 58
58 59
59 0
25 29
38 56
34 40
49 55
19 51
42 48
42 45
16 56
24 59
44 49
14 23
12 15
16 18
13 15
40 44
5 13
0 8
19 49
19 31
15 59
32 38
26 31
18 21
33 35
0 23
25 58
15 58
26 28
19 30
34 38
19 48
31 58
31 48
14 22
21 29
18 22
35 38
8 15
3 13
1 8
34 36
53 55
27 31
2 4
2 8
42 44
21 30
32 34
39 44
0 15
5 10
14 16
24 58
10 15
16 52
31 57
23 25
45 49
15 57
38 49
16 53
38 44
32 56
2 14
23 59
19 21
32 42
18 51
5 8
32 35
3 5
49 52
11 15
53 56
41 43
45 48
17 52
22 29
16 57
49 54
18 52
46 49
41 44
3 14
9 15
38 55
2 7
29 31
34 41
2 5
26 58
0 14
32 57
31 42
22 25
5 11
14 18
5 12
8 10
38 40
45 47
34 42
19 50
1 14
36 38
6 8
20 30
49 53
28 31
25 28
