0 1
1 2
2 3
3 4
4 5
5 6
6 7
7 8
8 9
9 10
10 11
11 12
12 13
13 14
14 15
15 16
16 17
17 18
18 19
19 20
20 21
21 22
22 23
23 24
24 25
25 26
26 27
27 28
28 29
29 30
30 31
31 32
32 33
33 34
34 35
35 36
36 37
37 38
38 39
39 40
40 41
41 42
42 43
43 44
44 45
45 46
46 47
47 48
48 49
49 50
50 51
51 52
52 53
53 54
54 55
55 56
56 57
57 58
58 59
59 0
17 26
4 24
22 24
0 29
39 56
9 28
36 46
34 46
36 56
40 52
6 59
9 34
6 53
32 59
3 24
30 34
5 9
23 25
9 29
34 49
34 59
1 25
36 40
34 36
12 22
2 6
57 59
42 52
11 26
45 51
54 57
36 41
13 18
33 59
35 59
7 9
1 27
17 23
40 54
21 23
34 50
36 57
9 24
1 6
9 27
10 24
7 52
9 30
46 49
40 56
36 58
54 59
10 26
30 59
20 22
48 51
18 23
34 52
1 28
37 40
13 16
12 15
36 44
6 8
6 52
1 24
4 9
31 34
36 59
23 26
0 28
4 6
14 16
12 14
1 59
18 20
9 26
11 16
47 51
13 22
36 38
12 16
1 26
11 22
45 52
16 26
5 8
20 23
47 49
30 32
1 3
52 54
41 52
42 45
54 56
13 20
48 50
6 54
42 44
13 17
19 23
45 47
31 33
38 40
43 45
36 39
55 57
36 42
36 45
9 52
2 4
11 24
50 52
0 30
0 1
1 2
2 3
3 4
4 5
5 6
6 7
7 8
8 9
9 10
10 11
11 12
12 13
13 14
14 15
15 16
16 17
17 18
18 19
19 20
20 21
21 22
22 23
23 24
24 25
25 26
26 27
27 28
28 29
29 30
30 31
31 32
32 33
33 34
34 35
35 36
36 37
37 38
38 39
39 40
40 41
41 42
42 43
43 44
44 45
45 46
46 47
47 48
48 49
49 50
50 51
51 52
52 53
53 54
54 55
55 56
56 57
57 58
58 59
59 0
25 59
46 52
34 42
32 50
15 56
10 17
53 56
38 54
55 58
10 22
26 32
29 53
25 35
32 48
9 22
6 11
18 29
2 8
40 44
9 59
0 13
15 29
47 50
23 29
6 13
15 58
12 17
37 42
22 59
39 54
25 36
24 59
11 13
27 32
13 58
17 20
32 43
1 9
5 13
45 48
38 41
41 44
22 29
37 58
1 8
35 37
1 5
34 37
39 53
25 34
28 31
23 59
24 26
46 51
0 58
16 29
25 37
32 45
39 52
34 43
44 46
38 42
25 32
39 41
17 29
31 53
10 20
5 7
18 22
37 55
32 44
9 11
10 12
25 58
2 7
32 49
15 57
13 15
32 34
33 43
50 53
24 27
19 21
8 11
31 50
1 4
44 52
46 50
39 44
28 30
51 53
15 17
18 21
15 53
38 55
10 21
1 13
24 29
27 29
14 58
7 11
41 43
3 7
3 5
0 9
46 48
56 58
28 32
30 53
17 19
53 55
