0 1
1 2
2 3
3 4
4 5
5 6
6 7
7 8
8 9
9 10
10 11
11 12
12 13
13 14
14 15
15 16
16 17
17 18
18 19
19 20
20 21
21 22
22 23
23 24
24 25
25 26
26 27
27 28
28 29
29 30
30 31
31 32
32 33
33 34
34 35
35 36
36 37
37 38
38 39
39 40
40 41
41 42
42 43
43 44
44 45
45 46
46 47
47 48
48 49
49 50
50 51
51 52
52 53
53 54
54 55
55 56
56 57
57 58
58 59
59 0
46 59
5 41
25 37
7 55
3 56
10 20
26 45
46 55
13 18
16 52
2 57
9 22
38 43
11 15
32 36
25 35
39 43
49 52
24 51
28 43
23 51
27 29
31 43
25 38
49 54
10 21
44 46
7 54
7 53
12 18
26 43
5 40
24 50
29 35
16 21
9 38
25 48
17 20
9 25
3 42
7 52
22 52
9 40
3 6
11 19
39 41
11 13
25 46
47 55
46 56
33 35
9 16
3 7
5 42
0 42
6 8
47 54
27 35
27 43
56 59
36 38
13 16
9 52
9 15
18 20
5 8
8 40
17 21
31 34
8 52
9 23
10 19
25 36
3 55
0 58
9 11
2 42
42 59
21 52
48 54
13 17
4 6
30 43
9 21
24 48
1 42
25 47
39 42
29 43
24 49
49 53
3 57
26 44
49 51
12 19
14 16
57 59
13 15
30 35
1 58
31 38
25 45
32 38
42 46
32 34
1 57
22 51
4 42
23 25
25 27
42 44
31 35
33 36
38 40
0 1
1 2
2 3
3 4
4 5
5 6
6 7
7 8
8 9
9 10
10 11
11 12
12 13
13 14
14 15
15 16
16 17
17 18
18 19
19 20
20 21
21 22
22 23
23 24
24 25
25 26
26 27
27 28
28 29
29 30
30 31
31 32
32 33
33 34
34 35
35 36
36 37
37 38
38 39
39 40
40 41
41 42
42 43
43 44
44 45
45 46
46 47
47 48
48 49
49 50
50 51
51 52
52 53
53 54
54 55
55 56
56 57
57 58
58 59
59 0
4 38
5 46
11 21
21 35
42 57
6 28
12 20
17 24
5 57
43 54
50 55
28 41
21 36
12 27
27 31
18 21
0 39
43 46
16 24
22 24
13 26
6 46
15 19
15 18
43 55
24 33
45 50
37 40
31 40
9 36
0 57
3 58
6 27
9 12
22 35
24 35
12 15
43 57
6 38
24 32
7 12
15 26
28 31
52 55
51 55
29 31
6 36
32 35
2 39
47 56
43 51
41 46
45 48
11 20
29 41
6 37
45 51
35 40
17 22
7 9
4 39
5 58
10 12
41 43
19 21
8 12
51 54
28 30
3 39
46 48
0 2
48 50
3 59
24 34
50 56
48 56
7 27
39 57
17 23
0 3
16 18
4 58
43 45
45 49
35 37
6 41
27 32
10 36
37 39
12 14
16 26
43 56
14 26
6 9
32 40
41 57
52 54
15 20
26 32
5 56
24 26
40 57
51 53
16 25
44 51
18 22
13 27
31 41
5 38
1 3
11 36
5 47
