0 1
1 2
2 3
3 4
4 5
5 6
6 7
7 8
8 9
9 10
10 11
11 12
12 13
13 14
14 15
15 16
16 17
17 18
18 19
19 20
20 21
21 22
22 23
23 24
24 25
25 26
26 27
27 28
28 29
29 30
30 31
31 32
32 33
33 34
34 35
35 36
36 37
37 38
38 39
39 40
40 41
41 42
42 43
43 44
44 45
45 46
46 47
47 48
48 49
49 50
50 51
51 52
52 53
53 54
54 55
55 56
56 57
57 58
58 59
59 0
28 46
2 21
19 22
25 50
19 28
7 50
37 49
33 41
21 55
32 49
0 55
4 6
7 53
37 47
38 44
17 50
17 21
33 49
17 30
17 49
46 48
29 44
5 13
31 44
22 53
23 50
5 7
7 13
31 41
7 57
7 58
33 40
25 28
38 45
7 9
2 59
9 17
51 53
30 49
12 17
3 17
1 59
11 13
17 20
18 29
28 50
36 38
34 38
30 44
22 54
56 58
18 28
24 50
19 25
35 38
3 14
7 54
7 56
0 56
50 53
4 7
33 37
2 7
22 51
3 13
39 43
54 56
11 17
38 43
1 55
33 39
46 50
10 13
1 21
8 13
29 45
33 36
2 4
13 15
9 50
0 58
4 13
9 11
42 44
48 50
7 59
37 45
31 49
31 33
15 17
3 21
34 36
26 50
22 50
45 47
22 25
20 22
39 41
18 30
23 25
3 16
50 52
18 20
41 44
3 15
34 39
39 42
27 50
9 13
25 27
21 54
47 49
28 45
12 15

0 1
1 2
2 3
3 4
4 5
5 6
6 7
7 8
8 9
9 10
10 11
11 12
12 13
13 14
14 15
15 16
16 17
17 18
18 19
19 20
20 21
21 22
22 23
23 24
24 25
25 26
26 27
27 28
28 29
29 30
30 31
31 32
32 33
33 34
34 35
35 36
36 37
37 38
38 39
39 40
40 41
41 42
42 43
43 44
44 45
45 46
46 47
47 48
48 49
49 50
50 51
51 52
52 53
53 54
54 55
55 56
56 57
57 58
58 59
59 0
30 56
9 26
10 43
23 28
18 21
27 58
27 56
3 26
9 25
9 54
9 59
1 8
30 43
28 39
12 19
35 42
16 42
11 24
49 54
49 55
43 52
35 40
6 8
16 28
29 36
11 42
16 23
28 36
14 17
16 21
1 7
0 8
31 36
43 54
9 56
8 59
11 23
43 45
2 6
3 5
30 32
37 39
12 20
44 55
23 26
16 39
57 59
10 25
11 15
35 37
47 50
43 50
43 55
27 29
12 21
44 47
2 27
40 42
14 16
13 18
2 5
4 9
23 27
9 57
30 36
49 52
28 37
49 53
34 42
43 51
19 21
11 43
49 51
11 16
32 36
35 41
27 59
0 27
44 49
10 54
13 17
27 30
4 26
30 55
35 39
3 27
0 2
5 9
10 24
11 21
11 14
16 22
43 47
13 19
32 34
21 23
52 54
32 35
16 40
12 14
16 18
32 43
44 48
28 38
33 42
43 46
9 55
44 46
27 57
32 42
6 9
24 26
1 6
