0 1
1 2
2 3
3 4
4 5
5 6
6 7
7 8
8 9
9 10
10 11
11 12
12 13
13 14
14 15
15 16
16 17
17 18
18 19
19 20
20 21
21 22
22 23
23 24
24 25
25 26
26 27
27 28
28 29
29 30
30 31
31 32
32 33
33 34
34 35
35 36
36 37
37 38
38 39
39 40
40 41
41 42
42 43
43 44
44 45
45 46
46 47
47 48
48 49
49 50
50 51
51 52
52 53
53 54
54 55
55 56
56 57
57 58
58 59
59 0
36 40
17 35
1 28
17 52
2 5
2 9
5 15
12 24
22 34
26 28
10 28
34 58
17 50
39 43
37 43
17 57
17 45
44 53
40 53
29 59
23 26
17 34
18 34
17 58
36 57
5 8
12 19
17 46
40 54
44 52
17 43
14 16
6 8
1 10
32 58
48 51
52 56
17 19
22 29
11 13
4 58
10 12
28 59
42 44
35 37
21 24
8 13
32 34
4 59
46 48
0 3
17 56
8 11
46 52
19 34
38 40
13 19
31 34
0 4
21 23
29 58
6 15
29 32
4 16
35 43
13 16
35 58
43 45
40 44
12 27
22 30
4 17
2 8
49 51
30 34
40 42
6 13
22 26
21 34
17 47
12 26
40 57
33 58
40 56
26 29
44 46
19 24
52 55
5 16
2 10
7 13
13 17
46 51
47 49
0 2
6 14
17 49
41 43
0 28
23 25
54 56
53 55
17 51
2 4
20 34
39 41
35 57
30 32
8 10
19 21
37 39
24 26
12 28
37 40
0 1
1 2
2 3
3 4
4 5
5 6
6 7
7 8
8 9
9 10
10 11
11 12
12 13
13 14
14 15
15 16
16 17
17 18
18 19
19 20
20 21
21 22
22 23
23 24
24 25
25 26
26 27
27 28
28 29
29 30
30 31
31 32
32 33
33 34
34 35
35 36
36 37
37 38
38 39
39 40
40 41
41 42
42 43
43 44
44 45
45 46
46 47
47 48
48 49
49 50
50 51
51 52
52 53
53 54
54 55
55 56
56 57
57 58
58 59
59 0
44 49
1 44
19 41
40 58
44 48
18 41
25 33
6 40
3 15
49 56
28 39
29 34
9 20
45 50
21 37
55 59
10 20
7 25
45 53
1 18
12 17
10 19
19 38
48 50
42 56
8 24
22 24
12 15
2 6
24 37
43 56
49 54
8 20
3 14
49 53
3 7
6 39
49 52
34 38
7 10
25 29
56 58
46 50
0 40
11 19
6 28
42 58
20 24
1 59
3 17
12 16
45 59
20 22
25 36
28 38
0 6
1 41
7 9
41 44
27 29
45 54
0 58
3 18
7 28
44 47
8 25
1 6
35 38
50 52
57 59
7 27
25 30
29 38
55 57
4 6
33 36
41 58
45 55
30 33
3 13
29 33
11 17
11 18
7 11
7 26
1 45
23 37
49 55
25 32
45 47
45 52
34 36
5 7
44 56
45 51
22 37
7 12
25 37
3 16
31 33
47 50
3 6
20 38
36 38
12 14
38 41
20 37
25 31
1 3
25 27
3 5
3 12
