0 1
1 2
2 3
3 4
4 5
5 6
6 7
7 8
8 9
9 10
10 11
11 12
12 13
13 14
14 15
15 16
16 17
17 18
18 19
19 20
20 21
21 22
22 23
23 24
24 25
25 26
26 27
27 28
28 29
29 30
30 31
31 32
32 33
33 34
34 35
35 36
36 37
37 38
38 39
39 40
40 41
41 42
42 43
43 44
44 45
45 46
46 47
47 48
48 49
49 50
50 51
51 52
52 53
53 54
54 55
55 56
56 57
57 58
58 59
59 0
0 24
7 33
29 57
22 26
20 32
12 32
12 20
37 46
32 53
2 36
37 56
8 12
43 52
43 51
19 22
33 42
9 18
6 36
38 44
32 57
2 8
10 14
33 36
8 32
38 43
3 36
47 54
48 53
2 23
15 19
25 58
34 38
28 30
38 40
9 14
9 15
25 57
38 45
2 6
28 32
47 55
21 28
36 38
22 24
24 59
49 53
43 46
33 38
26 29
11 14
6 8
40 42
15 17
8 33
33 53
20 28
4 6
48 54
19 23
43 49
2 18
24 26
49 52
39 41
31 57
32 55
2 58
9 12
1 24
37 57
42 53
21 26
43 48
2 37
16 18
30 57
24 58
33 40
0 2
43 53
15 18
37 58
39 43
43 47
2 5
47 56
13 20
16 19
21 27
0 58
35 38
12 14
44 46
55 57
2 24
26 28
30 32
6 33
37 45
34 36
46 56
41 43
2 19
26 57
15 20
49 51
43 50
13 15
20 22
3 6
53 55
10 12
8 18
3 5

0 1
1 2
2 3
3 4
4 5
5 6
6 7
7 8
8 9
9 10
10 11
11 12
12 13
13 14
14 15
15 16
16 17
17 18
18 19
19 20
20 21
21 22
22 23
23 24
24 25
25 26
26 27
27 28
28 29
29 30
30 31
31 32
32 33
33 34
34 35
35 36
36 37
37 38
38 39
39 40
40 41
41 42
42 43
43 44
44 45
45 46
46 47
47 48
48 49
49 50
50 51
51 52
52 53
53 54
54 55
55 56
56 57
57 58
58 59
59 0
23 51
31 55
41 55
24 35
3 59
53 57
15 58
13 23
16 22
39 50
0 23
30 58
18 57
46 49
42 49
33 37
35 37
41 46
45 47
6 14
3 10
8 13
2 11
36 51
31 37
4 7
8 10
40 49
31 39
41 50
12 23
25 30
41 45
4 15
5 15
2 12
3 8
42 48
22 51
41 49
24 30
30 34
31 58
17 20
1 23
38 51
40 50
20 52
31 34
25 35
23 35
16 23
41 44
17 58
3 58
41 51
39 51
7 13
25 34
31 41
31 40
18 20
30 59
32 37
16 20
37 39
18 52
23 59
2 59
26 34
21 52
51 55
3 9
33 35
46 48
43 45
54 56
53 56
52 57
45 48
27 30
16 58
56 58
23 36
37 51
28 34
1 12
3 7
22 52
3 11
3 15
5 14
16 21
51 53
23 30
27 34
42 45
17 19
7 14
13 16
27 29
51 54
29 34
8 11
1 59
18 58
32 34
14 16
26 30
46 50
55 58
11 13
5 7
42 44
