0 1
1 2
2 3
3 4
4 5
5 6
6 7
7 8
8 9
9 10
10 11
11 12
12 13
13 14
14 15
15 16
16 17
17 18
18 19
19 20
20 21
21 22
22 23
23 24
24 25
25 26
26 27
27 28
28 29
29 30
30 31
31 32
32 33
33 34
34 35
35 36
36 37
37 38
38 39
39 40
40 41
41 42
42 43
43 44
44 45
45 46
46 47
47 48
48 49
49 50
50 51
51 52
52 53
53 54
54 55
55 56
56 57
57 58
58 59
59 0
30 59
19 52
23 37
22 47
10 54
23 41
25 59
38 42
15 17
8 21
24 30
7 10
37 57
1 59
8 17
21 23
1 7
4 10
43 46
45 49
50 55
37 49
49 51
24 33
24 59
51 54
37 42
33 37
24 34
9 14
29 59
2 59
8 19
44 49
22 43
48 51
4 54
28 59
12 18
13 18
30 37
18 52
18 54
1 3
5 10
20 48
25 27
9 13
3 54
12 54
7 59
43 47
25 30
37 43
8 23
23 43
11 54
54 59
56 59
0 7
9 15
26 30
23 34
37 58
1 5
13 16
31 37
35 37
37 56
26 29
34 36
17 19
32 37
23 38
7 9
23 39
40 42
21 47
2 54
23 59
34 37
30 32
50 56
23 42
38 40
14 16
9 17
55 59
7 23
43 49
44 46
20 51
1 4
46 48
20 47
10 13
33 35
6 10
52 54
27 29
1 6
24 32
19 51
23 40
57 59
13 17
45 48
37 50
25 28
10 12
37 59
19 21
50 54
51 53

0 1
1 2
2 3
3 4
4 5
5 6
6 7
7 8
8 9
9 10
10 11
11 12
12 13
13 14
14 15
15 16
16 17
17 18
18 19
19 20
20 21
21 22
22 23
23 24
24 25
25 26
26 27
27 28
28 29
29 30
30 31
31 32
32 33
33 34
34 35
35 36
36 37
37 38
38 39
39 40
40 41
41 42
42 43
43 44
44 45
45 46
46 47
47 48
48 49
49 50
50 51
51 52
52 53
53 54
54 55
55 56
56 57
57 58
58 59
59 0
46 49
7 19
31 59
20 37
48 55
5 39
1 57
10 18
4 16
16 18
46 51
21 26
42 44
6 19
47 58
33 59
26 32
16 26
1 40
33 42
42 46
15 18
5 14
5 37
5 15
0 3
47 59
21 34
12 15
48 50
54 57
8 10
0 27
46 59
46 57
8 13
1 39
47 49
9 12
8 18
22 33
47 55
35 39
21 24
5 13
4 39
21 37
40 46
0 2
50 52
19 26
52 57
5 8
28 30
35 42
26 31
43 59
20 26
0 57
35 41
36 38
12 14
7 18
5 38
42 59
48 53
5 7
4 26
50 53
22 26
27 31
18 26
31 33
55 57
54 56
21 36
1 46
22 32
21 35
55 58
51 57
36 39
29 31
8 12
22 34
0 31
4 27
22 24
9 11
22 25
0 30
4 15
17 26
34 42
53 55
3 39
53 57
44 59
5 19
41 46
46 50
0 4
27 30
23 25
11 15
2 39
0 58
35 40
11 18
24 26
42 45
19 37
45 59
28 31
