0 1
1 2
2 3
3 4
4 5
5 6
6 7
7 8
8 9
9 10
10 11
11 12
12 13
13 14
14 15
15 16
16 17
17 18
18 19
19 20
20 21
21 22
22 23
23 24
24 25
25 26
26 27
27 28
28 29
29 30
30 31
31 32
32 33
33 34
34 35
35 36
36 37
37 38
38 39
39 40
40 41
41 42
42 43
43 44
44 45
45 46
46 47
47 48
48 49
49 50
50 51
51 52
52 53
53 54
54 55
55 56
56 57
57 58
58 59
59 0
2 53
22 58
8 58
16 49
1 58
24 37
45 55
51 53
8 59
18 27
41 48
44 57
8 19
25 27
31 36
7 9
17 37
9 51
39 42
29 35
26 31
3 53
15 17
28 35
43 45
53 55
5 8
16 38
34 36
11 15
9 50
46 54
41 45
24 36
39 44
38 48
49 54
48 54
17 27
10 13
5 52
53 58
22 37
45 57
6 52
16 37
0 4
47 54
39 41
28 30
12 15
19 23
8 15
11 49
55 57
21 58
1 4
17 19
42 44
7 52
37 58
9 15
49 53
39 48
41 46
17 36
7 51
25 36
26 30
17 35
29 32
55 58
50 53
32 35
38 58
20 22
5 53
44 58
19 58
5 7
10 12
9 13
4 53
19 22
17 28
18 23
10 50
29 31
23 37
11 16
10 49
0 5
45 56
32 34
41 47
1 3
8 17
19 21
33 36
40 48
46 55
27 30
26 36
41 43
12 14
24 27
13 15
31 33
38 44
0 58
0 8
18 24
16 48
1 53
0 1
1 2
2 3
3 4
4 5
5 6
6 7
7 8
8 9
9 10
10 11
11 12
12 13
13 14
14 15
15 16
16 17
17 18
18 19
19 20
20 21
21 22
22 23
23 24
24 25
25 26
26 27
27 28
28 29
29 30
30 31
31 32
32 33
33 34
34 35
35 36
36 37
37 38
38 39
39 40
40 41
41 42
42 43
43 44
44 45
45 46
46 47
47 48
48 49
49 50
50 51
51 52
52 53
53 54
54 55
55 56
56 57
57 58
58 59
59 0
5 59
23 25
16 51
9 37
2 52
7 41
29 44
38 41
16 19
29 50
5 58
5 41
1 5
10 55
18 20
36 39
23 30
9 23
21 24
30 34
2 44
8 55
30 43
10 18
15 54
46 49
45 48
0 55
15 51
32 42
6 41
9 55
21 28
2 54
16 18
2 45
33 42
9 30
35 37
45 47
30 44
26 29
29 46
28 50
6 8
45 50
8 37
6 58
30 32
8 41
4 43
4 42
15 55
29 45
0 2
18 21
48 50
35 42
28 51
34 37
52 54
37 41
15 18
24 26
12 55
21 27
6 57
4 41
36 42
45 52
13 55
33 35
11 14
0 57
4 44
10 14
19 28
26 28
38 40
15 53
31 43
6 56
0 54
46 50
8 56
36 40
9 18
0 56
16 28
30 33
11 55
11 13
9 21
1 59
22 24
2 5
25 30
15 52
46 48
36 41
9 22
21 26
3 44
9 34
2 4
25 29
10 15
14 55
37 39
31 42
20 28
50 52
57 59
