0 1
1 2
2 3
3 4
4 5
5 6
6 7
7 8
8 9
9 10
10 11
11 12
12 13
13 14
14 15
15 16
16 17
17 18
18 19
19 20
20 21
21 22
22 23
23 24
24 25
25 26
26 27
27 28
28 29
29 30
30 31
31 32
32 33
33 34
34 35
35 36
36 37
37 38
38 39
39 40
40 41
41 42
42 43
43 44
44 45
45 46
46 47
47 48
48 49
49 50
50 51
51 52
52 53
53 54
54 55
55 56
56 57
57 58
58 59
59 0
50 56
10 43
18 59
14 22
1 58
31 49
54 57
37 49
30 50
7 45
5 45
2 7
6 45
32 39
18 58
29 39
50 55
17 20
42 44
19 58
4 51
13 23
13 59
32 49
1 11
2 6
39 42
23 29
0 12
29 58
40 48
4 57
35 37
26 58
0 11
41 46
31 39
48 51
4 45
16 21
29 56
14 21
34 38
42 45
21 26
34 49
10 29
23 27
3 5
13 15
29 43
4 47
3 58
3 6
34 39
1 7
21 25
27 58
18 20
40 47
28 58
8 10
21 58
17 59
21 24
29 31
52 57
50 54
7 44
15 21
4 52
15 59
32 34
51 54
2 58
14 23
13 29
38 40
22 24
15 17
9 11
11 13
36 38
1 59
40 49
42 46
35 38
1 8
17 21
49 51
30 56
56 58
23 28
11 29
45 47
23 26
51 53
35 49
41 47
53 57
12 59
23 25
37 40
31 50
8 43
20 58
29 42
4 48
3 57
8 44
8 11
33 39
54 56
40 42
0 1
1 2
2 3
3 4
4 5
5 6
6 7
7 8
8 9
9 10
10 11
11 12
12 13
13 14
14 15
15 16
16 17
17 18
18 19
19 20
20 21
21 22
22 23
23 24
24 25
25 26
26 27
27 28
28 29
29 30
30 31
31 32
32 33
33 34
34 35
35 36
36 37
37 38
38 39
39 40
40 41
41 42
42 43
43 44
44 45
45 46
46 47
47 48
48 49
49 50
50 51
51 52
52 53
53 54
54 55
55 56
56 57
57 58
58 59
59 0
21 56
6 38
29 47
9 26
29 38
41 50
26 38
6 51
3 14
33 35
8 38
36 43
3 56
20 59
47 51
0 57
1 16
28 47
27 53
38 41
31 37
32 43
35 43
43 50
29 37
3 13
26 28
51 55
52 55
8 12
9 21
38 50
15 18
25 56
12 14
34 43
46 49
14 20
5 56
27 54
9 22
1 19
7 13
30 37
29 32
32 47
43 49
9 24
33 36
32 45
27 47
32 44
9 25
14 18
32 46
2 14
11 21
12 21
1 17
5 51
0 3
44 49
31 33
47 49
44 46
47 53
7 38
6 50
17 19
51 56
41 43
0 56
1 20
14 19
9 38
47 52
37 39
25 27
5 7
21 23
4 7
20 56
16 18
23 56
40 43
0 20
39 43
52 54
26 29
12 20
9 23
2 16
56 59
33 43
4 56
27 55
39 41
10 21
36 39
24 56
1 3
47 50
48 50
30 32
2 15
4 13
8 13
0 58
33 37
25 55
57 59
10 12
42 50
9 12
