0 1
1 2
2 3
3 4
4 5
5 6
6 7
7 8
8 9
9 10
10 11
11 12
12 13
13 14
14 15
15 16
16 17
17 18
18 19
19 20
20 21
21 22
22 23
23 24
24 25
25 26
26 27
27 28
28 29
29 30
30 31
31 32
32 33
33 34
34 35
35 36
36 37
37 38
38 39
39 40
40 41
41 42
42 43
43 44
44 45
45 46
46 47
47 48
48 49
49 50
50 51
51 52
52 53
53 54
54 55
55 56
56 57
57 58
58 59
59 0
22 36
32 51
43 45
41 44
42 46
6 55
5 16
12 26
2 51
42 47
42 45
35 48
29 35
51 54
18 46
9 54
36 38
12 25
5 11
11 14
12 51
14 18
26 30
5 7
16 49
11 52
22 40
30 32
51 57
32 48
23 29
31 34
42 44
13 19
24 26
33 48
10 52
51 56
5 56
41 48
44 46
23 26
23 35
13 22
11 13
6 56
4 49
36 39
39 48
14 19
9 55
3 59
20 41
36 48
13 24
41 47
1 51
16 46
5 10
14 16
5 14
5 57
19 44
9 52
32 34
30 34
30 35
3 58
22 39
0 2
26 51
30 51
7 55
22 41
13 23
27 30
38 48
2 50
7 10
3 57
9 53
51 58
19 46
0 51
46 49
39 41
32 49
5 49
23 36
37 39
4 50
19 41
13 25
12 52
27 29
2 4
54 56
13 20
23 27
8 10
51 59
16 18
52 54
33 35
15 17
4 57
28 30
15 18
47 49
7 9
21 41
2 59
13 21
49 51
0 1
1 2
2 3
3 4
4 5
5 6
6 7
7 8
8 9
9 10
10 11
11 12
12 13
13 14
14 15
15 16
16 17
17 18
18 19
19 20
20 21
21 22
22 23
23 24
24 25
25 26
26 27
27 28
28 29
29 30
30 31
31 32
32 33
33 34
34 35
35 36
36 37
37 38
38 39
39 40
40 41
41 42
42 43
43 44
44 45
45 46
46 47
47 48
48 49
49 50
50 51
51 52
52 53
53 54
54 55
55 56
56 57
57 58
58 59
59 0
21 30
5 12
4 24
16 35
30 48
15 55
38 44
32 40
50 56
49 56
36 49
17 32
25 28
11 57
31 40
9 12
37 46
4 13
2 29
22 30
4 26
35 52
35 39
13 16
17 35
35 51
0 56
6 57
31 42
25 30
18 30
37 45
1 56
35 55
15 35
16 24
4 16
8 57
6 8
6 9
4 58
38 42
26 28
35 50
35 38
3 29
50 55
4 27
0 58
11 56
2 56
30 56
22 25
16 21
51 55
12 14
30 43
20 30
4 25
30 42
33 39
35 54
30 44
7 57
14 55
0 57
18 32
36 50
2 30
14 56
35 37
2 58
23 25
30 45
18 31
10 12
35 53
37 48
3 27
38 40
51 53
25 29
16 20
21 24
10 57
12 56
46 48
45 47
17 34
17 33
31 41
19 30
4 6
6 12
16 19
3 28
30 49
5 13
34 39
9 57
45 48
1 58
13 15
32 39
22 24
57 59
17 19
40 42
38 45
53 55
37 49
38 43
6 58
