0 1
1 2
2 3
3 4
4 5
5 6
6 7
7 8
8 9
9 10
10 11
11 12
12 13
13 14
14 15
15 16
16 17
17 18
18 19
19 20
20 21
21 22
22 23
23 24
24 25
25 26
26 27
27 28
28 29
29 30
30 31
31 32
32 33
33 34
34 35
35 36
36 37
37 38
38 39
39 40
40 41
41 42
42 43
43 44
44 45
45 46
46 47
47 48
48 49
49 50
50 51
51 52
52 53
53 54
54 55
55 56
56 57
57 58
58 59
59 0
4 17
10 57
25 52
10 44
13 21
4 13
42 51
54 59
23 52
43 45
10 34
22 27
27 52
4 9
22 53
51 56
29 37
28 31
2 9
13 16
34 40
14 18
39 42
34 37
5 13
29 39
11 21
22 54
0 21
6 8
55 58
7 13
21 27
25 27
0 17
34 43
0 4
11 13
32 34
28 52
30 32
55 57
53 56
42 45
47 50
47 49
24 52
45 56
0 9
23 26
34 38
29 35
13 15
29 34
29 36
17 19
30 34
35 37
27 31
57 59
48 51
7 10
0 20
28 42
34 39
24 26
21 54
11 31
17 20
45 51
7 9
42 50
10 59
45 50
39 41
0 3
21 59
11 33
15 17
5 7
46 48
51 53
4 16
45 57
40 43
14 20
10 45
34 44
3 9
45 48
11 32
23 53
29 31
4 6
29 38
45 47
40 42
28 51
0 2
14 19
21 31
1 3
7 11
4 8
48 50
22 26
14 21
53 55
7 12
14 17
54 58
11 34
0 10
28 39
0 1
1 2
2 3
3 4
4 5
5 6
6 7
7 8
8 9
9 10
10 11
11 12
12 13
13 14
14 15
15 16
16 17
17 18
18 19
19 20
20 21
21 22
22 23
23 24
24 25
25 26
26 27
27 28
28 29
29 30
30 31
31 32
32 33
33 34
34 35
35 36
36 37
37 38
38 39
39 40
40 41
41 42
42 43
43 44
44 45
45 46
46 47
47 48
48 49
49 50
50 51
51 52
52 53
53 54
54 55
55 56
56 57
57 58
58 59
59 0
16 43
7 59
1 10
19 24
52 55
17 23
37 56
16 38
0 46
39 47
51 54
1 44
23 37
33 58
23 25
31 36
13 44
17 30
37 58
48 52
20 24
48 56
16 58
12 14
1 59
8 14
9 14
52 54
28 30
3 10
39 50
14 43
16 41
34 36
27 30
39 54
6 9
26 28
5 10
17 58
31 37
5 9
18 27
36 58
7 14
26 37
18 22
46 57
4 59
17 37
13 43
16 39
0 57
19 21
31 35
33 35
22 24
42 47
38 54
31 58
30 37
26 29
17 31
17 22
39 49
11 14
0 58
48 55
54 56
10 14
41 43
20 22
3 59
14 16
2 10
49 51
4 10
41 47
14 58
33 36
18 21
10 13
42 46
0 44
47 56
38 56
25 37
19 27
16 37
10 12
43 46
14 59
17 27
32 35
44 46
2 59
39 48
1 13
32 58
47 57
50 54
40 47
6 59
37 57
15 43
19 26
5 59
26 30
19 25
16 40
0 45
49 52
