0 1
1 2
2 3
3 4
4 5
5 6
6 7
7 8
8 9
9 10
10 11
11 12
12 13
13 14
14 15
15 16
16 17
17 18
18 19
19 20
20 21
21 22
22 23
23 24
24 25
25 26
26 27
27 28
28 29
29 30
30 31
31 32
32 33
33 34
34 35
35 36
36 37
37 38
38 39
39 40
40 41
41 42
42 43
43 44
44 45
45 46
46 47
47 48
48 49
49 50
50 51
51 52
52 53
53 54
54 55
55 56
56 57
57 58
58 59
59 0
35 53
37 58
7 19
1 27
5 17
6 26
0 57
19 54
39 43
41 48
1 29
23 34
41 44
23 26
41 51
29 35
47 52
6 9
54 56
11 19
43 46
0 36
39 55
35 43
9 11
1 18
46 53
52 54
22 25
3 26
21 25
26 31
12 16
46 52
1 56
19 53
46 48
48 50
26 33
14 17
48 51
12 17
37 56
10 17
13 16
29 34
19 56
10 12
16 19
41 45
2 18
22 53
38 43
23 53
1 28
35 46
2 17
40 52
31 34
22 24
37 59
2 27
0 37
1 19
4 26
16 18
27 30
23 25
37 39
5 9
6 21
41 50
26 32
2 26
26 34
8 19
39 52
20 53
29 31
32 34
1 35
4 17
41 49
12 19
0 35
14 16
28 30
15 17
52 55
9 19
19 21
41 43
56 58
7 9
9 17
0 58
48 52
35 38
23 35
12 14
26 30
40 51
2 4
6 19
40 43
37 55
0 56
44 46
45 48
6 25
35 37
4 6
20 22
40 42

0 1
1 2
2 3
3 4
4 5
5 6
6 7
7 8
8 9
9 10
10 11
11 12
12 13
13 14
14 15
15 16
16 17
17 18
18 19
19 20
20 21
21 22
22 23
23 24
24 25
25 26
26 27
27 28
28 29
29 30
30 31
31 32
32 33
33 34
34 35
35 36
36 37
37 38
38 39
39 40
40 41
41 42
42 43
43 44
44 45
45 46
46 47
47 48
48 49
49 50
50 51
51 52
52 53
53 54
54 55
55 56
56 57
57 58
58 59
59 0
31 52
12 30
2 25
31 58
4 35
47 58
8 13
4 59
13 15
39 59
35 39
4 16
25 30
7 13
31 37
16 30
39 46
6 33
31 59
48 56
46 50
15 30
2 29
4 13
25 27
10 31
3 16
11 13
18 20
29 59
47 59
44 59
17 21
10 13
46 59
46 51
51 55
53 58
41 46
12 15
10 32
7 32
5 35
36 39
1 4
2 23
41 59
33 35
17 22
40 46
4 15
48 55
31 53
18 22
4 14
34 36
17 20
3 17
1 3
53 56
8 32
18 25
30 59
4 7
38 51
18 24
12 31
39 41
5 33
39 51
25 29
36 38
47 57
17 25
1 59
31 36
49 55
19 22
42 59
8 10
26 29
17 23
17 30
48 57
26 28
4 39
9 13
31 33
43 45
37 52
3 23
25 28
7 33
2 28
37 51
50 55
2 24
53 55
0 29
45 59
43 59
11 31
18 23
42 45
0 2
53 57
51 53
47 49
47 50
51 54
5 7
33 36
42 46
