0 1
1 2
2 3
3 4
4 5
5 6
6 7
7 8
8 9
9 10
10 11
11 12
12 13
13 14
14 15
15 16
16 17
17 18
18 19
19 20
20 21
21 22
22 23
23 24
24 25
25 26
26 27
27 28
28 29
29 30
30 31
31 32
32 33
33 34
34 35
35 36
36 37
37 38
38 39
39 40
40 41
41 42
42 43
43 44
44 45
45 46
46 47
47 48
48 49
49 50
50 51
51 52
52 53
53 54
54 55
55 56
56 57
57 58
58 59
59 0
2 40
22 35
21 27
38 58
25 28
2 27
7 12
29 38
21 38
51 54
47 51
24 34
14 59
7 20
4 6
3 9
1 40
41 49
3 6
57 59
15 38
27 38
43 59
15 18
47 54
24 30
40 52
33 38
22 36
35 38
2 14
13 19
43 48
0 41
4 8
15 21
52 57
43 56
3 14
22 27
6 21
44 47
54 56
42 48
24 29
12 20
22 25
43 47
23 35
7 21
8 12
15 17
39 52
13 15
51 53
11 14
53 57
38 52
14 58
26 28
41 52
48 51
19 21
41 51
31 38
43 54
15 19
0 42
24 35
12 14
16 19
10 14
12 19
45 54
22 37
1 59
25 27
43 57
22 38
3 21
9 14
2 38
30 33
53 55
38 57
8 11
35 37
2 39
5 8
13 16
42 59
25 29
1 41
3 8
53 56
15 58
41 50
28 38
30 34
8 10
6 8
31 33
2 21
29 31
45 47
46 54
44 54
49 51
22 24
41 48
34 38
16 18
2 59
32 38

0 1
1 2
2 3
3 4
4 5
5 6
6 7
7 8
8 9
9 10
10 11
11 12
12 13
13 14
14 15
15 16
16 17
17 18
18 19
19 20
20 21
21 22
22 23
23 24
24 25
25 26
26 27
27 28
28 29
29 30
30 31
31 32
32 33
33 34
34 35
35 36
36 37
37 38
38 39
39 40
40 41
41 42
42 43
43 44
44 45
45 46
46 47
47 48
48 49
49 50
50 51
51 52
52 53
53 54
54 55
55 56
56 57
57 58
58 59
59 0
26 53
6 15
24 50
33 48
27 32
51 57
27 51
0 15
9 20
29 48
46 49
39 51
39 48
25 58
1 20
34 36
8 13
28 32
50 59
41 43
20 50
15 59
7 15
14 20
19 58
14 16
29 33
40 47
36 48
32 34
21 58
17 58
37 48
1 9
26 58
44 51
17 20
40 46
4 9
41 46
43 45
18 58
21 50
24 48
0 6
0 4
8 15
26 54
5 7
36 51
25 48
23 58
26 55
43 51
0 5
55 57
27 35
24 58
20 58
36 38
51 56
26 29
27 36
2 4
2 9
28 31
27 53
40 43
44 49
4 7
17 19
43 46
27 29
10 20
0 3
51 55
0 2
51 58
37 39
47 49
17 59
32 35
40 51
1 50
55 58
40 48
38 51
30 32
10 12
21 24
14 17
0 50
8 14
34 48
52 55
16 59
28 30
44 50
7 9
9 11
9 12
13 20
21 23
42 46
50 58
44 46
22 58
48 50
52 54
29 32
26 48
27 52
10 13
9 13
