0 1
1 2
2 3
3 4
4 5
5 6
6 7
7 8
8 9
9 10
10 11
11 12
12 13
13 14
14 15
15 16
16 17
17 18
18 19
19 20
20 21
21 22
22 23
23 24
24 25
25 26
26 27
27 28
28 29
29 30
30 31
31 32
32 33
33 34
34 35
35 36
36 37
37 38
38 39
39 40
40 41
41 42
42 43
43 44
44 45
45 46
46 47
47 48
48 49
49 50
50 51
51 52
52 53
53 54
54 55
55 56
56 57
57 58
58 59
59 0
46 54
12 50
15 59
28 30
7 54
24 29
15 29
0 15
25 57
50 54
25 45
47 53
54 56
8 14
6 54
25 41
39 42
44 48
52 54
32 49
32 48
30 36
25 38
21 23
9 14
0 8
19 23
2 6
48 51
5 55
16 57
14 32
18 20
25 37
12 54
20 25
15 31
16 23
20 24
40 42
25 27
1 5
35 42
35 37
30 32
1 3
27 37
30 34
2 8
10 54
47 52
0 55
9 13
32 42
37 39
0 56
46 48
27 29
17 57
43 45
25 29
8 15
26 37
48 50
42 45
21 24
20 22
25 40
14 31
30 35
17 25
15 57
15 30
57 59
16 29
47 54
14 49
25 46
9 12
11 54
12 14
42 44
3 6
8 54
32 44
4 6
30 33
0 58
33 35
6 55
2 7
46 57
9 11
12 49
41 45
1 8
16 24
16 19
51 54
17 19
9 54
33 42
1 55
48 52
44 46
27 36
37 42
18 25
28 36
54 57
38 40
19 22
3 5
0 57

0 1
1 2
2 3
3 4
4 5
5 6
6 7
7 8
8 9
9 10
10 11
11 12
12 13
13 14
14 15
15 16
16 17
17 18
18 19
19 20
20 21
21 22
22 23
23 24
24 25
25 26
26 27
27 28
28 29
29 30
30 31
31 32
32 33
33 34
34 35
35 36
36 37
37 38
38 39
39 40
40 41
41 42
42 43
43 44
44 45
45 46
46 47
47 48
48 49
49 50
50 51
51 52
52 53
53 54
54 55
55 56
56 57
57 58
58 59
59 0
27 35
36 52
9 16
38 58
13 16
36 46
45 48
18 24
48 56
23 54
16 56
14 38
30 37
49 56
15 26
18 26
2 58
41 43
51 53
22 56
3 59
35 53
38 57
23 56
36 53
41 56
36 50
2 57
3 57
27 38
20 56
10 59
16 20
53 56
24 35
11 16
4 16
22 24
7 16
3 56
3 8
42 56
4 7
8 16
16 18
47 49
10 38
41 46
36 41
0 3
5 8
39 57
39 56
13 15
14 26
14 27
51 56
10 16
3 16
45 47
18 21
17 20
43 46
10 14
43 48
32 36
28 33
34 36
2 59
1 59
24 26
24 54
8 59
5 7
11 13
32 34
26 35
21 56
10 13
19 21
0 2
50 56
46 49
53 55
38 41
10 12
46 50
40 56
28 37
50 52
31 37
28 35
43 56
37 41
4 8
32 37
38 59
28 32
29 32
35 54
28 34
15 18
9 59
28 38
25 35
29 37
18 22
29 31
39 41
6 8
23 55
