0 1
1 2
2 3
3 4
4 5
5 6
6 7
7 8
8 9
9 10
10 11
11 12
12 13
13 14
14 15
15 16
16 17
17 18
18 19
19 20
20 21
21 22
22 23
23 24
24 25
25 26
26 27
27 28
28 29
29 30
30 31
31 32
32 33
33 34
34 35
35 36
36 37
37 38
38 39
39 40
40 41
41 42
42 43
43 44
44 45
45 46
46 47
47 48
48 49
49 50
50 51
51 52
52 53
53 54
54 55
55 56
56 57
57 58
58 59
59 0
0 9
7 26
37 44
39 59
17 56
18 20
29 31
40 58
28 48
11 15
37 47
11 18
28 53
43 55
35 47
48 54
12 15
27 53
9 56
32 39
1 9
8 26
10 13
33 38
40 42
4 7
42 55
11 26
0 28
28 31
10 16
33 37
24 27
11 24
25 27
8 11
45 48
18 24
33 36
19 54
9 59
1 7
10 17
37 46
45 55
44 46
30 59
31 59
3 8
46 48
5 8
38 41
32 48
38 40
54 56
28 30
12 14
23 54
10 12
21 54
48 51
2 9
31 39
11 17
0 27
33 39
22 54
40 56
3 5
0 30
52 54
37 41
18 54
3 9
22 24
40 55
28 32
28 49
1 27
18 56
44 55
23 53
11 16
9 11
48 55
28 51
20 54
9 57
34 48
18 22
24 53
1 26
13 15
41 44
57 59
51 54
24 26
35 48
2 7
56 58
3 7
33 35
51 53
6 8
10 15
35 37
10 56
49 51
39 58
28 50
42 44
32 34
18 21
5 7

0 1
1 2
2 3
3 4
4 5
5 6
6 7
7 8
8 9
9 10
10 11
11 12
12 13
13 14
14 15
15 16
16 17
17 18
18 19
19 20
20 21
21 22
22 23
23 24
24 25
25 26
26 27
27 28
28 29
29 30
30 31
31 32
32 33
33 34
34 35
35 36
36 37
37 38
38 39
39 40
40 41
41 42
42 43
43 44
44 45
45 46
46 47
47 48
48 49
49 50
50 51
51 52
52 53
53 54
54 55
55 56
56 57
57 58
58 59
59 0
36 46
39 48
32 49
5 18
7 21
35 39
18 31
33 46
28 59
24 31
0 22
7 19
0 32
54 57
3 32
0 23
52 55
42 48
47 49
29 39
7 15
1 5
23 26
37 45
23 59
48 52
30 35
7 18
50 58
28 39
48 57
42 45
8 17
41 43
36 39
33 47
5 32
31 33
5 16
53 57
7 12
9 15
8 12
52 58
33 49
25 28
53 58
32 59
2 4
24 30
37 43
1 6
23 28
55 57
7 17
20 31
6 16
51 58
7 13
36 45
28 57
2 5
42 47
25 30
7 20
22 31
9 12
23 27
2 32
40 43
49 58
52 56
34 36
43 45
9 16
42 46
9 14
20 22
37 39
6 22
49 52
39 57
0 2
1 22
9 17
30 34
38 43
50 52
11 14
7 22
48 56
40 48
29 35
10 14
28 58
41 48
18 32
53 55
19 31
23 25
30 33
32 58
23 31
7 16
4 32
34 46
5 17
11 13
7 14
25 29
39 43
26 28
