0 1
1 2
2 3
3 4
4 5
5 6
6 7
7 8
8 9
9 10
10 11
11 12
12 13
13 14
14 15
15 16
16 17
17 18
18 19
19 20
20 21
21 22
22 23
23 24
24 25
25 26
26 27
27 28
28 29
29 30
30 31
31 32
32 33
33 34
34 35
35 36
36 37
37 38
38 39
39 40
40 41
41 42
42 43
43 44
44 45
45 46
46 47
47 48
48 49
49 50
50 51
51 52
52 53
53 54
54 55
55 56
56 57
57 58
58 59
59 0
23 53
16 59
40 43
17 24
29 33
6 42
39 46
5 58
37 51
55 58
32 41
28 30
0 15
15 17
23 57
31 41
23 55
17 41
33 52
10 41
2 7
32 38
5 45
12 41
7 11
12 14
36 52
32 36
25 30
25 33
38 48
34 36
40 46
22 57
48 58
16 57
5 46
1 13
7 9
51 58
21 57
43 45
16 19
37 50
48 50
49 51
24 52
19 23
20 23
54 58
25 27
24 53
2 6
38 50
39 47
17 25
2 5
1 7
0 16
17 19
17 31
2 59
27 33
53 58
6 8
5 44
28 33
5 43
23 54
19 57
3 59
32 34
10 42
23 56
57 59
19 24
11 41
52 58
8 10
0 2
8 42
5 59
25 28
3 5
39 48
18 24
30 33
55 57
39 41
2 4
20 22
13 15
40 42
38 41
35 52
26 33
12 15
40 45
33 35
25 31
7 12
19 21
48 51
0 13
46 48
1 12
7 10
24 33
12 17
37 52
46 58
32 37
30 32
6 43
0 1
1 2
2 3
3 4
4 5
5 6
6 7
7 8
8 9
9 10
10 11
11 12
12 13
13 14
14 15
15 16
16 17
17 18
18 19
19 20
20 21
21 22
22 23
23 24
24 25
25 26
26 27
27 28
28 29
29 30
30 31
31 32
32 33
33 34
34 35
35 36
36 37
37 38
38 39
39 40
40 41
41 42
42 43
43 44
44 45
45 46
46 47
47 48
48 49
49 50
50 51
51 52
52 53
53 54
54 55
55 56
56 57
57 58
58 59
59 0
35 58
11 50
20 42
10 55
49 53
22 58
25 29
20 27
10 18
20 46
11 16
29 42
22 33
1 18
15 20
38 58
24 32
28 42
1 57
42 58
24 29
6 10
34 38
36 38
13 47
2 57
5 9
26 29
31 40
1 10
31 38
27 42
48 57
20 47
5 55
48 56
19 22
43 47
22 34
10 51
18 59
23 32
41 58
42 44
40 58
47 50
22 24
6 9
12 50
2 56
24 27
11 15
14 47
45 47
18 22
1 59
22 35
27 29
42 48
0 18
49 54
24 30
42 57
22 32
3 6
5 10
20 44
22 59
2 10
11 17
20 24
11 51
54 56
20 45
38 40
21 24
1 58
31 33
39 58
47 49
29 31
4 55
5 7
11 18
2 55
12 47
10 52
50 53
31 34
52 55
36 58
11 14
52 54
18 20
11 13
24 26
3 55
5 8
43 48
48 54
35 37
4 6
3 10
29 40
16 20
44 47
51 53
15 47
29 41
34 37
16 18
24 31
