0 1
1 2
2 3
3 4
4 5
5 6
6 7
7 8
8 9
9 10
10 11
11 12
12 13
13 14
14 15
15 16
16 17
17 18
18 19
19 20
20 21
21 22
22 23
23 24
24 25
25 26
26 27
27 28
28 29
29 30
30 31
31 32
32 33
33 34
34 35
35 36
36 37
37 38
38 39
39 40
40 41
41 42
42 43
43 44
44 45
45 46
46 47
47 48
48 49
49 50
50 51
51 52
52 53
53 54
54 55
55 56
56 57
57 58
58 59
59 0
41 57
14 19
36 40
0 38
16 56
30 52
42 57
1 30
16 25
27 56
7 12
26 29
15 57
14 30
35 48
2 8
26 56
24 26
45 48
12 14
16 18
3 14
34 50
2 59
40 58
45 57
35 42
2 10
45 52
14 17
44 47
13 15
52 56
27 53
33 51
6 8
33 35
8 11
48 52
32 52
30 38
24 29
21 25
26 28
31 52
27 30
2 4
14 24
10 15
17 19
5 7
34 49
41 58
32 36
35 44
27 54
43 57
19 24
34 48
18 20
35 43
15 56
53 56
31 38
8 12
0 2
23 25
32 38
39 59
16 20
38 40
9 11
5 8
2 9
24 30
10 59
52 57
35 41
27 55
44 48
2 30
22 24
33 50
20 22
48 50
46 48
0 30
10 57
10 58
16 26
37 40
11 15
4 14
3 30
5 12
54 56
44 57
30 53
22 25
28 30
20 25
12 15
38 59
50 52
44 46
14 16
20 24
33 36
32 51
4 12
40 59
32 37
36 41
2 5

0 1
1 2
2 3
3 4
4 5
5 6
6 7
7 8
8 9
9 10
10 11
11 12
12 13
13 14
14 15
15 16
16 17
17 18
18 19
19 20
20 21
21 22
22 23
23 24
24 25
25 26
26 27
27 28
28 29
29 30
30 31
31 32
32 33
33 34
34 35
35 36
36 37
37 38
38 39
39 40
40 41
41 42
42 43
43 44
44 45
45 46
46 47
47 48
48 49
49 50
50 51
51 52
52 53
53 54
54 55
55 56
56 57
57 58
58 59
59 0
30 44
5 56
51 57
2 13
40 43
11 56
19 38
17 57
26 32
21 35
30 56
31 41
12 30
22 27
46 55
12 27
43 48
18 40
0 56
43 50
19 21
18 50
2 12
14 57
47 52
32 39
17 51
22 26
45 56
19 27
15 27
47 50
29 32
3 9
56 59
1 14
3 7
14 59
12 56
35 38
21 26
21 27
36 39
14 58
15 19
20 38
6 56
45 55
10 56
21 34
47 54
42 44
51 53
32 34
26 34
16 57
7 9
2 11
30 32
4 6
35 39
51 54
47 51
41 44
9 56
18 51
44 56
34 39
2 14
24 27
51 55
32 40
3 10
8 56
56 58
12 28
43 49
28 32
0 3
18 38
46 54
30 41
35 37
47 49
26 33
0 5
37 39
23 26
31 40
3 11
16 19
52 54
18 43
14 27
3 5
43 47
40 42
55 57
1 3
20 35
13 27
23 27
18 39
45 47
3 6
1 59
12 29
27 32
43 45
25 27
7 56
