0 1
1 2
2 3
3 4
4 5
5 6
6 7
7 8
8 9
9 10
10 11
11 12
12 13
13 14
14 15
15 16
16 17
17 18
18 19
19 20
20 21
21 22
22 23
23 24
24 25
25 26
26 27
27 28
28 29
29 30
30 31
31 32
32 33
33 34
34 35
35 36
36 37
37 38
38 39
39 40
40 41
41 42
42 43
43 44
44 45
45 46
46 47
47 48
48 49
49 50
50 51
51 52
52 53
53 54
54 55
55 56
56 57
57 58
58 59
59 0
8 31
21 50
32 55
32 40
4 16
9 15
3 52
39 49
43 47
35 50
8 10
28 47
27 50
32 53
13 19
5 32
10 25
0 3
4 19
35 38
34 40
15 18
27 29
4 59
28 48
28 41
5 31
1 4
36 50
32 56
35 51
41 47
11 14
32 51
34 39
3 56
23 26
45 49
11 22
28 50
35 39
4 18
28 32
15 19
40 43
4 56
12 14
8 29
24 26
10 29
34 51
44 49
19 22
9 14
22 50
38 50
28 31
52 55
4 50
7 31
3 50
4 6
13 15
38 49
19 21
8 15
4 17
56 58
6 31
10 24
46 48
26 29
25 29
3 59
52 54
16 18
11 24
23 27
48 50
4 8
29 31
32 52
44 46
8 30
11 19
33 51
3 57
35 37
22 24
20 22
3 55
45 48
37 50
4 7
44 47
56 59
40 42
41 43
2 4
4 15
33 40
4 32
28 40
39 44
50 52
1 3
1 59
3 58
12 19
53 55
22 27
4 21
40 44
10 14
0 1
1 2
2 3
3 4
4 5
5 6
6 7
7 8
8 9
9 10
10 11
11 12
12 13
13 14
14 15
15 16
16 17
17 18
18 19
19 20
20 21
21 22
22 23
23 24
24 25
25 26
26 27
27 28
28 29
29 30
30 31
31 32
32 33
33 34
34 35
35 36
36 37
37 38
38 39
39 40
40 41
41 42
42 43
43 44
44 45
45 46
46 47
47 48
48 49
49 50
50 51
51 52
52 53
53 54
54 55
55 56
56 57
57 58
58 59
59 0
31 55
18 52
9 22
18 39
18 50
2 22
21 25
2 11
17 20
15 17
25 27
2 52
39 51
0 25
22 25
28 59
26 30
31 33
39 42
33 35
25 31
1 24
0 52
31 51
2 17
19 37
32 36
27 30
34 37
27 59
18 47
1 25
10 17
55 58
18 44
20 32
40 51
1 23
18 48
19 36
55 57
2 5
54 58
10 12
40 47
5 22
7 10
6 10
12 16
19 38
10 21
2 14
2 18
14 17
19 32
2 13
37 39
29 59
42 47
21 31
31 52
10 20
30 59
31 37
26 31
10 16
47 51
12 15
5 8
18 42
31 54
32 35
54 56
5 11
53 58
45 47
48 51
17 19
18 49
52 58
18 45
33 37
49 51
55 59
5 9
5 10
54 57
3 11
42 44
4 11
2 23
2 12
18 38
37 51
9 21
28 30
43 45
31 53
52 59
20 31
0 2
7 9
6 8
23 25
42 46
42 45
25 59
3 5
31 59
34 36
39 41
18 51
