0 1
1 2
2 3
3 4
4 5
5 6
6 7
7 8
8 9
9 10
10 11
11 12
12 13
13 14
14 15
15 16
16 17
17 18
18 19
19 20
20 21
21 22
22 23
23 24
24 25
25 26
26 27
27 28
28 29
29 30
30 31
31 32
32 33
33 34
34 35
35 36
36 37
37 38
38 39
39 40
40 41
41 42
42 43
43 44
44 45
45 46
46 47
47 48
48 49
49 50
50 51
51 52
52 53
53 54
54 55
55 56
56 57
57 58
58 59
59 0
14 39
6 43
22 28
5 39
11 19
40 52
41 49
17 39
40 42
48 58
43 45
43 47
32 35
37 40
2 58
10 24
32 39
20 29
11 14
53 57
9 26
46 59
8 37
52 57
20 23
2 39
11 18
7 9
20 31
1 6
6 11
9 27
1 46
23 27
33 39
21 23
0 46
19 32
21 29
43 48
11 39
37 43
14 16
39 53
50 52
34 36
34 37
51 57
29 32
8 27
23 28
9 11
10 26
49 52
10 20
56 58
2 6
40 49
10 25
12 14
15 17
32 36
45 47
15 39
32 37
11 17
0 58
11 20
11 13
3 6
53 55
2 56
6 44
7 11
8 28
18 39
22 29
4 39
37 42
6 8
47 58
24 26
30 32
8 32
34 39
37 39
13 17
28 32
19 39
41 43
8 43
5 11
39 55
14 17
19 31
2 55
1 44
1 45
24 27
39 52
54 57
20 24
55 57
51 58
20 30
38 40
49 51
43 49
32 34
3 39
46 58
0 2
48 51
3 5
0 1
1 2
2 3
3 4
4 5
5 6
6 7
7 8
8 9
9 10
10 11
11 12
12 13
13 14
14 15
15 16
16 17
17 18
18 19
19 20
20 21
21 22
22 23
23 24
24 25
25 26
26 27
27 28
28 29
29 30
30 31
31 32
32 33
33 34
34 35
35 36
36 37
37 38
38 39
39 40
40 41
41 42
42 43
43 44
44 45
45 46
46 47
47 48
48 49
49 50
50 51
51 52
52 53
53 54
54 55
55 56
56 57
57 58
58 59
59 0
25 35
20 22
39 42
2 17
1 32
13 25
40 50
12 43
3 46
4 15
0 35
28 31
7 46
13 38
14 19
49 59
1 19
35 38
3 47
25 30
0 39
42 49
46 49
13 35
33 35
27 32
36 39
26 30
0 3
1 24
11 43
25 27
20 25
2 15
40 55
1 27
0 49
53 58
19 22
40 54
3 7
0 57
21 24
8 13
7 43
43 46
53 56
50 53
29 31
41 50
52 59
17 19
52 58
5 8
2 19
0 40
10 12
35 39
8 15
40 56
31 34
30 35
4 7
36 38
10 43
38 42
31 33
7 44
2 18
42 50
50 54
13 42
50 59
26 28
9 43
3 49
44 46
42 46
0 33
46 48
5 7
4 6
13 43
19 23
8 12
22 24
1 25
7 45
30 34
14 25
21 25
40 57
9 12
2 16
8 14
3 15
14 20
15 19
19 24
47 49
54 56
5 15
57 59
28 30
1 3
39 41
51 53
1 33
51 59
27 31
35 37
16 19
