0 1
1 2
2 3
3 4
4 5
5 6
6 7
7 8
8 9
9 10
10 11
11 12
12 13
13 14
14 15
15 16
16 17
17 18
18 19
19 20
20 21
21 22
22 23
23 24
24 25
25 26
26 27
27 28
28 29
29 30
30 31
31 32
32 33
33 34
34 35
35 36
36 37
37 38
38 39
39 40
40 41
41 42
42 43
43 44
44 45
45 46
46 47
47 48
48 49
49 50
50 51
51 52
52 53
53 54
54 55
55 56
56 57
57 58
58 59
59 0
37 59
13 23
27 45
0 6
20 53
29 37
25 51
3 24
12 18
10 53
27 42
19 23
10 57
40 45
27 30
46 53
48 52
8 10
12 23
26 49
2 24
31 34
25 27
54 58
12 53
2 59
30 41
4 9
30 39
27 43
0 4
40 44
21 52
3 12
8 57
13 18
26 45
40 42
38 58
32 35
10 54
45 49
34 38
24 59
15 17
25 50
29 31
13 16
34 39
20 22
7 59
48 50
48 51
15 19
4 6
40 43
39 54
26 50
32 34
32 36
28 59
18 53
6 9
12 24
1 3
57 59
3 10
11 53
27 59
15 18
15 23
46 48
25 52
3 11
55 58
31 39
47 53
5 9
19 22
55 57
46 54
4 10
19 53
36 38
46 49
7 9
38 54
0 2
27 29
14 16
22 52
7 57
22 24
43 45
29 59
13 17
24 52
39 46
39 45
54 57
13 15
25 59
30 42
0 3
37 58
47 52
29 36
6 59
31 36
54 56
31 33
34 36
39 41
21 53

0 1
1 2
2 3
3 4
4 5
5 6
6 7
7 8
8 9
9 10
10 11
11 12
12 13
13 14
14 15
15 16
16 17
17 18
18 19
19 20
20 21
21 22
22 23
23 24
24 25
25 26
26 27
27 28
28 29
29 30
30 31
31 32
32 33
33 34
34 35
35 36
36 37
37 38
38 39
39 40
40 41
41 42
42 43
43 44
44 45
45 46
46 47
47 48
48 49
49 50
50 51
51 52
52 53
53 54
54 55
55 56
56 57
57 58
58 59
59 0
30 45
51 55
31 57
19 29
32 54
15 29
20 23
41 49
4 22
5 8
10 29
43 48
0 22
29 56
49 53
8 31
8 29
7 16
45 47
8 58
10 12
6 17
22 25
5 22
34 49
33 53
36 41
56 58
39 44
2 8
29 51
52 55
30 47
34 37
13 29
8 13
37 40
21 23
35 37
6 19
38 44
28 58
29 47
45 48
31 37
30 46
18 29
7 13
26 29
52 54
39 42
19 21
24 29
41 43
6 22
36 40
17 29
31 38
8 59
14 29
30 38
24 26
22 26
47 50
50 52
11 29
23 29
35 41
35 49
16 29
1 8
1 4
10 13
26 58
51 56
23 25
50 53
32 55
47 49
29 58
2 4
42 44
22 59
5 7
32 37
33 54
33 49
26 28
9 29
12 29
1 22
7 15
47 51
2 5
6 16
17 19
33 37
9 13
30 44
31 56
32 56
26 59
1 59
8 30
43 49
7 14
20 29
27 58
44 48
37 39
31 58
6 21
3 5
