0 1
1 2
2 3
3 4
4 5
5 6
6 7
7 8
8 9
9 10
10 11
11 12
12 13
13 14
14 15
15 16
16 17
17 18
18 19
19 20
20 21
21 22
22 23
23 24
24 25
25 26
26 27
27 28
28 29
29 30
30 31
31 32
32 33
33 34
34 35
35 36
36 37
37 38
38 39
39 40
40 41
41 42
42 43
43 44
44 45
45 46
46 47
47 48
48 49
49 50
50 51
51 52
52 53
53 54
54 55
55 56
56 57
57 58
58 59
59 0
5 26
10 59
13 27
0 50
6 21
32 52
30 34
53 56
7 21
43 49
3 59
32 36
5 37
27 59
54 56
8 15
40 48
51 56
1 39
32 38
39 52
32 37
5 7
0 51
44 47
51 54
3 8
27 56
13 25
30 32
43 51
33 36
14 17
28 36
40 46
13 21
51 55
5 36
39 50
10 27
3 7
44 46
52 54
3 9
10 14
27 58
29 34
3 10
3 39
1 59
2 39
37 39
27 57
41 43
41 44
0 58
38 52
8 10
28 56
17 20
0 39
29 36
5 22
7 17
24 26
26 28
28 52
4 37
14 16
39 42
5 28
13 20
7 15
49 51
29 32
13 19
43 47
10 12
11 14
21 24
29 52
10 13
8 14
4 39
41 46
1 3
12 14
22 26
30 33
33 35
40 50
17 19
46 48
29 35
0 56
39 51
0 57
22 24
29 31
52 56
7 20
13 17
13 24
42 51
47 49
25 27
40 49
41 45
3 5
7 16
23 26
40 42
6 22
13 18

0 1
1 2
2 3
3 4
4 5
5 6
6 7
7 8
8 9
9 10
10 11
11 12
12 13
13 14
14 15
15 16
16 17
17 18
18 19
19 20
20 21
21 22
22 23
23 24
24 25
25 26
26 27
27 28
28 29
29 30
30 31
31 32
32 33
33 34
34 35
35 36
36 37
37 38
38 39
39 40
40 41
41 42
42 43
43 44
44 45
45 46
46 47
47 48
48 49
49 50
50 51
51 52
52 53
53 54
54 55
55 56
56 57
57 58
58 59
59 0
11 58
3 55
13 51
4 7
2 56
32 53
27 42
21 57
18 49
24 32
12 17
12 53
2 59
35 46
40 43
24 42
2 55
18 51
39 44
24 30
18 23
7 55
6 58
29 38
21 58
25 29
6 59
42 49
18 22
7 10
12 55
4 55
32 46
12 58
46 52
24 57
12 18
6 10
13 16
32 57
1 6
46 53
30 37
29 39
57 59
18 58
6 8
50 52
10 55
6 9
53 55
30 36
2 4
45 48
2 57
10 58
11 55
34 46
48 50
40 44
37 44
17 51
2 6
12 15
28 39
44 48
24 31
19 22
24 49
18 21
25 28
15 17
13 52
32 55
27 41
13 15
19 21
18 24
21 23
32 54
31 36
28 41
26 42
48 52
25 42
36 45
23 57
30 38
35 45
32 35
45 47
31 35
20 22
0 2
36 44
18 50
42 48
0 6
13 53
32 56
4 6
25 30
7 9
43 48
39 41
47 52
38 44
2 5
16 51
32 34
33 46
