0 1
1 2
2 3
3 4
4 5
5 6
6 7
7 8
8 9
9 10
10 11
11 12
12 13
13 14
14 15
15 16
16 17
17 18
18 19
19 20
20 21
21 22
22 23
23 24
24 25
25 26
26 27
27 28
28 29
29 30
30 31
31 32
32 33
33 34
34 35
35 36
36 37
37 38
38 39
39 40
40 41
41 42
42 43
43 44
44 45
45 46
46 47
47 48
48 49
49 50
50 51
51 52
52 53
53 54
54 55
55 56
56 57
57 58
58 59
59 0
0 21
26 34
23 48
1 47
26 30
17 44
18 41
22 39
9 20
32 47
7 13
4 20
57 59
22 34
44 46
11 13
34 38
25 47
15 47
32 34
9 15
41 43
1 56
49 58
33 37
49 59
32 41
56 59
1 59
17 45
47 55
36 38
49 51
47 51
32 40
29 34
19 21
7 12
5 7
7 10
2 5
11 14
4 9
47 54
32 44
25 32
30 32
10 15
2 7
48 51
53 56
1 13
32 37
1 3
21 40
26 31
23 34
32 38
1 4
15 19
41 44
49 57
21 49
17 42
19 40
16 47
33 36
0 20
50 57
27 34
54 56
21 39
2 4
29 32
28 34
6 9
25 31
13 15
9 19
11 15
38 40
17 43
16 45
34 39
23 25
1 7
17 41
47 53
34 36
23 49
28 30
50 56
23 47
15 17
47 52
17 19
5 9
51 56
23 26
33 35
21 23
7 9
0 49
47 56
1 20
27 30
18 40
6 8
24 47
51 53
44 47
10 12
16 46
1 15

0 1
1 2
2 3
3 4
4 5
5 6
6 7
7 8
8 9
9 10
10 11
11 12
12 13
13 14
14 15
15 16
16 17
17 18
18 19
19 20
20 21
21 22
22 23
23 24
24 25
25 26
26 27
27 28
28 29
29 30
30 31
31 32
32 33
33 34
34 35
35 36
36 37
37 38
38 39
39 40
40 41
41 42
42 43
43 44
44 45
45 46
46 47
47 48
48 49
49 50
50 51
51 52
52 53
53 54
54 55
55 56
56 57
57 58
58 59
59 0
13 24
24 37
26 41
3 10
40 51
28 31
37 41
9 56
15 39
25 58
26 52
39 53
26 53
10 54
25 27
1 25
14 23
25 56
26 42
16 22
17 22
25 53
46 51
28 37
4 10
24 31
2 24
8 10
43 46
24 30
6 56
0 4
40 43
14 53
14 19
16 39
12 54
4 8
13 53
43 50
6 59
26 46
14 24
14 18
2 12
24 27
27 37
14 21
47 49
45 48
25 55
46 48
24 36
24 32
14 17
24 33
16 23
47 50
0 5
23 39
23 37
20 22
31 35
25 59
0 6
11 54
39 51
31 33
2 25
24 28
17 20
0 25
39 52
2 11
24 34
15 53
24 35
27 41
26 51
12 24
18 20
56 58
23 38
26 43
7 56
9 55
31 37
43 45
44 49
25 57
46 50
25 54
44 48
13 54
14 16
14 22
37 39
31 36
43 49
31 34
0 3
10 55
5 8
40 42
6 58
24 29
40 50
14 20
8 56
2 10
0 2
37 40
29 31
