0 1
1 2
2 3
3 4
4 5
5 6
6 7
7 8
8 9
9 10
10 11
11 12
12 13
13 14
14 15
15 16
16 17
17 18
18 19
19 20
20 21
21 22
22 23
23 24
24 25
25 26
26 27
27 28
28 29
29 30
30 31
31 32
32 33
33 34
34 35
35 36
36 37
37 38
38 39
39 40
40 41
41 42
42 43
43 44
44 45
45 46
46 47
47 48
48 49
49 50
50 51
51 52
52 53
53 54
54 55
55 56
56 57
57 58
58 59
59 0
44 56
22 40
3 57
1 28
17 55
34 43
3 27
11 14
28 32
32 36
5 21
36 43
40 55
5 20
3 25
30 56
6 57
30 58
49 56
26 37
21 24
5 18
4 21
5 19
32 37
8 14
41 50
32 35
1 27
27 32
41 54
8 15
45 49
36 42
3 59
9 17
11 15
23 37
15 17
8 55
8 16
18 22
18 55
48 56
1 58
44 49
46 48
10 12
5 16
42 49
7 16
18 21
9 11
41 55
37 42
0 2
41 52
9 15
51 54
8 13
18 20
22 24
11 13
28 31
4 25
7 55
30 43
40 42
4 6
23 40
23 39
4 24
29 31
23 38
18 40
49 55
6 16
30 57
32 34
30 32
57 59
50 54
0 58
46 49
28 30
30 33
45 56
50 52
27 37
28 58
45 48
23 26
47 49
42 44
4 57
50 55
37 39
24 26
9 12
35 43
16 18
7 56
2 27
25 27
7 57
30 34
0 3
41 53
9 13
51 53
42 50
43 56
9 55
37 40

0 1
1 2
2 3
3 4
4 5
5 6
6 7
7 8
8 9
9 10
10 11
11 12
12 13
13 14
14 15
15 16
16 17
17 18
18 19
19 20
20 21
21 22
22 23
23 24
24 25
25 26
26 27
27 28
28 29
29 30
30 31
31 32
32 33
33 34
34 35
35 36
36 37
37 38
38 39
39 40
40 41
41 42
42 43
43 44
44 45
45 46
46 47
47 48
48 49
49 50
50 51
51 52
52 53
53 54
54 55
55 56
56 57
57 58
58 59
59 0
47 55
35 37
31 56
17 56
33 44
15 30
21 43
43 55
19 24
10 14
25 39
19 29
14 17
6 30
4 12
46 54
4 17
32 45
18 56
21 42
21 41
20 22
2 58
30 35
31 59
6 14
4 56
51 55
37 41
47 53
4 59
27 39
21 55
47 56
38 40
16 19
47 54
5 10
6 59
49 52
7 14
45 55
24 41
24 39
31 33
8 10
26 28
28 38
56 59
34 36
29 35
32 47
27 38
31 35
12 14
3 56
6 15
45 54
19 21
1 3
23 41
4 14
34 41
32 46
52 55
5 59
36 41
24 28
5 9
29 37
6 9
1 4
47 51
0 4
7 10
7 9
19 30
32 44
48 53
24 29
20 24
25 28
24 40
43 45
19 56
22 41
34 42
16 30
48 52
48 51
53 55
31 47
29 38
19 55
33 35
56 58
20 23
17 19
4 10
33 43
10 13
3 58
48 50
14 16
1 59
30 59
4 11
33 42
26 39
2 59
38 41
49 51
