0 1
1 2
2 3
3 4
4 5
5 6
6 7
7 8
8 9
9 10
10 11
11 12
12 13
13 14
14 15
15 16
16 17
17 18
18 19
19 20
20 21
21 22
22 23
23 24
24 25
25 26
26 27
27 28
28 29
29 30
30 31
31 32
32 33
33 34
34 35
35 36
36 37
37 38
38 39
39 40
40 41
41 42
42 43
43 44
44 45
45 46
46 47
47 48
48 49
49 50
50 51
51 52
52 53
53 54
54 55
55 56
56 57
57 58
58 59
59 0
11 55
55 58
31 59
14 30
36 38
42 59
49 52
11 14
16 34
8 13
27 32
2 30
37 47
39 59
2 56
33 35
14 20
46 49
44 51
14 23
10 55
4 9
32 59
42 46
21 32
4 55
50 52
2 8
25 32
7 9
14 52
14 55
42 47
17 19
2 59
38 59
33 59
17 32
16 37
21 25
15 52
51 55
41 47
51 58
51 53
55 57
22 25
23 30
1 59
8 30
35 59
23 28
29 31
45 51
15 47
14 18
16 32
56 58
4 8
14 22
46 50
15 17
9 11
37 41
46 51
5 9
32 34
42 51
8 11
23 25
16 47
12 14
4 56
43 45
18 20
9 55
40 42
39 41
36 59
23 29
2 31
35 37
8 14
20 32
17 20
4 6
34 37
51 59
42 44
24 26
42 45
8 12
20 22
0 56
14 54
47 52
26 28
28 31
3 8
52 54
15 18
2 4
23 26
51 54
0 58
6 9
40 59
47 49
4 7
48 52
0 2
25 27
37 39
27 31

0 1
1 2
2 3
3 4
4 5
5 6
6 7
7 8
8 9
9 10
10 11
11 12
12 13
13 14
14 15
15 16
16 17
17 18
18 19
19 20
20 21
21 22
22 23
23 24
24 25
25 26
26 27
27 28
28 29
29 30
30 31
31 32
32 33
33 34
34 35
35 36
36 37
37 38
38 39
39 40
40 41
41 42
42 43
43 44
44 45
45 46
46 47
47 48
48 49
49 50
50 51
51 52
52 53
53 54
54 55
55 56
56 57
57 58
58 59
59 0
37 53
0 44
9 34
15 39
37 43
9 20
3 39
16 31
15 19
16 24
48 56
28 30
46 59
35 58
47 58
4 34
10 19
5 15
31 33
9 19
37 52
35 38
49 54
28 32
40 44
9 21
7 14
16 26
18 22
8 10
27 33
47 50
36 56
37 42
22 34
40 43
2 39
19 21
31 39
4 39
26 33
11 13
13 15
1 39
18 24
43 46
45 59
48 50
31 34
46 58
16 29
48 57
22 33
21 34
4 15
10 14
6 15
16 18
0 3
16 28
36 58
34 38
48 55
25 33
24 33
3 59
10 12
12 19
39 44
43 52
41 43
44 46
6 8
38 40
36 53
16 19
36 54
46 52
34 58
38 42
7 10
36 57
49 55
0 45
18 21
10 13
8 34
22 24
6 34
1 44
49 53
48 58
5 34
16 27
6 14
18 23
34 59
54 56
4 59
38 41
17 24
50 53
34 39
15 31
30 32
12 15
16 30
1 3
28 33
16 25
47 51
