0 1
1 2
2 3
3 4
4 5
5 6
6 7
7 8
8 9
9 10
10 11
11 12
12 13
13 14
14 15
15 16
16 17
17 18
18 19
19 20
20 21
21 22
22 23
23 24
24 25
25 26
26 27
27 28
28 29
29 30
30 31
31 32
32 33
33 34
34 35
35 36
36 37
37 38
38 39
39 40
40 41
41 42
42 43
43 44
44 45
45 46
46 47
47 48
48 49
49 50
50 51
51 52
52 53
53 54
54 55
55 56
56 57
57 58
58 59
59 0
42 55
12 24
15 21
5 19
27 56
20 22
11 14
12 54
12 58
4 10
8 18
25 38
27 59
39 47
42 44
34 41
29 38
11 17
0 20
32 56
41 45
36 41
29 31
31 35
17 19
52 55
25 54
7 19
8 17
24 26
0 22
11 58
10 59
31 38
4 59
43 50
38 52
14 24
5 9
45 47
48 50
51 55
34 42
7 9
19 21
39 48
8 10
33 55
34 36
27 38
6 19
15 24
34 55
23 27
46 49
39 45
35 37
21 24
48 52
27 58
31 34
44 50
11 16
12 55
1 4
23 59
11 15
5 7
27 31
24 54
56 58
2 20
0 4
36 39
31 56
44 49
25 27
3 20
10 58
28 30
42 45
36 40
12 14
28 38
27 30
31 37
43 51
47 49
55 58
38 53
8 19
0 2
5 10
23 26
22 24
2 4
22 59
43 55
37 39
15 17
10 17
32 55
15 19
50 52
25 53
38 48
4 20
31 33
5 20
53 55
27 57
44 46
11 13
40 45
0 1
1 2
2 3
3 4
4 5
5 6
6 7
7 8
8 9
9 10
10 11
11 12
12 13
13 14
14 15
15 16
16 17
17 18
18 19
19 20
20 21
21 22
22 23
23 24
24 25
25 26
26 27
27 28
28 29
29 30
30 31
31 32
32 33
33 34
34 35
35 36
36 37
37 38
38 39
39 40
40 41
41 42
42 43
43 44
44 45
45 46
46 47
47 48
48 49
49 50
50 51
51 52
52 53
53 54
54 55
55 56
56 57
57 58
58 59
59 0
37 54
53 58
30 55
11 39
8 22
6 59
4 47
43 52
11 20
21 35
28 58
4 50
13 22
22 29
2 50
10 40
6 10
11 21
11 19
43 53
42 47
40 47
54 56
23 25
29 32
49 51
10 12
6 27
45 52
50 53
46 48
38 54
8 27
55 57
31 54
49 52
12 17
16 22
7 27
12 22
1 53
2 6
34 54
40 53
23 28
6 8
2 59
8 23
6 40
4 49
29 35
30 57
43 46
12 16
31 55
34 37
22 35
21 39
10 39
18 20
11 18
41 43
45 48
30 58
28 59
17 21
16 21
38 40
9 12
33 35
45 49
43 47
36 38
9 22
4 48
6 28
4 6
26 28
51 53
54 57
1 59
1 50
35 38
3 5
33 54
25 28
24 28
53 57
53 59
13 16
35 39
13 15
15 22
4 40
3 6
8 25
18 21
6 9
32 35
44 52
8 26
41 53
0 53
41 47
3 50
29 58
32 54
22 28
30 32
43 45
14 22
40 54
12 18
