0 1
1 2
2 3
3 4
4 5
5 6
6 7
7 8
8 9
9 10
10 11
11 12
12 13
13 14
14 15
15 16
16 17
17 18
18 19
19 20
20 21
21 22
22 23
23 24
24 25
25 26
26 27
27 28
28 29
29 30
30 31
31 32
32 33
33 34
34 35
35 36
36 37
37 38
38 39
39 40
40 41
41 42
42 43
43 44
44 45
45 46
46 47
47 48
48 49
49 50
50 51
51 52
52 53
53 54
54 55
55 56
56 57
57 58
58 59
59 0
36 43
22 57
34 48
40 43
0 42
22 31
30 41
1 12
33 51
4 30
0 54
4 18
35 48
4 29
21 25
22 27
0 44
48 52
18 27
4 41
31 41
32 51
6 12
31 54
21 27
19 21
32 34
0 13
31 52
14 57
15 17
2 12
37 40
25 27
6 13
46 54
5 16
7 11
17 57
5 15
27 30
31 36
46 52
13 57
4 7
34 36
22 24
31 55
55 59
1 3
36 44
1 41
22 56
21 26
55 58
35 47
20 22
39 43
4 10
36 41
48 50
44 46
36 47
3 11
21 24
54 59
18 20
44 47
55 57
34 50
31 53
52 54
22 25
15 57
8 11
32 52
5 7
13 15
36 39
4 16
7 9
0 45
13 58
36 38
0 43
50 52
0 41
6 11
3 12
18 22
28 30
36 40
31 34
1 4
47 52
27 31
23 25
4 28
4 27
37 39
5 13
16 18
31 56
4 11
19 27
7 10
0 46
13 59
40 42
8 10
18 57
49 52
33 50
1 13

0 1
1 2
2 3
3 4
4 5
5 6
6 7
7 8
8 9
9 10
10 11
11 12
12 13
13 14
14 15
15 16
16 17
17 18
18 19
19 20
20 21
21 22
22 23
23 24
24 25
25 26
26 27
27 28
28 29
29 30
30 31
31 32
32 33
33 34
34 35
35 36
36 37
37 38
38 39
39 40
40 41
41 42
42 43
43 44
44 45
45 46
46 47
47 48
48 49
49 50
50 51
51 52
52 53
53 54
54 55
55 56
56 57
57 58
58 59
59 0
2 10
19 34
25 54
29 43
35 59
3 9
19 23
27 50
0 19
28 31
40 57
18 55
45 57
28 43
9 58
13 18
49 54
42 45
24 32
37 42
45 49
24 33
2 5
13 56
24 55
43 45
16 56
7 58
2 9
10 18
1 59
31 42
24 54
46 56
14 56
9 12
0 34
49 53
21 23
43 49
0 35
32 37
48 55
35 38
38 59
5 9
27 53
1 5
40 58
27 43
50 53
1 10
20 55
16 55
48 56
45 47
30 42
12 57
14 17
20 23
29 42
27 54
6 58
41 57
11 13
15 56
19 22
13 17
14 16
17 55
51 53
23 34
47 56
39 59
9 11
49 51
49 55
6 59
45 48
5 59
39 42
6 9
29 31
32 35
27 49
46 57
0 18
26 28
35 37
19 55
23 55
42 57
25 31
33 35
6 8
39 41
10 13
25 32
25 28
1 18
2 4
24 34
3 5
26 54
31 37
40 59
38 42
9 57
32 36
12 56
8 58
44 49
