0 1
1 2
2 3
3 4
4 5
5 6
6 7
7 8
8 9
9 10
10 11
11 12
12 13
13 14
14 15
15 16
16 17
17 18
18 19
19 20
20 21
21 22
22 23
23 24
24 25
25 26
26 27
27 28
28 29
29 30
30 31
31 32
32 33
33 34
34 35
35 36
36 37
37 38
38 39
39 40
40 41
41 42
42 43
43 44
44 45
45 46
46 47
47 48
48 49
49 50
50 51
51 52
52 53
53 54
54 55
55 56
56 57
57 58
58 59
59 0
29 54
15 32
32 49
6 54
24 59
16 32
10 44
14 19
16 30
5 11
11 37
2 23
39 46
13 35
1 55
42 44
50 53
11 14
32 34
35 39
10 48
42 46
7 10
11 35
13 32
18 24
2 6
31 53
24 27
17 29
9 51
10 47
24 54
40 42
47 49
23 59
33 47
37 41
1 56
49 53
26 54
3 22
8 51
9 49
50 52
45 47
19 22
18 23
37 40
20 22
10 43
24 58
34 47
3 14
14 21
1 59
2 55
6 8
5 14
56 59
27 54
10 49
27 29
29 31
36 38
18 27
2 54
32 47
31 54
52 54
15 19
4 14
16 31
11 41
35 47
51 54
11 42
3 6
4 6
39 47
49 51
11 36
14 22
13 15
0 2
15 18
16 29
37 39
55 57
14 20
25 54
7 11
18 29
12 14
18 22
18 28
56 58
13 34
2 22
2 59
7 9
35 38
42 45
11 43
55 58
54 58
40 46
10 45
6 11
31 49
12 35
6 51
25 27
16 18

0 1
1 2
2 3
3 4
4 5
5 6
6 7
7 8
8 9
9 10
10 11
11 12
12 13
13 14
14 15
15 16
16 17
17 18
18 19
19 20
20 21
21 22
22 23
23 24
24 25
25 26
26 27
27 28
28 29
29 30
30 31
31 32
32 33
33 34
34 35
35 36
36 37
37 38
38 39
39 40
40 41
41 42
42 43
43 44
44 45
45 46
46 47
47 48
48 49
49 50
50 51
51 52
52 53
53 54
54 55
55 56
56 57
57 58
58 59
59 0
8 10
28 48
46 55
22 27
53 56
47 50
6 21
22 45
25 41
7 20
9 18
24 45
5 10
47 55
18 57
35 42
28 46
31 37
37 42
35 37
4 56
24 43
22 28
22 56
2 56
9 11
3 58
1 58
29 42
19 57
27 30
29 44
28 53
18 20
7 21
3 5
30 40
43 45
30 33
22 24
15 57
21 55
31 36
31 34
3 57
28 47
30 41
41 43
22 26
29 35
3 13
12 16
1 57
14 57
3 56
21 56
2 57
28 51
3 10
29 45
12 15
27 41
4 21
20 57
39 41
30 38
29 34
28 52
16 57
31 35
9 16
22 46
51 53
6 10
28 56
26 41
5 21
9 20
2 58
0 58
50 54
22 57
28 50
23 26
31 38
29 33
28 45
30 39
53 55
21 46
24 41
39 42
17 57
0 57
9 17
47 54
3 12
23 25
3 11
38 42
57 59
28 30
29 43
9 12
48 50
28 49
13 57
21 57
30 32
8 20
31 33
