0 1
1 2
2 3
3 4
4 5
5 6
6 7
7 8
8 9
9 10
10 11
11 12
12 13
13 14
14 15
15 16
16 17
17 18
18 19
19 20
20 21
21 22
22 23
23 24
24 25
25 26
26 27
27 28
28 29
29 30
30 31
31 32
32 33
33 34
34 35
35 36
36 37
37 38
38 39
39 40
40 41
41 42
42 43
43 44
44 45
45 46
46 47
47 48
48 49
49 50
50 51
51 52
52 53
53 54
54 55
55 56
56 57
57 58
58 59
59 0
20 25
9 59
28 32
43 57
6 21
14 32
49 51
45 56
35 56
6 31
33 56
42 47
32 35
24 30
20 32
13 59
6 43
35 38
39 42
17 19
13 18
39 55
6 23
13 58
0 9
47 49
46 54
39 50
17 20
12 18
32 57
6 37
7 9
45 54
26 29
32 37
46 53
16 18
6 38
6 20
14 58
48 51
25 30
47 53
6 8
0 2
42 45
51 54
2 43
12 19
1 43
6 9
32 34
0 8
40 50
34 56
11 20
14 18
6 24
29 31
39 41
40 42
14 17
6 11
15 18
2 4
1 57
33 57
39 56
42 46
24 31
0 5
14 57
3 5
47 52
2 6
11 59
14 16
6 32
39 54
48 52
20 24
35 37
5 8
57 59
42 44
4 6
22 24
6 10
20 28
11 19
35 39
12 59
42 49
36 38
42 50
44 57
6 22
25 28
26 28
29 32
21 24
54 56
0 57
51 53
25 29
45 57
38 43
9 11
25 27
14 20
39 51
2 5
38 42
0 1
1 2
2 3
3 4
4 5
5 6
6 7
7 8
8 9
9 10
10 11
11 12
12 13
13 14
14 15
15 16
16 17
17 18
18 19
19 20
20 21
21 22
22 23
23 24
24 25
25 26
26 27
27 28
28 29
29 30
30 31
31 32
32 33
33 34
34 35
35 36
36 37
37 38
38 39
39 40
40 41
41 42
42 43
43 44
44 45
45 46
46 47
47 48
48 49
49 50
50 51
51 52
52 53
53 54
54 55
55 56
56 57
57 58
58 59
59 0
2 46
48 59
21 59
10 30
29 58
30 49
2 18
5 13
22 58
45 49
2 36
29 52
56 59
3 14
6 35
17 21
20 59
10 34
2 42
49 56
13 29
40 43
6 13
34 39
30 33
30 51
34 38
39 49
38 40
2 37
7 11
16 21
10 12
49 54
21 26
39 44
10 33
0 18
33 39
14 21
7 35
14 29
7 13
19 21
3 35
24 58
3 15
23 58
21 58
3 16
21 27
46 48
3 36
2 45
52 56
29 56
31 49
45 47
4 35
29 51
3 17
1 59
22 25
21 25
31 33
30 50
11 13
10 13
37 42
30 32
27 29
1 46
23 25
41 43
31 39
49 59
50 52
2 44
21 29
37 40
1 48
8 10
49 53
56 58
18 59
26 58
10 29
18 20
8 34
39 43
34 36
5 14
8 11
25 58
53 55
27 58
50 53
8 35
53 56
3 18
45 48
44 49
4 14
15 21
18 21
37 41
1 18
49 55
29 57
28 58
9 34
5 35
34 37
