0 1
1 2
2 3
3 4
4 5
5 6
6 7
7 8
8 9
9 10
10 11
11 12
12 13
13 14
14 15
15 16
16 17
17 18
18 19
19 20
20 21
21 22
22 23
23 24
24 25
25 26
26 27
27 28
28 29
29 30
30 31
31 32
32 33
33 34
34 35
35 36
36 37
37 38
38 39
39 40
40 41
41 42
42 43
43 44
44 45
45 46
46 47
47 48
48 49
49 50
50 51
51 52
52 53
53 54
54 55
55 56
56 57
57 58
58 59
59 0
11 30
2 35
5 38
4 6
10 18
4 31
7 20
47 51
22 31
22 26
46 52
6 32
5 54
27 30
45 57
2 37
2 38
42 53
7 30
51 56
7 31
19 25
11 15
46 48
13 27
38 54
10 15
0 58
39 57
14 19
22 28
10 30
32 36
13 19
12 14
16 18
51 53
9 18
34 36
51 54
44 46
7 19
41 43
46 49
31 33
1 38
41 53
6 30
32 37
8 18
13 26
47 57
22 24
1 39
2 36
3 57
39 44
19 23
3 35
16 19
3 5
19 24
1 58
48 50
24 26
3 33
54 56
3 54
1 3
40 43
3 31
45 47
43 53
27 29
41 54
47 56
22 27
3 34
20 22
3 55
19 26
43 46
50 52
57 59
30 32
12 15
40 54
44 57
22 29
55 57
10 16
48 51
6 31
6 37
14 16
39 43
49 52
19 21
19 22
3 59
29 31
7 9
39 54
7 22
7 18
43 52
33 36
9 30
5 37
17 19
39 58
11 13
11 27
0 3

0 1
1 2
2 3
3 4
4 5
5 6
6 7
7 8
8 9
9 10
10 11
11 12
12 13
13 14
14 15
15 16
16 17
17 18
18 19
19 20
20 21
21 22
22 23
23 24
24 25
25 26
26 27
27 28
28 29
29 30
30 31
31 32
32 33
33 34
34 35
35 36
36 37
37 38
38 39
39 40
40 41
41 42
42 43
43 44
44 45
45 46
46 47
47 48
48 49
49 50
50 51
51 52
52 53
53 54
54 55
55 56
56 57
57 58
58 59
59 0
2 39
25 56
25 31
27 40
42 52
19 58
44 48
2 34
25 28
42 46
0 2
25 27
13 58
4 18
42 58
38 40
3 32
48 56
30 38
39 42
28 30
21 24
7 11
7 59
52 57
4 24
17 58
8 10
37 39
41 47
43 49
42 50
26 56
12 17
24 31
52 54
56 58
32 35
6 17
20 25
52 58
4 21
50 55
32 34
41 56
0 4
4 23
31 36
3 24
30 36
8 17
5 17
54 57
27 41
15 58
0 6
10 12
50 53
12 58
29 38
28 31
18 20
45 48
0 39
40 42
25 58
42 49
4 22
24 32
42 45
2 4
36 39
9 12
7 58
43 48
11 58
21 25
6 8
26 41
43 45
28 40
31 35
35 39
18 21
2 33
34 39
50 54
42 51
7 10
1 4
28 38
18 58
41 46
13 15
5 18
13 16
12 16
48 55
0 7
42 59
30 37
16 58
39 59
20 58
14 58
8 12
49 55
21 23
41 48
0 5
2 32
