0 1
1 2
2 3
3 4
4 5
5 6
6 7
7 8
8 9
9 10
10 11
11 12
12 13
13 14
14 15
15 16
16 17
17 18
18 19
19 20
20 21
21 22
22 23
23 24
24 25
25 26
26 27
27 28
28 29
29 30
30 31
31 32
32 33
33 34
34 35
35 36
36 37
37 38
38 39
39 40
40 41
41 42
42 43
43 44
44 45
45 46
46 47
47 48
48 49
49 50
50 51
51 52
52 53
53 54
54 55
55 56
56 57
57 58
58 59
59 0
6 26
37 57
1 16
18 22
28 33
28 44
44 53
43 52
29 32
23 29
11 22
29 33
23 33
35 43
20 57
33 44
45 47
20 35
26 29
26 59
40 55
40 42
46 51
2 11
2 26
54 56
43 50
23 25
45 49
0 2
53 56
4 26
19 58
38 40
36 40
2 15
18 59
22 35
11 16
26 53
17 59
11 13
19 21
26 44
40 53
8 11
21 35
37 39
11 26
22 34
2 8
2 7
41 53
24 26
12 14
16 18
30 32
11 14
28 31
18 21
56 58
37 56
38 56
44 46
45 48
16 22
8 10
2 16
26 56
36 42
8 26
37 40
11 23
2 9
3 6
40 54
27 29
33 43
26 28
19 57
1 59
2 6
7 26
33 35
36 57
50 52
1 17
0 26
22 33
2 13
28 30
35 57
26 58
46 49
43 53
42 53
43 49
36 43
9 11
14 16
49 51
2 14
51 53
2 4
47 49
25 29
46 53
18 58
40 56
43 45
28 32
4 6
23 26
5 26
0 1
1 2
2 3
3 4
4 5
5 6
6 7
7 8
8 9
9 10
10 11
11 12
12 13
13 14
14 15
15 16
16 17
17 18
18 19
19 20
20 21
21 22
22 23
23 24
24 25
25 26
26 27
27 28
28 29
29 30
30 31
31 32
32 33
33 34
34 35
35 36
36 37
37 38
38 39
39 40
40 41
41 42
42 43
43 44
44 45
45 46
46 47
47 48
48 49
49 50
50 51
51 52
52 53
53 54
54 55
55 56
56 57
57 58
58 59
59 0
19 48
11 34
19 30
4 47
48 58
32 45
7 54
10 44
19 28
1 58
16 23
9 18
13 15
27 33
20 22
39 43
8 19
9 46
36 44
34 45
7 59
30 33
13 26
3 47
27 34
50 57
34 36
4 46
52 54
24 28
10 36
19 31
2 47
11 18
52 57
35 44
54 58
8 50
2 58
14 18
37 43
48 57
16 19
54 57
16 20
4 59
7 51
19 24
38 41
19 47
21 24
31 47
8 46
37 44
9 19
13 27
4 7
5 7
32 47
34 44
22 24
55 58
31 33
10 34
7 46
24 27
1 3
48 50
15 25
7 58
36 39
15 24
37 42
14 17
5 59
15 17
55 57
0 4
49 57
10 46
13 18
32 46
37 41
53 57
1 4
10 45
7 50
39 42
19 50
17 19
13 34
0 58
32 34
10 39
36 38
39 44
6 59
20 24
2 48
51 54
16 24
19 29
10 18
20 23
12 18
51 57
13 25
12 34
27 30
25 27
39 41
