0 1
1 2
2 3
3 4
4 5
5 6
6 7
7 8
8 9
9 10
10 11
11 12
12 13
13 14
14 15
15 16
16 17
17 18
18 19
19 20
20 21
21 22
22 23
23 24
24 25
25 26
26 27
27 28
28 29
29 30
30 31
31 32
32 33
33 34
34 35
35 36
36 37
37 38
38 39
39 40
40 41
41 42
42 43
43 44
44 45
45 46
46 47
47 48
48 49
49 50
50 51
51 52
52 53
53 54
54 55
55 56
56 57
57 58
58 59
59 0
7 46
4 58
24 34
8 33
0 35
0 46
42 46
52 58
13 38
7 44
16 20
21 29
17 30
26 32
8 17
5 57
13 35
23 28
50 55
2 7
16 23
25 33
25 32
41 44
47 55
1 59
12 14
18 29
35 41
26 30
7 11
14 23
18 30
46 49
49 51
20 22
7 55
7 34
8 11
7 47
52 56
27 29
11 15
4 7
18 20
36 41
37 39
19 29
9 15
13 37
10 15
15 23
50 52
54 56
4 59
7 12
9 17
40 44
13 36
12 40
3 7
37 41
24 27
0 41
13 34
14 34
23 34
38 40
50 54
55 57
25 34
6 55
51 59
30 33
13 40
4 6
49 55
2 35
16 22
42 44
7 45
26 29
5 55
56 58
7 40
22 28
39 41
53 56
46 48
0 2
2 4
52 59
1 4
20 29
15 17
52 54
8 30
8 34
46 51
0 51
17 20
26 31
21 28
47 49
2 34
9 11
4 57
42 45
11 14
23 27
31 33
25 27
41 46
41 43

0 1
1 2
2 3
3 4
4 5
5 6
6 7
7 8
8 9
9 10
10 11
11 12
12 13
13 14
14 15
15 16
16 17
17 18
18 19
19 20
20 21
21 22
22 23
23 24
24 25
25 26
26 27
27 28
28 29
29 30
30 31
31 32
32 33
33 34
34 35
35 36
36 37
37 38
38 39
39 40
40 41
41 42
42 43
43 44
44 45
45 46
46 47
47 48
48 49
49 50
50 51
51 52
52 53
53 54
54 55
55 56
56 57
57 58
58 59
59 0
5 50
35 45
7 54
27 41
15 22
15 20
25 49
14 33
3 50
16 25
2 53
13 50
39 44
16 31
31 34
41 47
14 53
34 39
55 58
33 50
15 32
28 40
1 3
21 24
0 54
8 50
33 53
12 54
27 47
29 31
8 13
1 55
34 47
40 43
19 25
35 44
34 40
2 51
29 34
27 48
0 4
9 12
4 50
8 12
25 50
16 19
39 43
22 50
1 57
17 19
25 28
36 39
35 37
48 50
53 55
54 58
36 44
25 30
15 50
15 18
35 39
13 15
20 24
34 46
25 31
0 3
35 38
2 55
51 53
45 47
9 13
34 48
20 25
6 50
10 12
25 48
26 48
15 33
13 54
16 32
43 45
42 47
23 25
33 51
2 50
33 52
15 21
0 58
22 24
26 28
5 54
32 34
5 7
14 54
40 42
27 40
34 45
28 34
34 50
0 5
22 25
11 13
28 30
1 58
43 47
1 56
16 18
15 19
54 59
10 13
36 38
7 50
8 54
