0 1
1 2
2 3
3 4
4 5
5 6
6 7
7 8
8 9
9 10
10 11
11 12
12 13
13 14
14 15
15 16
16 17
17 18
18 19
19 20
20 21
21 22
22 23
23 24
24 25
25 26
26 27
27 28
28 29
29 30
30 31
31 32
32 33
33 34
34 35
35 36
36 37
37 38
38 39
39 40
40 41
41 42
42 43
43 44
44 45
45 46
46 47
47 48
48 49
49 50
50 51
51 52
52 53
53 54
54 55
55 56
56 57
57 58
58 59
59 0
30 58
5 54
24 41
6 48
38 51
6 58
10 24
30 41
28 41
7 58
6 20
30 53
40 46
47 49
38 41
17 22
31 34
30 57
20 48
30 56
12 16
35 51
10 58
40 49
11 24
13 17
13 20
30 54
24 29
13 16
31 53
22 43
1 3
7 12
30 32
3 6
22 48
1 4
44 46
39 51
13 19
30 34
11 16
13 15
8 12
1 56
5 55
30 55
24 27
7 20
0 58
37 51
45 47
6 52
34 53
44 48
41 44
3 5
28 30
35 38
6 51
30 33
6 54
2 4
16 22
1 55
3 59
18 22
32 34
43 48
1 5
14 17
6 59
7 10
40 50
23 43
42 44
23 42
26 29
0 56
18 20
39 41
17 19
56 58
44 47
12 20
29 58
41 46
1 59
6 50
24 28
10 29
11 22
34 38
6 49
11 23
40 51
35 52
24 26
34 52
30 38
8 10
6 53
46 49
14 16
35 37
21 48
7 9
36 51
26 28
8 11
20 22
24 42
25 27

0 1
1 2
2 3
3 4
4 5
5 6
6 7
7 8
8 9
9 10
10 11
11 12
12 13
13 14
14 15
15 16
16 17
17 18
18 19
19 20
20 21
21 22
22 23
23 24
24 25
25 26
26 27
27 28
28 29
29 30
30 31
31 32
32 33
33 34
34 35
35 36
36 37
37 38
38 39
39 40
40 41
41 42
42 43
43 44
44 45
45 46
46 47
47 48
48 49
49 50
50 51
51 52
52 53
53 54
54 55
55 56
56 57
57 58
58 59
59 0
21 52
18 44
4 7
9 14
18 56
17 54
9 18
22 37
31 47
26 34
36 41
21 43
36 43
20 44
24 47
24 51
18 52
44 51
20 56
6 14
10 14
36 39
4 17
2 57
24 36
6 8
2 8
22 38
36 42
34 43
29 32
3 58
2 7
26 30
54 57
21 38
23 37
20 52
4 54
21 44
24 34
6 17
45 49
44 50
14 18
12 14
9 56
39 42
34 45
28 33
32 45
46 48
6 16
19 44
25 47
6 10
0 57
57 59
11 13
54 56
5 17
26 47
34 36
30 47
37 39
6 9
18 51
2 59
48 50
10 12
48 51
24 35
23 36
4 58
2 9
28 32
27 30
32 46
0 2
6 11
22 24
21 51
31 46
43 45
52 54
21 39
21 24
27 29
11 14
26 33
33 45
9 57
52 56
53 55
24 48
29 31
6 15
2 58
15 18
54 58
27 33
4 6
18 54
25 34
19 56
53 56
15 17
45 50
45 48
40 42
21 42
3 7
36 40
1 57
