0 1
1 2
2 3
3 4
4 5
5 6
6 7
7 8
8 9
9 10
10 11
11 12
12 13
13 14
14 15
15 16
16 17
17 18
18 19
19 20
20 21
21 22
22 23
23 24
24 25
25 26
26 27
27 28
28 29
29 30
30 31
31 32
32 33
33 34
34 35
35 36
36 37
37 38
38 39
39 40
40 41
41 42
42 43
43 44
44 45
45 46
46 47
47 48
48 49
49 50
50 51
51 52
52 53
53 54
54 55
55 56
56 57
57 58
58 59
59 0
38 49
11 14
12 37
13 32
12 34
4 6
10 27
4 11
0 53
10 32
34 58
4 9
38 51
36 42
15 29
14 31
1 38
56 58
20 29
1 6
15 22
22 24
42 49
36 41
36 53
54 59
5 8
34 54
14 23
21 24
2 38
25 29
7 59
47 53
11 26
56 59
36 40
32 34
36 38
38 52
10 28
29 31
2 6
34 59
15 30
55 58
2 11
8 10
9 11
42 44
25 27
48 53
44 49
33 59
45 47
44 48
11 23
6 8
38 41
19 29
25 28
48 50
36 47
10 29
21 25
17 22
18 21
14 22
36 45
42 45
36 39
12 35
35 37
51 53
34 55
35 54
45 48
11 25
36 54
13 34
36 46
16 19
38 40
11 24
1 53
13 31
17 21
5 9
7 32
38 50
10 26
48 51
2 4
2 12
3 6
11 13
21 29
7 10
53 59
0 6
38 53
6 59
55 59
29 32
38 42
12 38
7 33
16 22
16 29
16 18
57 59
15 31
43 45
19 21
0 1
1 2
2 3
3 4
4 5
5 6
6 7
7 8
8 9
9 10
10 11
11 12
12 13
13 14
14 15
15 16
16 17
17 18
18 19
19 20
20 21
21 22
22 23
23 24
24 25
25 26
26 27
27 28
28 29
29 30
30 31
31 32
32 33
33 34
34 35
35 36
36 37
37 38
38 39
39 40
40 41
41 42
42 43
43 44
44 45
45 46
46 47
47 48
48 49
49 50
50 51
51 52
52 53
53 54
54 55
55 56
56 57
57 58
58 59
59 0
0 3
21 35
24 33
3 46
30 59
51 57
6 11
21 28
1 8
6 21
42 52
43 52
50 58
30 38
8 13
6 20
46 52
28 59
15 19
0 16
30 56
0 14
0 2
30 41
4 45
50 52
53 57
43 46
42 53
14 20
4 36
16 59
19 28
3 8
48 59
48 58
4 41
1 14
0 15
47 49
30 32
1 3
33 38
31 38
4 21
30 33
21 27
4 7
26 33
4 38
46 50
14 19
6 10
4 40
23 34
35 38
34 38
50 57
6 13
16 28
13 20
10 13
30 39
28 33
17 19
46 48
22 35
3 45
30 58
15 17
3 48
23 25
5 7
1 13
17 28
52 57
6 12
39 41
28 30
22 25
41 44
41 56
18 28
42 56
25 33
3 7
22 34
3 59
53 56
27 33
29 59
5 21
6 9
49 58
53 55
22 27
4 44
21 36
20 28
4 39
54 57
55 57
41 43
44 46
4 37
31 33
23 33
22 26
10 12
47 50
9 13
30 57
7 9
