0 1
1 2
2 3
3 4
4 5
5 6
6 7
7 8
8 9
9 10
10 11
11 12
12 13
13 14
14 15
15 16
16 17
17 18
18 19
19 20
20 21
21 22
22 23
23 24
24 25
25 26
26 27
27 28
28 29
29 30
30 31
31 32
32 33
33 34
34 35
35 36
36 37
37 38
38 39
39 40
40 41
41 42
42 43
43 44
44 45
45 46
46 47
47 48
48 49
49 50
50 51
51 52
52 53
53 54
54 55
55 56
56 57
57 58
58 59
59 0
3 32
25 52
43 46
10 28
5 29
8 59
12 20
19 21
32 42
29 39
10 56
51 59
41 50
16 53
53 57
43 45
51 53
39 50
14 53
4 31
32 59
32 44
28 52
33 40
4 6
29 36
42 49
17 52
46 48
10 23
1 3
7 29
29 31
4 8
29 34
33 39
10 29
7 10
45 49
26 52
28 51
10 22
14 20
53 56
13 56
54 56
21 25
41 49
29 35
49 51
7 9
5 30
32 41
22 24
11 56
56 59
18 52
2 8
29 33
51 58
3 8
23 25
36 38
0 8
13 53
42 47
25 27
26 28
0 32
20 22
18 25
11 13
42 46
34 38
17 20
46 49
42 44
28 39
21 24
33 41
18 20
44 51
33 38
29 37
44 49
31 33
37 39
15 17
13 20
12 22
32 51
4 32
55 57
10 59
23 28
56 58
23 27
10 12
53 55
6 29
28 50
4 7
1 8
16 52
51 57
39 41
35 38
9 59
0 3
5 31
18 21
42 48
14 17
14 16
0 1
1 2
2 3
3 4
4 5
5 6
6 7
7 8
8 9
9 10
10 11
11 12
12 13
13 14
14 15
15 16
16 17
17 18
18 19
19 20
20 21
21 22
22 23
23 24
24 25
25 26
26 27
27 28
28 29
29 30
30 31
31 32
32 33
33 34
34 35
35 36
36 37
37 38
38 39
39 40
40 41
41 42
42 43
43 44
44 45
45 46
46 47
47 48
48 49
49 50
50 51
51 52
52 53
53 54
54 55
55 56
56 57
57 58
58 59
59 0
36 43
35 45
8 52
37 45
17 53
0 9
13 34
21 31
33 44
26 31
45 52
13 59
30 50
30 32
14 58
23 31
16 32
30 44
4 9
3 59
6 52
3 5
15 53
12 35
21 53
27 50
8 45
30 48
24 51
52 55
21 52
25 51
23 51
19 31
54 57
22 31
55 58
30 47
27 51
15 57
34 36
14 33
28 31
37 42
9 45
15 33
38 44
7 52
13 58
2 59
18 53
3 52
21 23
37 43
3 9
30 33
0 10
36 45
24 26
10 13
34 44
30 46
15 54
39 42
16 19
52 54
11 45
21 51
27 30
20 31
14 34
37 40
45 47
24 31
48 50
48 51
19 53
6 8
44 46
16 31
9 11
47 52
36 44
52 58
6 9
15 58
52 59
27 31
38 43
2 9
38 42
0 13
37 44
12 45
30 49
13 35
40 42
0 2
1 59
20 53
17 19
27 29
15 32
28 30
48 52
37 41
5 52
26 51
38 40
5 9
