0 1
1 2
2 3
3 4
4 5
5 6
6 7
7 8
8 9
9 10
10 11
11 12
12 13
13 14
14 15
15 16
16 17
17 18
18 19
19 20
20 21
21 22
22 23
23 24
24 25
25 26
26 27
27 28
28 29
29 30
30 31
31 32
32 33
33 34
34 35
35 36
36 37
37 38
38 39
39 40
40 41
41 42
42 43
43 44
44 45
45 46
46 47
47 48
48 49
49 50
50 51
51 52
52 53
53 54
54 55
55 56
56 57
57 58
58 59
59 0
31 54
31 43
6 9
9 30
5 40
26 37
46 52
42 45
13 24
50 52
8 10
3 48
27 29
19 38
12 26
49 59
7 19
20 38
31 36
14 19
35 37
13 22
13 23
42 47
5 19
10 26
13 17
51 56
20 24
40 42
34 41
0 30
32 34
4 9
11 19
3 5
35 39
26 29
28 30
5 42
31 37
54 57
0 2
51 53
41 43
29 37
11 13
18 20
43 53
20 26
30 58
5 47
30 37
44 46
51 58
1 3
53 55
20 23
2 59
47 50
18 21
32 36
31 53
15 17
42 44
14 17
5 38
1 9
34 36
10 28
8 19
14 18
17 21
24 26
7 9
46 53
30 57
16 18
53 56
0 58
11 14
2 49
5 48
3 49
47 49
44 53
35 38
35 40
1 4
4 6
42 46
13 25
31 41
35 41
51 59
21 23
6 19
9 28
13 21
30 54
31 33
15 18
38 40
12 25
50 59
8 11
26 38
31 34
10 27
11 26
51 57
54 56
1 30
47 52
0 1
1 2
2 3
3 4
4 5
5 6
6 7
7 8
8 9
9 10
10 11
11 12
12 13
13 14
14 15
15 16
16 17
17 18
18 19
19 20
20 21
21 22
22 23
23 24
24 25
25 26
26 27
27 28
28 29
29 30
30 31
31 32
32 33
33 34
34 35
35 36
36 37
37 38
38 39
39 40
40 41
41 42
42 43
43 44
44 45
45 46
46 47
47 48
48 49
49 50
50 51
51 52
52 53
53 54
54 55
55 56
56 57
57 58
58 59
59 0
20 59
1 26
20 25
45 53
24 59
5 9
5 13
33 37
40 52
11 18
35 59
39 52
26 28
26 57
35 45
6 8
25 35
53 59
18 59
26 55
40 45
16 19
36 45
54 59
32 35
0 11
39 43
38 45
19 26
48 52
27 35
39 42
50 53
28 35
6 11
36 38
38 44
30 35
21 25
13 19
25 27
2 9
29 35
48 53
23 59
33 55
21 24
29 32
39 54
30 32
12 15
3 19
21 59
14 16
43 45
54 58
2 4
5 12
2 11
1 11
2 26
33 54
29 33
39 53
38 54
12 16
39 44
5 7
3 26
49 53
24 35
4 19
19 25
0 26
13 15
12 17
48 50
45 47
5 8
17 19
39 41
0 18
31 35
55 58
40 48
2 5
45 48
26 56
5 11
26 58
34 37
28 55
41 45
33 38
40 46
46 48
2 10
9 11
56 58
13 16
4 13
11 17
29 55
22 24
22 59
45 59
26 59
33 35
48 51
19 59
