0 1
1 2
2 3
3 4
4 5
5 6
6 7
7 8
8 9
9 10
10 11
11 12
12 13
13 14
14 15
15 16
16 17
17 18
18 19
19 20
20 21
21 22
22 23
23 24
24 25
25 26
26 27
27 28
28 29
29 30
30 31
31 32
32 33
33 34
34 35
35 36
36 37
37 38
38 39
39 40
40 41
41 42
42 43
43 44
44 45
45 46
46 47
47 48
48 49
49 50
50 51
51 52
52 53
53 54
54 55
55 56
56 57
57 58
58 59
59 0
0 5
9 46
13 46
41 44
11 49
25 28
39 42
14 17
4 59
6 46
29 44
21 40
36 44
51 53
13 22
23 28
12 49
10 56
47 59
34 39
25 27
0 47
13 41
23 47
16 18
48 56
25 47
23 27
13 20
37 39
48 51
28 30
7 57
13 23
12 48
7 58
53 56
47 56
11 55
50 55
45 47
28 47
17 20
54 56
21 41
21 28
49 51
16 21
30 32
0 3
23 25
29 34
57 59
33 39
29 33
47 57
29 31
0 4
34 44
13 45
26 28
14 41
38 44
9 12
22 28
11 56
35 39
7 9
15 21
2 59
28 45
16 19
50 54
16 20
8 10
28 44
13 21
21 30
12 46
0 2
4 6
15 17
52 54
1 3
14 21
36 39
6 9
13 44
37 44
3 59
17 19
12 23
29 32
39 44
14 20
48 53
24 47
33 40
21 33
30 33
6 58
4 58
34 36
0 6
41 43
39 43
49 55
7 56
39 41
8 56
9 11
6 47
12 47
51 54

0 1
1 2
2 3
3 4
4 5
5 6
6 7
7 8
8 9
9 10
10 11
11 12
12 13
13 14
14 15
15 16
16 17
17 18
18 19
19 20
20 21
21 22
22 23
23 24
24 25
25 26
26 27
27 28
28 29
29 30
30 31
31 32
32 33
33 34
34 35
35 36
36 37
37 38
38 39
39 40
40 41
41 42
42 43
43 44
44 45
45 46
46 47
47 48
48 49
49 50
50 51
51 52
52 53
53 54
54 55
55 56
56 57
57 58
58 59
59 0
14 36
20 29
19 50
25 48
6 53
6 54
3 7
19 54
29 48
17 54
43 47
2 11
14 42
38 46
3 11
0 54
24 29
32 47
23 29
17 59
22 48
50 53
56 59
42 49
16 29
38 40
40 43
10 50
44 46
10 12
35 37
3 8
16 32
11 13
14 32
55 59
10 51
39 46
23 48
44 47
19 29
13 59
56 58
37 41
20 23
0 58
14 50
26 48
29 47
36 42
9 52
18 54
19 48
14 33
5 54
0 13
12 50
37 46
2 4
24 27
20 22
35 46
0 55
2 13
27 48
32 34
37 42
21 23
15 59
28 48
42 47
19 49
1 54
0 56
24 26
35 47
15 32
40 46
8 52
19 53
6 8
4 54
17 29
31 47
3 9
40 42
10 52
14 59
2 54
14 35
3 6
24 48
19 22
12 14
16 31
32 35
33 35
0 57
17 55
40 45
42 50
38 41
18 29
3 5
40 44
47 49
30 47
50 52
24 28
6 52
16 59
3 10
1 13
16 30
