0 1
1 2
2 3
3 4
4 5
5 6
6 7
7 8
8 9
9 10
10 11
11 12
12 13
13 14
14 15
15 16
16 17
17 18
18 19
19 20
20 21
21 22
22 23
23 24
24 25
25 26
26 27
27 28
28 29
29 30
30 31
31 32
32 33
33 34
34 35
35 36
36 37
37 38
38 39
39 40
40 41
41 42
42 43
43 44
44 45
45 46
46 47
47 48
48 49
49 50
50 51
51 52
52 53
53 54
54 55
55 56
56 57
57 58
58 59
59 0
21 39
4 39
8 19
10 46
20 28
9 55
37 41
19 29
15 37
2 42
55 59
44 49
46 53
44 57
9 54
23 38
3 39
28 37
21 25
50 57
0 6
9 17
31 33
31 37
2 4
12 37
2 57
51 56
23 27
28 35
47 53
6 55
31 35
46 49
4 21
19 21
2 41
19 37
26 28
11 17
7 19
29 34
23 37
20 25
12 42
12 15
1 5
10 42
12 14
25 27
49 53
43 46
6 19
16 18
2 5
38 40
28 34
6 59
10 43
57 59
43 57
1 6
10 54
14 37
28 36
23 39
39 41
9 19
44 46
50 52
12 17
2 58
16 37
4 6
33 35
51 57
20 29
15 17
52 56
52 55
20 26
11 42
49 52
32 34
31 34
3 41
49 57
10 17
52 54
4 19
10 53
23 28
9 18
0 58
38 41
19 31
24 27
7 9
21 23
30 34
18 37
48 53
2 43
43 45
19 30
13 37
47 49
0 2
35 37
55 57
21 24
37 42
22 24
7 55
0 1
1 2
2 3
3 4
4 5
5 6
6 7
7 8
8 9
9 10
10 11
11 12
12 13
13 14
14 15
15 16
16 17
17 18
18 19
19 20
20 21
21 22
22 23
23 24
24 25
25 26
26 27
27 28
28 29
29 30
30 31
31 32
32 33
33 34
34 35
35 36
36 37
37 38
38 39
39 40
40 41
41 42
42 43
43 44
44 45
45 46
46 47
47 48
48 49
49 50
50 51
51 52
52 53
53 54
54 55
55 56
56 57
57 58
58 59
59 0
24 59
51 54
8 22
36 57
8 59
29 31
15 27
30 36
1 27
17 19
36 51
0 39
0 36
48 51
30 32
7 13
15 19
36 59
31 59
43 56
38 50
11 16
46 48
2 15
22 27
7 10
9 20
10 12
46 56
0 3
18 20
47 50
11 18
40 45
32 35
39 42
53 55
34 59
41 44
0 8
42 56
27 36
5 13
38 45
42 44
3 5
54 57
28 31
22 25
27 30
42 59
51 53
0 38
51 55
4 14
0 37
40 44
19 22
0 7
33 59
10 13
37 51
28 59
20 22
49 51
38 51
25 59
10 20
54 56
11 14
30 35
2 27
11 13
48 56
22 59
48 50
3 15
56 58
36 54
23 59
19 27
39 59
45 56
6 13
3 14
27 29
32 59
42 58
36 58
44 56
11 20
3 7
45 47
26 59
45 50
9 22
0 27
4 13
22 26
48 55
5 7
35 59
23 25
8 10
11 15
27 59
9 21
1 3
16 19
39 45
40 42
