0 1
1 2
2 3
3 4
4 5
5 6
6 7
7 8
8 9
9 10
10 11
11 12
12 13
13 14
14 15
15 16
16 17
17 18
18 19
19 20
20 21
21 22
22 23
23 24
24 25
25 26
26 27
27 28
28 29
29 30
30 31
31 32
32 33
33 34
34 35
35 36
36 37
37 38
38 39
39 40
40 41
41 42
42 43
43 44
44 45
45 46
46 47
47 48
48 49
49 50
50 51
51 52
52 53
53 54
54 55
55 56
56 57
57 58
58 59
59 0
3 20
34 39
17 25
4 15
16 55
7 58
37 56
46 54
28 42
41 51
24 36
2 21
1 57
25 43
18 25
32 34
14 58
17 46
25 28
9 58
2 24
9 15
24 27
48 53
42 46
34 37
56 58
48 50
38 51
30 35
3 6
18 20
10 58
37 54
20 25
28 39
1 59
40 42
22 24
7 15
4 20
11 58
33 39
50 53
5 15
1 36
17 55
51 54
2 7
28 33
39 41
4 18
42 50
4 6
43 46
47 54
28 36
9 11
12 15
28 31
16 58
12 58
12 14
0 2
31 34
25 27
4 16
43 45
42 49
24 28
9 12
25 45
3 21
7 9
0 7
36 56
20 22
6 15
42 48
55 58
28 43
50 52
22 25
2 6
30 34
8 58
37 39
39 51
4 17
2 36
34 36
21 23
7 59
17 54
29 36
26 28
25 46
4 19
15 58
41 50
21 24
54 56
44 46
1 58
31 33
51 53
36 57
37 51
30 36
42 47
13 58
47 53
28 30
28 40
0 1
1 2
2 3
3 4
4 5
5 6
6 7
7 8
8 9
9 10
10 11
11 12
12 13
13 14
14 15
15 16
16 17
17 18
18 19
19 20
20 21
21 22
22 23
23 24
24 25
25 26
26 27
27 28
28 29
29 30
30 31
31 32
32 33
33 34
34 35
35 36
36 37
37 38
38 39
39 40
40 41
41 42
42 43
43 44
44 45
45 46
46 47
47 48
48 49
49 50
50 51
51 52
52 53
53 54
54 55
55 56
56 57
57 58
58 59
59 0
36 58
30 42
21 58
7 11
23 48
7 25
47 57
13 24
1 16
14 24
16 20
14 23
50 58
40 58
7 34
50 56
0 35
23 45
38 42
24 43
48 55
20 58
13 16
26 34
4 9
18 58
26 29
1 11
14 20
50 57
43 47
48 54
4 8
32 36
29 34
19 58
27 43
35 59
1 10
49 54
5 35
11 16
32 37
33 36
16 18
41 58
48 58
6 8
49 52
2 4
45 48
16 19
12 25
49 53
30 32
38 58
3 5
6 35
23 44
35 58
0 5
53 55
38 40
0 16
26 43
49 51
30 33
48 56
29 33
11 13
38 41
37 58
29 43
39 58
14 16
21 48
24 26
31 42
47 58
17 19
5 8
13 15
41 47
4 10
7 26
33 35
7 10
7 35
12 24
52 56
0 58
31 37
22 48
14 21
49 58
11 25
51 56
24 44
37 42
30 43
52 55
14 22
47 56
0 18
8 10
1 3
46 48
1 5
27 29
41 43
1 4
45 47
44 47
