0 1
1 2
2 3
3 4
4 5
5 6
6 7
7 8
8 9
9 10
10 11
11 12
12 13
13 14
14 15
15 16
16 17
17 18
18 19
19 20
20 21
21 22
22 23
23 24
24 25
25 26
26 27
27 28
28 29
29 30
30 31
31 32
32 33
33 34
34 35
35 36
36 37
37 38
38 39
39 40
40 41
41 42
42 43
43 44
44 45
45 46
46 47
47 48
48 49
49 50
50 51
51 52
52 53
53 54
54 55
55 56
56 57
57 58
58 59
59 0
9 52
2 6
23 44
42 47
32 44
13 25
7 21
1 57
36 48
5 50
9 20
35 51
15 21
38 47
42 45
0 5
36 43
10 20
54 57
2 7
10 27
51 58
55 57
25 29
7 20
4 6
52 54
9 56
1 8
8 20
2 8
28 32
5 22
5 45
33 43
23 32
1 5
13 22
16 20
53 55
41 47
35 43
28 51
0 57
32 35
11 20
12 26
13 18
27 29
41 43
52 56
5 49
13 23
52 57
35 49
36 49
39 41
38 43
14 18
1 56
15 20
29 31
9 27
24 32
14 16
38 41
3 5
5 23
0 51
25 27
11 13
33 44
10 26
6 21
43 45
23 45
13 19
37 43
0 58
46 49
13 21
38 48
45 47
17 20
29 32
5 21
2 5
51 57
45 49
33 35
32 51
32 34
24 31
10 12
25 31
13 24
38 40
18 20
40 47
36 38
16 18
57 59
5 51
47 49
52 55
8 56
9 51
13 26
27 51
11 19
35 50
30 32
13 15
3 6
0 1
1 2
2 3
3 4
4 5
5 6
6 7
7 8
8 9
9 10
10 11
11 12
12 13
13 14
14 15
15 16
16 17
17 18
18 19
19 20
20 21
21 22
22 23
23 24
24 25
25 26
26 27
27 28
28 29
29 30
30 31
31 32
32 33
33 34
34 35
35 36
36 37
37 38
38 39
39 40
40 41
41 42
42 43
43 44
44 45
45 46
46 47
47 48
48 49
49 50
50 51
51 52
52 53
53 54
54 55
55 56
56 57
57 58
58 59
59 0
1 43
23 57
34 56
29 39
9 39
31 57
27 57
43 58
9 41
10 28
16 21
2 16
23 26
19 25
5 16
34 42
47 54
0 16
36 40
48 58
8 14
26 57
3 7
10 29
4 7
28 57
35 37
44 54
5 15
16 57
15 27
11 14
33 37
33 57
36 41
5 7
17 26
8 13
7 14
20 25
31 33
8 43
20 24
51 54
50 52
55 58
43 48
17 25
29 37
47 50
43 59
22 57
16 58
3 43
37 40
34 55
21 24
0 2
35 42
21 23
11 28
18 21
29 38
36 42
53 58
43 54
49 53
16 26
50 54
17 19
12 14
23 25
8 12
32 57
17 21
31 37
34 57
9 12
50 53
2 43
44 47
34 43
34 54
45 48
46 48
56 58
54 58
11 15
30 37
15 26
29 57
3 8
3 16
9 40
19 21
8 41
37 39
8 42
49 58
48 50
34 37
16 59
4 16
5 14
10 39
11 27
6 14
51 53
9 11
21 57
1 59
44 46
30 57
44 48
