0 1
1 2
2 3
3 4
4 5
5 6
6 7
7 8
8 9
9 10
10 11
11 12
12 13
13 14
14 15
15 16
16 17
17 18
18 19
19 20
20 21
21 22
22 23
23 24
24 25
25 26
26 27
27 28
28 29
29 30
30 31
31 32
32 33
33 34
34 35
35 36
36 37
37 38
38 39
39 40
40 41
41 42
42 43
43 44
44 45
45 46
46 47
47 48
48 49
49 50
50 51
51 52
52 53
53 54
54 55
55 56
56 57
57 58
58 59
59 0
25 29
1 49
12 59
29 58
42 53
16 22
33 57
49 55
8 10
11 13
42 47
15 49
23 43
10 14
23 27
0 8
24 41
21 58
31 58
13 19
29 33
25 27
49 58
23 45
14 17
5 7
33 58
14 49
17 20
1 58
7 14
23 47
48 50
34 36
34 38
5 8
12 20
33 39
12 19
1 4
23 28
23 49
3 49
15 17
4 14
35 39
54 56
42 46
39 42
51 54
48 53
33 53
22 28
29 39
9 59
10 13
30 32
34 42
42 45
16 49
40 42
6 14
11 59
17 21
1 59
30 33
49 57
1 8
3 14
29 40
23 26
8 14
21 28
49 56
1 5
10 59
12 21
50 55
43 45
52 54
24 43
23 25
42 48
36 39
12 58
50 52
23 46
13 17
50 53
16 23
24 42
53 57
33 38
5 14
17 19
33 42
31 33
24 29
47 49
35 42
30 58
37 39
21 29
2 49
27 29
13 18
34 37
53 56
23 44
29 41
16 21
51 55
2 4
0 9
0 1
1 2
2 3
3 4
4 5
5 6
6 7
7 8
8 9
9 10
10 11
11 12
12 13
13 14
14 15
15 16
16 17
17 18
18 19
19 20
20 21
21 22
22 23
23 24
24 25
25 26
26 27
27 28
28 29
29 30
30 31
31 32
32 33
33 34
34 35
35 36
36 37
37 38
38 39
39 40
40 41
41 42
42 43
43 44
44 45
45 46
46 47
47 48
48 49
49 50
50 51
51 52
52 53
53 54
54 55
55 56
56 57
57 58
58 59
59 0
35 46
22 45
49 51
1 14
32 49
25 52
14 24
9 20
13 16
25 57
25 31
33 40
26 42
21 49
6 11
6 57
25 56
37 43
26 29
4 6
6 9
2 12
20 56
5 57
35 44
32 50
4 57
30 41
35 40
24 57
7 10
36 38
28 41
22 48
21 52
15 24
25 54
35 45
32 34
39 41
36 40
16 20
13 20
0 24
22 26
20 23
35 49
20 53
17 23
22 25
57 59
22 43
13 15
26 41
34 40
0 2
25 55
9 12
20 52
25 50
27 41
1 13
2 57
22 49
35 48
35 47
1 12
10 12
6 10
37 42
6 8
26 30
26 43
22 47
2 6
19 23
1 24
20 22
20 55
22 44
25 32
26 31
26 28
7 9
2 11
37 41
33 41
37 44
45 47
18 20
2 59
28 30
22 24
20 57
2 58
20 54
17 24
36 44
34 49
0 57
25 51
32 41
38 41
31 41
9 13
16 24
38 40
18 23
9 57
25 53
21 51
16 18
3 57
3 6
