0 1
1 2
2 3
3 4
4 5
5 6
6 7
7 8
8 9
9 10
10 11
11 12
12 13
13 14
14 15
15 16
16 17
17 18
18 19
19 20
20 21
21 22
22 23
23 24
24 25
25 26
26 27
27 28
28 29
29 30
30 31
31 32
32 33
33 34
34 35
35 36
36 37
37 38
38 39
39 40
40 41
41 42
42 43
43 44
44 45
45 46
46 47
47 48
48 49
49 50
50 51
51 52
52 53
53 54
54 55
55 56
56 57
57 58
58 59
59 0
6 22
2 13
17 27
41 46
3 29
33 59
2 33
24 29
30 36
17 40
2 56
16 50
38 40
14 18
38 50
2 50
8 22
18 27
52 59
7 10
40 45
1 33
2 59
15 17
9 14
36 59
32 34
8 21
50 55
35 59
52 55
2 7
4 6
41 49
2 11
8 18
17 45
22 25
2 15
2 32
43 46
51 59
30 37
17 38
33 35
18 22
52 54
53 59
37 59
3 24
4 23
12 14
17 39
5 7
42 44
50 52
8 20
9 12
18 26
26 29
23 25
54 56
17 48
18 20
7 9
4 22
3 23
34 36
2 55
37 50
42 45
1 59
56 59
40 49
3 30
42 46
13 15
2 30
19 21
41 48
27 37
2 57
17 49
18 25
2 10
40 42
17 47
37 51
18 21
31 34
24 26
29 37
0 2
6 8
27 38
2 12
41 47
2 31
14 17
44 46
9 18
28 37
26 28
2 58
31 36
17 46
15 50
40 50
4 7
2 4
17 50
10 12
57 59
53 56

0 1
1 2
2 3
3 4
4 5
5 6
6 7
7 8
8 9
9 10
10 11
11 12
12 13
13 14
14 15
15 16
16 17
17 18
18 19
19 20
20 21
21 22
22 23
23 24
24 25
25 26
26 27
27 28
28 29
29 30
30 31
31 32
32 33
33 34
34 35
35 36
36 37
37 38
38 39
39 40
40 41
41 42
42 43
43 44
44 45
45 46
46 47
47 48
48 49
49 50
50 51
51 52
52 53
53 54
54 55
55 56
56 57
57 58
58 59
59 0
16 30
2 24
20 27
12 51
4 59
29 38
29 36
6 59
40 47
31 39
26 50
29 31
50 58
29 43
0 4
14 40
48 50
6 55
39 43
13 18
1 24
5 8
11 20
0 24
16 20
4 9
28 50
8 51
31 40
29 35
47 49
13 51
40 46
51 55
20 22
1 4
13 40
28 43
4 8
43 49
8 54
45 49
11 18
11 19
35 37
32 39
21 27
33 37
0 50
41 43
27 29
6 56
6 58
16 29
16 18
8 55
25 27
30 40
20 23
17 20
22 27
38 43
15 40
40 44
9 51
32 35
33 38
9 24
16 27
32 38
27 50
28 49
4 24
15 30
40 51
40 48
29 32
11 23
11 13
22 24
34 37
14 16
51 58
55 58
7 55
56 58
50 59
8 52
13 16
51 53
9 11
41 44
5 59
11 24
0 25
8 53
39 41
0 26
39 42
43 45
45 47
10 51
1 3
17 19
48 51
6 57
24 27
53 55
36 38
11 51
