0 1
1 2
2 3
3 4
4 5
5 6
6 7
7 8
8 9
9 10
10 11
11 12
12 13
13 14
14 15
15 16
16 17
17 18
18 19
19 20
20 21
21 22
22 23
23 24
24 25
25 26
26 27
27 28
28 29
29 30
30 31
31 32
32 33
33 34
34 35
35 36
36 37
37 38
38 39
39 40
40 41
41 42
42 43
43 44
44 45
45 46
46 47
47 48
48 49
49 50
50 51
51 52
52 53
53 54
54 55
55 56
56 57
57 58
58 59
59 0
8 31
26 40
31 39
42 53
1 35
39 59
22 59
1 22
20 27
24 47
34 36
32 38
10 27
36 38
41 58
8 11
1 18
22 56
42 45
44 49
22 52
33 36
50 52
12 18
43 50
23 27
43 53
43 52
5 11
9 29
41 59
4 16
3 33
10 29
4 33
47 52
36 39
41 47
24 27
14 17
4 8
13 17
5 14
11 20
36 59
30 39
20 23
2 35
12 17
5 13
4 32
9 11
21 23
44 48
3 16
41 53
54 56
24 41
18 20
54 57
52 56
37 39
48 50
7 11
35 59
3 18
11 18
2 18
48 51
47 51
55 57
11 13
4 31
41 57
29 39
3 34
11 27
15 17
4 7
5 16
19 21
1 59
9 31
10 28
23 47
0 22
44 46
26 39
32 39
56 59
4 6
26 29
42 46
24 40
1 19
46 48
42 47
3 17
42 44
53 56
5 7
44 50
23 52
29 31
32 36
2 34
26 28
56 58
25 40
1 21
14 16
41 54
39 41
25 27
0 1
1 2
2 3
3 4
4 5
5 6
6 7
7 8
8 9
9 10
10 11
11 12
12 13
13 14
14 15
15 16
16 17
17 18
18 19
19 20
20 21
21 22
22 23
23 24
24 25
25 26
26 27
27 28
28 29
29 30
30 31
31 32
32 33
33 34
34 35
35 36
36 37
37 38
38 39
39 40
40 41
41 42
42 43
43 44
44 45
45 46
46 47
47 48
48 49
49 50
50 51
51 52
52 53
53 54
54 55
55 56
56 57
57 58
58 59
59 0
29 45
19 59
18 39
9 55
29 43
28 45
8 19
20 31
10 48
0 7
20 24
32 37
9 12
18 46
12 46
24 28
27 45
22 46
8 12
22 51
41 45
20 53
13 46
36 41
2 58
39 46
35 41
17 46
4 9
23 26
9 57
10 55
55 58
38 41
16 19
20 28
33 42
1 58
10 49
49 51
10 12
46 50
10 46
8 59
20 38
3 6
12 15
40 46
33 37
19 54
12 19
19 38
30 33
23 46
47 50
17 19
11 46
19 53
51 55
31 33
52 54
3 7
33 41
35 37
9 56
19 55
29 33
43 45
49 55
34 37
6 8
10 47
21 51
2 57
40 45
26 46
2 7
33 43
5 9
20 29
52 55
31 37
20 22
20 37
21 52
33 35
41 43
16 46
5 8
3 5
0 58
15 19
22 24
55 59
26 45
22 50
12 14
0 2
14 46
38 40
18 38
24 26
21 53
3 57
4 57
37 41
15 46
7 59
25 28
20 30
29 44
47 49
