0 1
1 2
2 3
3 4
4 5
5 6
6 7
7 8
8 9
9 10
10 11
11 12
12 13
13 14
14 15
15 16
16 17
17 18
18 19
19 20
20 21
21 22
22 23
23 24
24 25
25 26
26 27
27 28
28 29
29 30
30 31
31 32
32 33
33 34
34 35
35 36
36 37
37 38
38 39
39 40
40 41
41 42
42 43
43 44
44 45
45 46
46 47
47 48
48 49
49 50
50 51
51 52
52 53
53 54
54 55
55 56
56 57
57 58
58 59
59 0
13 50
7 18
23 49
12 55
22 48
48 57
26 42
36 38
31 37
13 53
3 58
31 42
21 50
0 5
28 38
27 31
30 35
33 35
19 48
38 44
18 50
42 49
28 48
31 35
10 14
31 34
4 6
44 48
30 38
28 30
5 7
8 15
5 48
38 48
22 50
6 9
30 33
38 45
23 48
9 12
18 48
23 25
51 54
0 48
19 21
50 52
9 56
32 34
19 50
20 22
10 12
28 31
24 48
3 57
25 42
11 14
48 55
6 57
2 59
44 49
38 47
42 44
7 48
9 55
13 55
13 54
35 37
45 48
3 5
39 41
38 46
49 54
0 3
12 14
46 48
55 57
15 17
29 38
14 16
9 57
25 27
23 42
24 27
14 18
23 50
48 59
49 51
43 49
8 14
6 8
1 3
38 42
24 28
48 54
31 41
57 59
15 18
27 42
31 40
37 39
0 2
39 42
31 39
9 14
52 54
35 38
14 17
4 57
50 53
19 22
14 50
3 59
7 15
31 33

0 1
1 2
2 3
3 4
4 5
5 6
6 7
7 8
8 9
9 10
10 11
11 12
12 13
13 14
14 15
15 16
16 17
17 18
18 19
19 20
20 21
21 22
22 23
23 24
24 25
25 26
26 27
27 28
28 29
29 30
30 31
31 32
32 33
33 34
34 35
35 36
36 37
37 38
38 39
39 40
40 41
41 42
42 43
43 44
44 45
45 46
46 47
47 48
48 49
49 50
50 51
51 52
52 53
53 54
54 55
55 56
56 57
57 58
58 59
59 0
48 50
47 55
12 42
47 56
10 23
32 43
29 45
13 34
14 19
42 51
29 58
30 34
14 24
0 57
13 38
42 52
13 24
12 23
1 4
3 42
17 23
44 50
17 21
35 41
24 30
9 59
38 40
7 9
34 42
4 8
45 47
47 51
47 58
29 31
32 45
5 59
42 55
4 9
36 40
13 30
34 36
27 59
17 22
5 9
13 39
2 42
30 32
13 23
10 24
17 24
42 56
3 9
25 30
12 40
3 12
42 54
47 50
25 29
4 59
19 23
53 55
45 58
9 11
51 53
12 41
15 19
9 27
42 57
13 19
18 20
2 57
17 20
28 58
13 36
0 4
25 28
45 49
37 40
2 4
0 58
13 37
47 53
5 8
15 24
9 24
43 45
9 25
33 42
21 23
16 18
13 40
28 59
26 28
32 42
9 26
20 23
16 19
42 53
46 58
47 49
35 40
11 23
44 51
3 11
47 57
16 24
43 51
45 50
35 42
1 57
29 32
