0 1
1 2
2 3
3 4
4 5
5 6
6 7
7 8
8 9
9 10
10 11
11 12
12 13
13 14
14 15
15 16
16 17
17 18
18 19
19 20
20 21
21 22
22 23
23 24
24 25
25 26
26 27
27 28
28 29
29 30
30 31
31 32
32 33
33 34
34 35
35 36
36 37
37 38
38 39
39 40
40 41
41 42
42 43
43 44
44 45
45 46
46 47
47 48
48 49
49 50
50 51
51 52
52 53
53 54
54 55
55 56
56 57
57 58
58 59
59 0
1 38
35 48
3 57
23 38
20 55
55 57
10 15
1 11
21 49
42 58
5 9
31 48
12 15
36 41
22 48
27 48
12 38
20 56
23 37
16 20
29 37
5 15
11 13
2 4
16 18
43 45
36 43
44 54
50 53
3 17
1 40
36 38
35 47
28 37
1 8
35 46
54 58
42 44
46 51
22 26
15 21
3 15
32 48
29 31
20 57
35 45
33 35
2 6
5 7
24 27
2 7
31 37
46 54
52 54
47 51
12 23
0 3
40 59
40 58
20 53
3 20
12 22
22 25
47 50
4 6
28 30
15 20
26 48
20 49
32 35
31 36
17 19
0 57
1 39
4 15
16 19
44 46
27 37
51 54
0 58
20 54
39 41
12 14
1 10
21 48
3 19
13 15
42 54
33 36
23 27
36 45
24 26
36 42
28 48
12 21
0 2
50 52
28 31
22 24
55 58
1 7
1 59
9 15
49 53
1 9
10 13
40 42
3 16
5 8
36 39
11 38
34 36
47 49
32 36

0 1
1 2
2 3
3 4
4 5
5 6
6 7
7 8
8 9
9 10
10 11
11 12
12 13
13 14
14 15
15 16
16 17
17 18
18 19
19 20
20 21
21 22
22 23
23 24
24 25
25 26
26 27
27 28
28 29
29 30
30 31
31 32
32 33
33 34
34 35
35 36
36 37
37 38
38 39
39 40
40 41
41 42
42 43
43 44
44 45
45 46
46 47
47 48
48 49
49 50
50 51
51 52
52 53
53 54
54 55
55 56
56 57
57 58
58 59
59 0
9 19
5 12
14 25
22 55
38 58
41 54
5 26
0 27
35 55
27 58
9 16
48 56
27 38
19 56
6 57
0 5
45 49
48 57
8 10
38 55
3 27
17 23
9 56
28 55
40 54
31 55
41 44
47 57
42 45
48 53
15 17
31 33
41 47
6 9
2 27
30 55
38 47
50 54
19 55
29 32
34 37
27 33
17 25
18 22
12 16
33 55
33 38
20 22
39 55
1 4
5 10
7 9
40 47
46 49
36 55
51 53
49 52
14 26
5 11
5 59
10 16
18 21
18 23
23 25
42 49
34 55
14 17
26 55
27 55
19 21
6 8
39 54
25 55
6 59
28 33
13 16
46 48
9 18
41 43
23 55
53 55
41 45
29 55
49 51
41 50
39 47
4 26
41 46
1 27
11 16
12 26
37 55
4 27
35 37
42 50
6 56
24 55
27 59
1 3
38 57
9 17
48 55
48 52
0 4
30 32
19 22
33 37
28 32
14 16
13 26
6 10
6 58
