0 1
1 2
2 3
3 4
4 5
5 6
6 7
7 8
8 9
9 10
10 11
11 12
12 13
13 14
14 15
15 16
16 17
17 18
18 19
19 20
20 21
21 22
22 23
23 24
24 25
25 26
26 27
27 28
28 29
29 30
30 31
31 32
32 33
33 34
34 35
35 36
36 37
37 38
38 39
39 40
40 41
41 42
42 43
43 44
44 45
45 46
46 47
47 48
48 49
49 50
50 51
51 52
52 53
53 54
54 55
55 56
56 57
57 58
58 59
59 60
60 61
61 0
28 60
46 56
35 58
24 38
1 23
5 20
2 40
39 58
43 56
45 47
5 10
1 58
26 29
16 24
49 57
10 20
52 56
11 24
1 56
1 4
30 35
30 36
49 55
36 39
29 59
50 57
31 58
12 17
1 61
11 16
20 23
39 57
3 10
16 23
43 48
1 57
18 22
46 55
41 57
6 9
3 5
3 7
27 61
2 42
24 26
14 17
2 10
0 25
41 43
26 37
12 15
41 49
19 21
10 12
28 59
12 18
43 45
2 38
24 37
51 55
46 49
5 23
4 23
43 46
29 36
58 60
6 10
32 35
0 26
5 7
38 40
29 37
58 61
31 33
51 57
42 56
2 24
29 58
46 48
45 48
27 60
36 38
10 24
2 4
32 34
40 57
13 17
17 23
15 17
30 33
3 9
0 23
12 16
43 49
13 15
6 8
53 55
54 56
49 51
17 22
44 48
36 58
18 20
51 53
7 9
51 56
26 61
30 58
18 21
0 24
53 56
30 34
1 42
32 58
40 42
21 23
27 29
10 18
0 1
1 2
2 3
3 4
4 5
5 6
6 7
7 8
8 9
9 10
10 11
11 12
12 13
13 14
14 15
15 16
16 17
17 18
18 19
19 20
20 21
21 22
22 23
23 24
24 25
25 26
26 27
27 28
28 29
29 30
30 31
31 32
32 33
33 34
34 35
35 36
36 37
37 38
38 39
39 40
40 41
41 42
42 43
43 44
44 45
45 46
46 47
47 48
48 49
49 50
50 51
51 52
52 53
53 54
54 55
55 56
56 57
57 58
58 59
59 60
60 61
61 0
26 52
14 25
10 19
34 61
37 52
50 55
52 55
10 21
56 58
24 61
16 19
52 61
41 52
8 61
36 60
3 13
45 60
33 35
13 30
0 32
29 31
41 46
14 22
30 32
36 42
16 22
0 33
35 52
3 12
36 45
14 16
15 22
0 2
4 11
37 42
1 6
41 47
25 61
13 18
55 59
0 34
5 9
52 54
0 30
26 30
29 52
35 37
50 54
57 60
55 61
41 51
9 21
25 30
49 59
9 22
51 54
29 35
47 50
5 11
11 13
14 24
57 59
47 60
55 60
34 60
38 52
0 8
29 33
41 44
27 30
46 60
38 41
10 13
22 61
23 61
47 51
9 11
39 41
14 18
26 28
1 3
36 44
28 52
47 49
0 3
1 5
20 22
38 42
4 12
0 6
56 59
56 60
35 60
9 61
16 18
49 60
40 52
44 46
0 13
22 24
29 32
13 19
0 7
25 52
36 43
39 52
48 50
19 22
13 25
42 44
50 59
17 19
28 30
5 8
