0 1
1 2
2 3
3 4
4 5
5 6
6 7
7 8
8 9
9 10
10 11
11 12
12 13
13 14
14 15
15 16
16 17
17 18
18 19
19 20
20 21
21 22
22 23
23 24
24 25
25 26
26 27
27 28
28 29
29 30
30 31
31 32
32 33
33 34
34 35
35 36
36 37
37 38
38 39
39 40
40 41
41 42
42 43
43 44
44 45
45 46
46 47
47 48
48 49
49 50
50 51
51 52
52 53
53 54
54 55
55 56
56 57
57 58
58 59
59 60
60 61
61 62
62 63
63 64
64 0
53 63
5 31
14 37
12 51
4 8
5 9
33 51
10 25
10 16
55 64
23 32
11 64
20 23
10 19
0 10
17 22
0 31
6 9
35 46
10 64
32 53
23 34
19 24
26 28
34 36
0 63
40 51
40 46
1 3
0 32
9 31
33 47
55 62
44 48
44 51
56 58
42 51
13 15
27 31
12 53
44 47
58 62
8 10
35 37
3 5
10 17
22 34
48 51
12 16
10 24
26 32
33 53
49 51
37 46
1 4
10 26
12 14
56 64
55 63
18 20
25 32
61 64
14 40
10 28
15 34
41 46
14 34
33 49
43 46
10 12
24 32
2 31
57 64
0 4
53 55
54 63
14 39
61 63
60 62
39 46
4 6
57 60
53 64
0 53
9 30
12 64
43 45
2 5
55 58
9 28
9 29
19 23
0 8
12 52
28 31
41 43
27 32
14 36
18 22
37 39
33 48
57 61
12 15
21 23
33 35
16 22
17 19
38 46
0 2
58 60
18 21
40 42
6 8
15 22
4 7
35 47
59 62
12 40
51 53
29 31
44 46
42 44
33 50
32 34

0 1
1 2
2 3
3 4
4 5
5 6
6 7
7 8
8 9
9 10
10 11
11 12
12 13
13 14
14 15
15 16
16 17
17 18
18 19
19 20
20 21
21 22
22 23
23 24
24 25
25 26
26 27
27 28
28 29
29 30
30 31
31 32
32 33
33 34
34 35
35 36
36 37
37 38
38 39
39 40
40 41
41 42
42 43
43 44
44 45
45 46
46 47
47 48
48 49
49 50
50 51
51 52
52 53
53 54
54 55
55 56
56 57
57 58
58 59
59 60
60 61
61 62
62 63
63 64
64 0
20 30
0 52
38 60
3 51
7 11
23 25
38 48
5 23
23 61
12 36
6 51
38 52
45 48
39 45
17 21
7 14
10 43
18 34
9 51
37 60
1 62
36 40
27 30
23 28
43 49
44 49
20 27
6 14
36 38
6 17
55 61
32 61
7 10
36 42
18 36
31 34
20 25
13 18
36 43
38 56
25 28
17 20
18 31
54 56
4 62
35 61
36 61
22 25
49 52
53 61
6 16
45 47
18 35
1 64
10 51
10 49
2 51
14 18
13 36
7 12
50 52
12 43
2 4
38 49
28 61
15 18
1 63
0 61
37 61
6 15
0 51
55 60
24 28
4 61
57 59
2 62
31 33
30 61
47 49
20 26
38 58
38 40
56 59
54 61
27 29
39 48
10 50
41 44
19 31
19 30
36 41
4 51
5 61
8 51
39 41
46 49
21 25
34 61
41 45
53 56
52 56
15 17
45 49
7 51
6 23
38 57
29 61
6 22
62 64
56 60
7 13
0 62
38 59
7 9
11 43
6 21
31 61
25 27
52 61
1 51
5 51
33 61
