0 1
1 2
2 3
3 4
4 5
5 6
6 7
7 8
8 9
9 10
10 11
11 12
12 13
13 14
14 15
15 16
16 17
17 18
18 19
19 20
20 21
21 22
22 23
23 24
24 25
25 26
26 27
27 28
28 29
29 30
30 31
31 32
32 33
33 34
34 35
35 36
36 37
37 38
38 39
39 40
40 41
41 42
42 43
43 44
44 45
45 46
46 47
47 48
48 49
49 50
50 51
51 52
52 53
53 54
54 55
55 56
56 57
57 58
58 59
59 60
60 61
61 62
62 63
63 64
64 65
65 0
37 42
11 48
13 47
21 64
4 8
29 53
16 23
26 33
50 60
31 42
56 63
45 48
0 20
42 47
2 6
28 30
13 17
29 43
26 53
9 65
34 37
2 65
7 9
44 47
10 63
26 42
32 35
50 63
2 8
10 19
57 61
23 42
48 51
0 7
57 62
39 41
22 55
8 65
6 8
50 55
59 61
48 50
50 61
10 65
33 40
56 60
26 55
9 19
26 28
29 51
10 12
21 23
15 47
40 42
26 54
31 37
33 39
57 59
58 60
43 51
0 2
29 42
43 45
22 56
32 37
52 55
17 19
3 6
61 63
33 42
5 8
32 36
37 39
11 47
37 41
23 55
2 4
10 18
0 64
9 20
50 52
34 38
13 18
56 62
24 55
4 6
28 32
52 54
56 64
57 60
43 47
33 38
19 21
35 37
23 25
10 64
49 63
10 49
23 26
30 42
2 7
1 7
44 46
55 60
14 16
15 42
51 53
27 53
22 64
11 49
12 18
45 47
0 21
43 48
17 23
28 33
28 31
27 29
16 42
13 15
14 17
0 9
25 55
12 47
33 35
19 23
0 1
1 2
2 3
3 4
4 5
5 6
6 7
7 8
8 9
9 10
10 11
11 12
12 13
13 14
14 15
15 16
16 17
17 18
18 19
19 20
20 21
21 22
22 23
23 24
24 25
25 26
26 27
27 28
28 29
29 30
30 31
31 32
32 33
33 34
34 35
35 36
36 37
37 38
38 39
39 40
40 41
41 42
42 43
43 44
44 45
45 46
46 47
47 48
48 49
49 50
50 51
51 52
52 53
53 54
54 55
55 56
56 57
57 58
58 59
59 60
60 61
61 62
62 63
63 64
64 65
65 0
26 57
7 44
20 38
26 49
28 44
5 12
11 17
1 52
12 25
28 42
2 26
1 49
2 45
28 49
30 35
0 55
31 39
10 44
15 23
17 20
19 38
54 56
24 27
60 65
44 49
36 39
24 28
49 54
28 41
11 18
23 30
29 40
55 59
6 45
11 41
26 59
15 25
1 59
56 59
23 35
5 11
1 26
31 36
1 53
15 22
16 20
53 55
11 19
62 65
2 25
18 20
41 43
23 29
55 63
30 33
2 12
27 49
21 38
42 44
1 45
13 16
55 65
26 58
1 46
0 53
12 17
11 43
31 33
3 45
30 32
19 39
62 64
45 49
35 38
7 45
49 52
1 48
54 57
11 40
31 35
51 54
63 65
1 60
13 25
55 61
14 25
49 57
28 40
47 49
60 62
22 38
1 47
5 45
55 62
11 44
9 44
9 11
30 34
6 9
22 35
24 26
30 39
3 12
5 9
15 21
1 65
56 58
12 16
3 5
11 39
46 49
36 38
31 34
8 44
4 12
30 40
16 21
24 29
50 54
49 51
15 24
