0 1
1 2
2 3
3 4
4 5
5 6
6 7
7 8
8 9
9 10
10 11
11 12
12 13
13 14
14 15
15 16
16 17
17 18
18 19
19 20
20 21
21 22
22 23
23 24
24 25
25 26
26 27
27 28
28 29
29 30
30 31
31 32
32 33
33 34
34 35
35 36
36 37
37 38
38 39
39 40
40 41
41 42
42 43
43 44
44 45
45 46
46 47
47 48
48 49
49 50
50 51
51 52
52 53
53 54
54 55
55 56
56 57
57 58
58 59
59 60
60 61
61 62
62 63
63 64
64 65
65 66
66 0
22 34
1 51
0 7
14 44
13 30
15 18
42 66
41 66
20 22
33 41
21 30
17 21
10 51
10 49
36 41
49 62
37 43
49 66
26 32
57 65
37 44
30 66
64 66
20 35
25 28
47 49
14 20
11 30
53 61
5 8
5 9
44 47
21 29
1 55
0 3
12 46
47 66
55 65
10 47
54 60
51 55
33 35
0 11
62 66
55 59
27 31
30 33
13 15
24 34
5 7
61 63
20 36
2 51
28 30
2 9
57 60
51 53
25 33
36 39
53 60
55 58
24 28
43 66
1 66
4 6
18 20
1 65
20 44
28 31
41 43
49 61
25 32
56 65
44 46
17 30
37 39
8 10
33 66
10 46
61 65
14 18
12 45
56 58
0 6
62 64
10 50
20 37
60 65
4 9
3 6
25 27
63 65
18 21
0 10
55 60
39 43
26 31
23 34
13 45
30 32
49 52
39 41
22 28
40 43
51 54
49 51
7 10
9 51
36 38
33 36
11 46
48 66
11 13
11 66
15 17
14 19
24 33
52 61
1 3
22 35
16 30
43 47
3 9
13 44
15 30
23 28
21 28
58 60
0 1
1 2
2 3
3 4
4 5
5 6
6 7
7 8
8 9
9 10
10 11
11 12
12 13
13 14
14 15
15 16
16 17
17 18
18 19
19 20
20 21
21 22
22 23
23 24
24 25
25 26
26 27
27 28
28 29
29 30
30 31
31 32
32 33
33 34
34 35
35 36
36 37
37 38
38 39
39 40
40 41
41 42
42 43
43 44
44 45
45 46
46 47
47 48
48 49
49 50
50 51
51 52
52 53
53 54
54 55
55 56
56 57
57 58
58 59
59 60
60 61
61 62
62 63
63 64
64 65
65 66
66 0
24 36
2 62
44 50
2 61
45 65
20 53
4 43
26 29
9 38
5 11
42 44
38 53
54 63
1 43
31 34
3 58
9 43
2 63
16 54
27 38
47 52
19 23
54 64
38 43
11 58
34 37
17 36
12 58
2 60
12 54
4 7
17 24
44 66
0 2
6 11
2 59
59 62
45 53
12 56
33 37
4 58
19 54
4 8
27 30
12 16
20 27
12 37
45 47
25 35
12 15
26 28
14 54
17 23
38 41
44 52
12 14
46 48
29 31
55 57
27 33
25 36
45 52
55 63
1 44
12 17
22 26
17 54
0 44
27 29
11 37
19 53
9 11
11 38
18 54
22 24
48 50
27 53
41 44
40 42
45 48
47 51
8 43
2 4
19 21
53 65
12 36
44 51
12 55
0 63
31 33
33 38
15 54
47 50
22 25
45 66
5 58
22 27
44 53
45 50
0 64
31 35
53 64
2 58
19 22
12 57
10 38
32 34
59 61
57 62
55 62
57 59
21 27
7 9
13 54
29 35
25 29
7 11
39 42
1 4
38 44
45 49
17 19
38 40
38 42
34 36
0 65
