0 1
1 2
2 3
3 4
4 5
5 6
6 7
7 8
8 9
9 10
10 11
11 12
12 13
13 14
14 15
15 16
16 17
17 18
18 19
19 20
20 21
21 22
22 23
23 24
24 25
25 26
26 27
27 28
28 29
29 30
30 31
31 32
32 33
33 34
34 35
35 36
36 37
37 38
38 39
39 40
40 41
41 42
42 43
43 44
44 45
45 46
46 47
47 48
48 49
49 50
50 51
51 52
52 53
53 54
54 55
55 56
56 57
57 58
58 59
59 60
60 61
61 62
62 63
63 64
64 65
65 66
66 67
67 68
68 69
69 70
70 71
71 72
72 73
73 0
47 73
37 69
1 15
45 51
18 27
21 72
49 65
53 55
0 21
5 39
40 54
26 71
10 35
11 13
65 70
16 20
62 69
3 46
50 57
34 71
39 59
44 51
1 4
7 12
19 25
54 56
13 33
64 67
39 61
16 32
48 71
24 71
57 63
47 51
8 39
9 39
49 64
42 44
5 8
30 34
1 5
12 14
5 12
52 57
5 46
36 71
28 34
65 71
30 32
37 61
64 66
37 39
33 35
1 16
29 31
47 71
17 27
17 29
62 67
21 25
47 49
50 52
62 64
67 69
35 38
65 68
19 21
22 24
53 56
44 52
42 53
21 24
21 73
66 68
14 16
54 57
24 72
27 71
41 45
41 44
39 57
37 70
17 19
5 14
42 52
8 11
10 33
3 47
53 57
40 46
36 70
9 35
58 63
5 40
60 62
48 65
14 33
1 21
16 19
45 47
35 71
57 64
47 50
57 59
39 54
30 33
16 21
2 4
16 33
47 72
16 31
10 13
42 54
22 72
58 62
9 38
28 30
6 12
25 27
8 10
0 2
58 60
3 73
1 14
2 73
6 8
41 54
43 52
39 60
17 31
19 27
40 45
36 38
65 69
61 69
4 46
25 71
50 64
21 23
27 34
7 11
27 29

0 1
1 2
2 3
3 4
4 5
5 6
6 7
7 8
8 9
9 10
10 11
11 12
12 13
13 14
14 15
15 16
16 17
17 18
18 19
19 20
20 21
21 22
22 23
23 24
24 25
25 26
26 27
27 28
28 29
29 30
30 31
31 32
32 33
33 34
34 35
35 36
36 37
37 38
38 39
39 40
40 41
41 42
42 43
43 44
44 45
45 46
46 47
47 48
48 49
49 50
50 51
51 52
52 53
53 54
54 55
55 56
56 57
57 58
58 59
59 60
60 61
61 62
62 63
63 64
64 65
65 66
66 67
67 68
68 69
69 70
70 71
71 72
72 73
73 0
6 62
38 44
12 44
9 47
5 41
18 35
42 58
43 54
17 20
41 43
19 24
37 44
42 57
9 32
13 35
7 60
10 47
7 40
4 61
20 23
30 35
7 57
3 61
13 27
43 55
6 61
7 36
43 48
11 45
3 65
10 29
0 71
23 27
69 72
17 35
0 6
12 36
16 23
43 47
36 44
27 30
1 72
23 26
19 22
55 57
11 47
38 43
2 72
12 29
6 70
50 54
67 72
62 65
49 53
70 72
18 30
12 35
61 65
38 40
10 30
68 70
63 66
49 51
31 34
24 30
57 60
7 61
49 52
48 50
43 57
9 33
3 5
44 46
8 56
9 56
41 59
9 53
9 48
23 25
48 53
31 35
6 71
9 36
13 15
9 54
7 37
10 12
0 5
59 61
17 23
65 67
9 34
10 32
65 72
39 41
13 29
15 23
52 54
16 35
6 66
44 47
4 59
8 57
38 41
0 3
42 59
18 24
5 7
12 45
62 66
7 9
34 36
43 50
13 28
15 35
3 72
15 27
63 65
1 3
37 40
11 46
5 59
26 30
19 23
1 73
71 73
14 27
67 70
10 31
18 20
68 72
31 33
9 55
51 54
6 67
20 22
7 41
24 26
