0 1
1 2
2 3
3 4
4 5
5 6
6 7
7 8
8 9
9 10
10 11
11 12
12 13
13 14
14 15
15 16
16 17
17 18
18 19
19 20
20 21
21 22
22 23
23 24
24 25
25 26
26 27
27 28
28 29
29 30
30 31
31 32
32 33
33 34
34 35
35 36
36 37
37 38
38 39
39 40
40 41
41 42
42 43
43 44
44 45
45 46
46 47
47 48
48 49
49 50
50 51
51 52
52 53
53 54
54 55
55 56
56 57
57 58
58 59
59 60
60 61
61 62
62 63
63 64
64 65
65 66
66 67
67 68
68 69
69 70
70 71
71 72
72 73
73 74
74 0
46 69
14 16
9 30
11 44
59 73
30 48
57 65
31 38
6 49
0 11
49 66
70 73
15 35
52 58
62 72
68 70
15 30
19 23
45 47
2 49
38 42
49 69
50 56
5 8
23 28
33 38
69 74
10 21
46 49
14 42
60 63
11 20
15 27
68 72
63 67
52 73
44 69
20 23
9 28
60 62
2 5
16 26
67 69
8 48
49 57
0 44
34 36
57 64
15 38
62 73
34 38
3 49
51 56
11 19
63 66
1 11
23 25
16 18
13 44
50 73
14 40
14 38
14 44
10 23
39 41
32 38
44 47
59 62
51 55
7 48
30 34
13 16
15 29
35 38
26 28
63 65
17 19
53 58
2 11
4 49
42 47
59 63
70 74
0 49
11 17
35 37
30 32
63 72
58 73
27 29
51 73
31 42
10 22
18 25
14 41
28 30
49 74
5 7
53 55
49 73
43 47
8 11
53 56
14 43
8 10
38 41
44 74
11 13
44 46
11 16
20 22
38 40
66 69
36 38
59 64
31 47
57 66
12 44
50 57
23 26
5 49
54 56
15 34
19 25
0 2
30 33
63 68
2 4
16 25
57 59
11 21
15 26
24 26
30 47
46 48
6 48
8 30
10 28
70 72
71 73
61 63
2 8
56 58
51 53

0 1
1 2
2 3
3 4
4 5
5 6
6 7
7 8
8 9
9 10
10 11
11 12
12 13
13 14
14 15
15 16
16 17
17 18
18 19
19 20
20 21
21 22
22 23
23 24
24 25
25 26
26 27
27 28
28 29
29 30
30 31
31 32
32 33
33 34
34 35
35 36
36 37
37 38
38 39
39 40
40 41
41 42
42 43
43 44
44 45
45 46
46 47
47 48
48 49
49 50
50 51
51 52
52 53
53 54
54 55
55 56
56 57
57 58
58 59
59 60
60 61
61 62
62 63
63 64
64 65
65 66
66 67
67 68
68 69
69 70
70 71
71 72
72 73
73 74
74 0
32 50
57 74
15 17
56 61
60 69
30 65
30 72
34 74
52 63
15 19
8 14
34 52
15 74
58 69
30 33
10 26
29 72
61 64
34 48
56 58
5 29
49 51
23 73
1 8
5 74
33 74
34 38
51 65
35 49
14 22
42 49
20 74
16 19
8 11
0 3
37 49
38 49
5 7
64 68
40 43
11 24
43 49
14 17
23 26
10 28
9 28
34 39
1 3
5 33
14 20
30 50
39 43
35 51
21 23
21 74
6 28
66 68
52 55
18 20
55 63
34 54
31 50
51 64
28 72
13 23
56 59
65 69
23 25
10 24
64 69
70 72
26 73
34 43
13 22
70 74
27 73
50 65
54 56
69 72
38 41
54 74
41 49
58 70
70 73
8 13
7 28
32 48
34 47
2 4
38 40
1 5
14 21
5 28
52 64
61 63
67 69
60 64
10 27
56 74
0 8
34 37
5 8
31 33
17 19
45 47
27 72
23 74
35 37
65 67
14 18
8 15
56 62
44 47
59 69
24 26
58 74
55 62
34 36
34 44
32 34
46 49
30 69
15 20
59 61
7 9
34 51
2 5
3 74
40 42
45 49
69 71
64 66
43 45
11 23
9 11
29 33
34 53
8 12
3 5
0 15
52 54
48 50
11 13
47 49
