0 1
1 2
2 3
3 4
4 5
5 6
6 7
7 8
8 9
9 10
10 11
11 12
12 13
13 14
14 15
15 16
16 17
17 18
18 19
19 20
20 21
21 22
22 23
23 24
24 25
25 26
26 27
27 28
28 29
29 30
30 31
31 32
32 33
33 34
34 35
35 36
36 37
37 38
38 39
39 40
40 41
41 42
42 43
43 44
44 45
45 46
46 47
47 48
48 49
49 50
50 51
51 52
52 53
53 54
54 55
55 56
56 57
57 58
58 59
59 60
60 61
61 62
62 63
63 64
64 65
65 66
66 67
67 68
68 69
69 70
70 71
71 72
72 73
73 74
74 75
75 0
22 45
34 47
1 54
17 49
3 32
61 66
50 59
5 70
10 50
46 49
61 74
14 20
50 53
56 60
27 44
69 71
38 42
3 74
11 49
33 44
33 37
23 45
63 66
26 28
6 70
2 49
12 28
62 66
1 55
38 46
12 30
62 68
8 30
3 73
41 44
33 49
37 46
39 45
63 68
50 67
4 70
64 67
15 17
18 45
3 71
60 74
25 27
55 75
12 29
28 44
51 58
16 20
58 60
52 57
6 30
18 46
29 44
33 43
9 11
0 74
2 32
62 71
60 66
7 67
13 24
29 32
32 49
4 30
60 67
53 57
39 44
0 55
13 23
24 28
7 70
7 10
25 45
30 32
12 49
35 37
14 16
50 58
14 21
13 21
2 53
40 42
19 21
13 22
29 31
37 47
37 43
56 58
41 43
51 57
62 74
49 53
55 57
64 68
3 70
12 14
67 70
4 32
0 3
9 30
33 48
56 74
34 36
38 45
46 48
19 45
29 33
16 19
37 42
2 54
17 46
62 73
9 12
39 41
55 74
63 65
12 24
68 70
39 42
33 36
17 19
64 66
62 69
1 3
23 25
12 15
53 55
11 50
7 9
12 17
3 72
7 50
25 44
71 73
59 67
50 52
35 47
6 8
33 47
21 45
5 30
25 28
0 1
1 2
2 3
3 4
4 5
5 6
6 7
7 8
8 9
9 10
10 11
11 12
12 13
13 14
14 15
15 16
16 17
17 18
18 19
19 20
20 21
21 22
22 23
23 24
24 25
25 26
26 27
27 28
28 29
29 30
30 31
31 32
32 33
33 34
34 35
35 36
36 37
37 38
38 39
39 40
40 41
41 42
42 43
43 44
44 45
45 46
46 47
47 48
48 49
49 50
50 51
51 52
52 53
53 54
54 55
55 56
56 57
57 58
58 59
59 60
60 61
61 62
62 63
63 64
64 65
65 66
66 67
67 68
68 69
69 70
70 71
71 72
72 73
73 74
74 75
75 0
6 45
4 34
47 62
5 25
1 50
17 41
24 41
31 35
46 74
16 21
24 38
39 74
56 61
50 56
16 18
1 72
64 71
61 69
1 70
8 11
1 61
1 36
7 44
55 60
3 46
9 44
1 52
2 50
61 65
38 41
14 42
24 29
7 14
55 61
7 24
41 74
1 35
17 23
72 75
8 13
54 61
14 43
7 45
2 47
11 13
28 34
28 31
47 71
58 61
48 50
7 22
3 47
10 13
8 12
51 54
1 38
45 74
3 5
13 44
70 72
65 71
3 45
47 63
47 64
18 20
4 25
52 54
26 34
24 37
61 67
1 69
0 72
24 36
18 23
67 71
43 74
57 61
19 23
16 42
16 22
13 43
47 74
48 62
15 42
22 24
29 35
7 15
3 6
18 21
7 16
49 62
66 71
29 36
1 53
62 65
0 39
30 35
56 59
39 75
73 75
32 34
8 10
2 48
40 74
71 74
50 61
61 68
21 23
4 26
5 7
23 41
2 34
16 41
7 13
31 33
27 34
50 54
32 35
24 27
9 13
2 4
38 40
72 74
36 38
28 33
7 25
27 29
67 69
54 56
2 35
24 26
42 74
62 64
28 30
49 61
55 59
1 39
65 67
59 61
8 44
20 23
44 74
1 51
53 61
57 59
