0 1
1 2
2 3
3 4
4 5
5 6
6 7
7 8
8 9
9 10
10 11
11 12
12 13
13 14
14 15
15 16
16 17
17 18
18 19
19 20
20 21
21 22
22 23
23 24
24 25
25 26
26 27
27 28
28 29
29 30
30 31
31 32
32 33
33 34
34 35
35 36
36 37
37 38
38 39
39 40
40 41
41 42
42 43
43 44
44 45
45 46
46 47
47 48
48 49
49 50
50 51
51 52
52 53
53 54
54 55
55 56
56 57
57 58
58 59
59 60
60 61
61 62
62 63
63 64
64 65
65 66
66 67
67 68
68 69
69 70
70 71
71 72
72 73
73 74
74 75
75 76
76 77
77 0
70 72
25 70
23 77
27 77
28 53
47 75
5 75
67 71
28 62
0 14
65 70
62 64
12 21
40 50
42 48
55 75
2 76
65 68
56 59
39 77
29 39
44 76
12 23
12 25
55 65
15 20
55 73
29 38
26 63
7 9
40 49
23 27
37 52
28 55
28 52
4 13
41 48
39 41
4 10
17 19
63 70
65 71
29 35
13 17
49 75
27 62
56 58
18 20
50 55
30 36
39 43
11 74
3 75
10 12
40 51
3 5
11 75
32 36
0 3
25 63
17 21
3 14
2 75
39 42
50 52
8 11
36 52
43 47
15 23
6 9
44 75
48 75
14 23
66 71
28 59
12 73
35 52
31 36
57 64
2 77
29 32
55 57
30 38
44 47
44 77
57 62
50 75
10 13
5 10
39 51
52 55
67 70
59 61
12 24
28 60
58 61
7 11
17 20
27 29
15 19
29 52
33 36
26 62
43 77
21 23
43 48
12 17
1 3
23 25
32 34
12 72
28 61
46 75
57 65
8 10
12 74
57 61
29 34
3 13
15 21
65 73
6 75
55 74
64 70
0 23
65 69
68 70
65 72
53 55
29 31
45 47
6 11
30 37
52 54
1 77
27 39
37 51
23 26
34 36
15 17
13 16
13 15
25 72
15 22
38 51
55 59
6 10
41 49
65 67
44 46
0 1
1 2
2 3
3 4
4 5
5 6
6 7
7 8
8 9
9 10
10 11
11 12
12 13
13 14
14 15
15 16
16 17
17 18
18 19
19 20
20 21
21 22
22 23
23 24
24 25
25 26
26 27
27 28
28 29
29 30
30 31
31 32
32 33
33 34
34 35
35 36
36 37
37 38
38 39
39 40
40 41
41 42
42 43
43 44
44 45
45 46
46 47
47 48
48 49
49 50
50 51
51 52
52 53
53 54
54 55
55 56
56 57
57 58
58 59
59 60
60 61
61 62
62 63
63 64
64 65
65 66
66 67
67 68
68 69
69 70
70 71
71 72
72 73
73 74
74 75
75 76
76 77
77 0
15 70
13 29
28 51
48 53
0 43
52 57
52 58
22 28
3 9
21 26
15 63
33 49
31 43
46 56
61 70
7 71
21 61
32 51
29 43
0 59
45 49
72 74
21 29
37 41
14 20
17 63
34 44
31 51
21 63
9 29
51 58
22 58
14 70
33 50
61 63
33 44
38 40
48 51
31 33
8 13
16 63
70 73
3 74
7 13
24 27
8 12
39 44
28 31
25 27
66 69
61 65
64 66
71 74
46 59
15 64
3 43
0 46
47 53
38 44
48 52
16 20
46 55
22 26
7 14
16 18
11 29
0 2
34 42
42 44
37 42
14 21
3 77
3 6
0 44
60 77
15 69
1 43
12 29
15 66
22 60
75 77
73 77
63 65
28 58
60 73
14 16
40 44
22 59
15 68
18 21
40 42
4 6
21 60
36 38
24 26
21 28
4 7
22 27
14 29
47 49
4 74
54 56
46 58
73 75
46 57
67 69
0 45
35 42
44 49
22 24
47 55
3 8
46 49
33 43
62 65
0 60
61 66
36 42
74 77
54 57
32 50
38 41
9 43
48 50
18 63
4 71
21 27
19 21
53 57
61 69
74 76
47 54
7 70
34 43
15 67
35 44
3 7
36 44
61 73
30 43
9 12
28 30
71 73
9 11
16 19
2 43
10 29
5 7
