0 1
1 2
2 3
3 4
4 5
5 6
6 7
7 8
8 9
9 10
10 11
11 12
12 13
13 14
14 15
15 16
16 17
17 18
18 19
19 20
20 21
21 22
22 23
23 24
24 25
25 26
26 27
27 28
28 29
29 30
30 31
31 32
32 33
33 34
34 35
35 36
36 37
37 38
38 39
39 40
40 41
41 42
42 43
43 44
44 45
45 46
46 47
47 48
48 49
49 50
50 51
51 52
52 53
53 54
54 55
55 56
56 57
57 58
58 59
59 60
60 61
61 62
62 63
63 64
64 65
65 66
66 67
67 68
68 69
69 70
70 71
71 72
72 73
73 74
74 75
75 76
76 77
77 78
78 79
79 0
20 32
38 65
34 78
53 74
3 78
26 68
55 58
41 47
53 57
3 76
69 74
26 31
52 77
16 74
62 70
5 74
57 62
8 18
17 19
39 47
7 74
29 34
3 20
26 28
39 42
52 54
7 10
65 69
27 38
3 8
49 59
69 73
7 14
4 8
37 77
45 59
11 18
42 44
62 73
17 22
48 77
0 76
39 63
24 68
44 60
37 78
0 77
46 48
25 31
27 65
38 64
15 17
8 20
2 79
42 46
66 68
41 46
29 37
3 79
28 38
50 58
4 7
7 16
35 37
3 32
71 73
50 77
62 64
44 63
1 79
0 78
69 71
26 29
17 68
22 32
54 57
10 18
3 5
50 59
7 11
30 34
45 60
25 32
49 77
31 33
53 75
2 76
45 48
3 74
12 18
26 30
39 43
47 77
39 41
27 66
23 68
36 78
39 44
17 23
31 34
44 62
22 24
64 70
57 61
37 47
13 15
68 74
7 15
13 18
74 76
59 61
24 26
22 25
7 9
52 58
57 74
52 76
52 75
62 74
55 57
60 62
9 18
34 37
17 21
27 68
70 73
11 14
4 6
33 78
0 2
32 78
11 13
65 70
38 47
54 58
50 52
13 17
8 19
58 61
40 42
19 21
45 49
65 68
69 72
39 64
51 58
65 67
44 46
34 36
29 38
17 74
56 58
6 74
20 22

0 1
1 2
2 3
3 4
4 5
5 6
6 7
7 8
8 9
9 10
10 11
11 12
12 13
13 14
14 15
15 16
16 17
17 18
18 19
19 20
20 21
21 22
22 23
23 24
24 25
25 26
26 27
27 28
28 29
29 30
30 31
31 32
32 33
33 34
34 35
35 36
36 37
37 38
38 39
39 40
40 41
41 42
42 43
43 44
44 45
45 46
46 47
47 48
48 49
49 50
50 51
51 52
52 53
53 54
54 55
55 56
56 57
57 58
58 59
59 60
60 61
61 62
62 63
63 64
64 65
65 66
66 67
67 68
68 69
69 70
70 71
71 72
72 73
73 74
74 75
75 76
76 77
77 78
78 79
79 0
49 73
0 57
12 53
29 75
61 70
50 66
19 33
23 77
60 78
46 74
1 55
41 48
28 33
32 41
33 35
3 15
32 75
74 77
18 20
14 17
3 77
15 22
31 75
62 65
2 11
32 40
74 78
50 60
61 74
34 40
32 34
50 63
48 52
22 28
19 28
1 3
17 33
48 53
55 59
17 20
68 73
38 40
61 65
36 40
28 32
16 21
13 36
23 29
11 54
43 74
51 59
3 23
9 12
8 14
41 74
40 48
37 40
6 8
48 50
10 12
72 74
51 53
61 72
60 63
29 76
30 75
12 37
37 48
49 74
12 14
63 65
20 28
68 70
2 6
38 48
42 47
29 32
67 70
59 79
1 78
15 21
43 47
48 74
49 68
18 33
12 54
57 59
29 31
15 23
63 66
6 15
13 35
8 11
2 54
2 8
2 7
61 63
43 45
60 74
9 11
32 74
53 59
37 53
2 5
16 20
39 48
54 59
1 56
0 59
6 14
23 26
45 74
59 78
25 29
64 66
47 74
1 77
48 51
23 27
2 55
4 15
13 33
68 71
61 66
29 77
1 57
66 70
13 37
5 15
61 71
25 27
44 47
8 12
45 47
42 74
27 29
0 58
2 4
23 28
14 16
49 67
51 60
75 77
21 28
56 59
67 69
49 66
42 48
35 40
68 72
24 29
14 33
23 25
