0 1
1 2
2 3
3 4
4 5
5 6
6 7
7 8
8 9
9 10
10 11
11 12
12 13
13 14
14 15
15 16
16 17
17 18
18 19
19 20
20 21
21 22
22 23
23 24
24 25
25 26
26 27
27 28
28 29
29 30
30 31
31 32
32 33
33 34
34 35
35 36
36 37
37 38
38 39
39 40
40 41
41 42
42 43
43 44
44 45
45 46
46 47
47 48
48 49
49 50
50 51
51 52
52 53
53 54
54 55
55 56
56 57
57 58
58 59
59 60
60 61
61 62
62 63
63 64
64 65
65 66
66 67
67 68
68 69
69 70
70 71
71 72
72 73
73 74
74 75
75 76
76 77
77 78
78 79
79 0
7 41
43 50
29 74
33 60
46 77
26 76
11 37
33 53
35 50
12 33
58 63
3 9
33 70
7 9
69 74
35 40
58 69
21 31
16 78
17 77
9 11
54 59
11 14
9 79
41 44
53 76
3 44
0 44
1 3
61 63
64 70
70 74
7 40
51 53
58 67
17 32
4 41
50 53
13 32
44 78
23 76
20 23
44 46
58 65
12 37
56 75
35 39
0 3
27 30
24 26
48 52
64 69
65 68
17 78
30 70
45 47
2 79
24 31
9 14
19 23
56 59
14 78
40 43
28 74
69 71
58 61
47 53
47 77
63 70
44 77
19 21
22 31
14 17
66 68
21 32
19 32
57 69
8 37
53 55
35 53
5 9
35 38
58 64
25 27
49 51
58 68
55 76
54 56
58 60
21 23
27 29
65 67
38 40
37 40
60 62
26 75
47 50
31 70
33 37
64 68
48 51
44 47
27 31
19 76
54 60
56 58
44 79
22 24
28 75
8 11
1 79
43 47
60 63
25 31
10 14
27 75
33 35
31 33
47 49
4 9
12 14
30 74
36 38
19 77
33 54
4 6
71 73
2 9
14 79
13 17
24 76
8 40
40 42
34 36
14 16
56 76
69 72
6 41
15 17
72 74
56 74
40 50
12 32
48 53
3 41
57 74
33 36
60 70
71 74
47 76
6 9
17 19
41 43
18 32

0 1
1 2
2 3
3 4
4 5
5 6
6 7
7 8
8 9
9 10
10 11
11 12
12 13
13 14
14 15
15 16
16 17
17 18
18 19
19 20
20 21
21 22
22 23
23 24
24 25
25 26
26 27
27 28
28 29
29 30
30 31
31 32
32 33
33 34
34 35
35 36
36 37
37 38
38 39
39 40
40 41
41 42
42 43
43 44
44 45
45 46
46 47
47 48
48 49
49 50
50 51
51 52
52 53
53 54
54 55
55 56
56 57
57 58
58 59
59 60
60 61
61 62
62 63
63 64
64 65
65 66
66 67
67 68
68 69
69 70
70 71
71 72
72 73
73 74
74 75
75 76
76 77
77 78
78 79
79 0
47 56
9 40
36 66
55 79
26 37
55 58
8 25
40 44
46 60
28 78
19 39
9 47
8 53
63 79
4 79
5 78
16 22
67 79
36 61
17 40
55 60
8 13
76 78
47 57
68 76
44 61
26 34
36 73
25 38
15 24
36 78
5 53
29 32
10 12
64 79
34 78
5 26
28 31
67 71
23 25
64 67
11 13
21 39
6 8
38 44
3 55
26 36
50 55
0 55
8 49
13 25
74 77
12 40
17 21
68 79
36 77
51 55
71 75
43 45
75 77
12 17
21 25
52 54
16 24
55 61
27 34
48 55
8 51
73 77
9 13
20 39
27 33
5 54
47 60
8 48
6 25
62 65
64 66
71 76
26 28
28 32
26 78
9 12
3 54
35 78
67 70
36 71
57 59
44 60
6 26
8 47
68 71
37 61
4 54
55 59
17 20
19 40
31 34
21 38
42 46
9 42
5 7
62 66
63 65
3 79
30 32
37 44
47 55
22 25
25 37
9 46
4 78
36 67
67 69
36 62
45 60
31 78
16 21
13 15
51 54
8 50
16 23
18 40
1 55
29 31
72 75
42 45
55 62
47 59
26 35
18 20
42 44
27 32
14 25
36 72
73 75
68 70
2 55
14 24
55 57
76 79
0 2
8 52
10 13
9 41
7 53
39 44
12 15
48 50
62 79
32 34
12 16
