0 1
1 2
2 3
3 4
4 5
5 6
6 7
7 8
8 9
9 10
10 11
11 12
12 13
13 14
14 15
15 16
16 17
17 18
18 19
19 20
20 21
21 22
22 23
23 24
24 25
25 26
26 27
27 28
28 29
29 30
30 31
31 32
32 33
33 34
34 35
35 36
36 37
37 38
38 39
39 40
40 41
41 42
42 43
43 44
44 45
45 46
46 47
47 48
48 49
49 50
50 51
51 52
52 53
53 54
54 55
55 56
56 57
57 58
58 59
59 60
60 61
61 62
62 63
63 64
64 65
65 66
66 67
67 68
68 69
69 70
70 71
71 72
72 73
73 74
74 75
75 76
76 77
77 78
78 79
79 80
80 81
81 0
14 19
8 31
36 59
4 80
20 50
31 38
53 64
35 64
0 69
51 66
0 79
3 5
19 51
52 57
13 24
31 50
40 47
31 49
3 35
54 63
13 66
21 28
4 8
44 49
41 50
19 66
75 79
22 28
70 73
35 59
72 75
13 16
1 66
54 61
13 78
35 60
41 49
13 73
6 35
52 55
2 4
9 78
40 49
17 19
19 50
66 70
1 3
13 28
52 58
45 49
69 75
4 6
20 30
5 35
8 80
38 49
36 50
12 28
17 66
35 65
10 29
13 15
45 47
13 75
22 24
39 50
1 80
6 32
14 20
55 59
52 59
35 38
14 16
30 50
31 35
53 66
52 54
26 28
47 49
13 22
32 35
9 29
13 20
67 69
9 12
29 31
12 29
35 61
0 66
36 52
8 32
6 34
44 47
8 79
66 68
72 74
16 66
23 28
7 32
77 79
42 49
71 75
20 29
37 50
73 75
41 43
14 17
45 48
23 27
1 65
57 59
25 28
52 56
14 18
36 38
4 7
8 78
52 66
13 25
0 80
54 59
61 64
37 39
69 79
23 25
41 44
71 73
36 51
1 35
0 67
61 63
23 26
59 61
11 29
13 70
9 31
46 48
20 22
62 64
39 49
75 78
9 11
56 59
40 44
68 70
2 80
70 75
76 79
32 34
39 41
54 64
42 44
33 35
21 29
12 78
53 65
1 81
75 77
0 1
1 2
2 3
3 4
4 5
5 6
6 7
7 8
8 9
9 10
10 11
11 12
12 13
13 14
14 15
15 16
16 17
17 18
18 19
19 20
20 21
21 22
22 23
23 24
24 25
25 26
26 27
27 28
28 29
29 30
30 31
31 32
32 33
33 34
34 35
35 36
36 37
37 38
38 39
39 40
40 41
41 42
42 43
43 44
44 45
45 46
46 47
47 48
48 49
49 50
50 51
51 52
52 53
53 54
54 55
55 56
56 57
57 58
58 59
59 60
60 61
61 62
62 63
63 64
64 65
65 66
66 67
67 68
68 69
69 70
70 71
71 72
72 73
73 74
74 75
75 76
76 77
77 78
78 79
79 80
80 81
81 0
49 63
23 47
37 67
24 79
29 39
15 55
1 78
10 57
49 67
7 67
25 71
11 17
50 59
51 59
9 59
10 18
10 23
5 24
7 72
9 60
47 51
7 10
5 76
15 57
25 27
39 47
41 46
28 69
15 52
7 61
40 42
38 43
7 24
29 67
61 66
5 75
24 74
43 67
19 52
50 62
4 24
0 78
43 46
29 35
24 71
24 28
15 17
76 78
3 79
13 57
24 78
30 33
61 65
27 69
18 21
38 42
24 76
11 14
8 61
1 76
49 62
24 26
40 46
22 51
47 67
67 72
10 24
28 68
49 66
17 52
27 70
34 38
41 45
12 57
30 39
32 39
51 54
24 27
1 4
29 47
0 3
6 75
55 58
35 37
21 51
39 46
29 33
28 67
34 37
1 77
11 15
25 70
42 45
7 9
6 73
43 45
10 12
48 50
51 53
18 22
71 74
49 65
49 64
38 40
22 47
24 29
10 59
18 23
18 52
20 52
6 24
59 62
3 24
11 13
43 47
36 67
69 72
34 39
0 2
16 52
1 5
29 34
24 47
38 67
62 65
8 60
30 32
33 39
3 80
55 57
69 71
24 75
48 51
68 72
19 21
15 56
21 52
53 55
7 66
14 57
11 18
60 62
31 33
35 67
54 58
78 81
6 72
6 74
15 53
44 46
48 67
78 80
10 58
3 81
63 65
51 58
