0 1
1 2
2 3
3 4
4 5
5 6
6 7
7 8
8 9
9 10
10 11
11 12
12 13
13 14
14 15
15 16
16 17
17 18
18 19
19 20
20 21
21 22
22 23
23 24
24 25
25 26
26 27
27 28
28 29
29 30
30 31
31 32
32 33
33 34
34 35
35 36
36 37
37 38
38 39
39 40
40 41
41 42
42 43
43 44
44 45
45 46
46 47
47 48
48 49
49 50
50 51
51 52
52 53
53 54
54 55
55 56
56 57
57 58
58 59
59 60
60 61
61 62
62 63
63 64
64 65
65 66
66 67
67 68
68 69
69 70
70 71
71 72
72 73
73 74
74 75
75 76
76 77
77 78
78 79
79 80
80 81
81 0
43 64
33 79
22 44
67 77
43 75
48 77
57 63
32 41
48 57
46 58
46 79
1 5
39 76
22 45
3 45
31 33
10 12
60 62
3 81
20 29
17 80
54 64
46 78
64 66
53 67
5 8
8 10
5 14
43 68
16 22
11 81
14 22
1 4
32 36
68 71
70 73
40 76
34 76
67 70
5 12
76 78
42 76
32 39
15 80
23 29
54 67
20 79
12 81
32 34
68 73
26 29
27 41
1 8
0 8
17 79
34 78
48 55
16 80
44 61
50 55
21 29
44 59
18 21
48 50
22 43
59 61
16 21
32 37
67 75
34 37
50 53
24 29
57 59
54 56
52 77
22 26
46 77
67 73
12 80
0 9
59 63
3 80
25 29
27 31
43 63
34 36
33 78
22 27
46 48
17 21
24 26
51 53
48 56
17 19
43 74
64 67
22 42
10 81
65 68
43 73
3 5
43 76
50 77
26 28
29 33
15 22
7 10
22 29
67 76
48 58
3 14
32 35
39 41
56 63
44 63
65 67
70 72
12 15
6 8
64 68
45 59
38 76
73 75
51 77
46 80
1 3
14 45
0 3
27 42
44 62
67 69
6 12
2 4
68 72
17 20
69 71
32 38
45 58
37 76
12 14
53 55
13 15
29 79
49 77
31 41
53 77
0 10
30 33
60 63
23 26
6 10
29 31
19 21
56 64
41 76
47 58
3 46
27 29

0 1
1 2
2 3
3 4
4 5
5 6
6 7
7 8
8 9
9 10
10 11
11 12
12 13
13 14
14 15
15 16
16 17
17 18
18 19
19 20
20 21
21 22
22 23
23 24
24 25
25 26
26 27
27 28
28 29
29 30
30 31
31 32
32 33
33 34
34 35
35 36
36 37
37 38
38 39
39 40
40 41
41 42
42 43
43 44
44 45
45 46
46 47
47 48
48 49
49 50
50 51
51 52
52 53
53 54
54 55
55 56
56 57
57 58
58 59
59 60
60 61
61 62
62 63
63 64
64 65
65 66
66 67
67 68
68 69
69 70
70 71
71 72
72 73
73 74
74 75
75 76
76 77
77 78
78 79
79 80
80 81
81 0
54 73
5 71
7 16
14 43
29 67
43 59
33 36
0 51
12 50
18 28
45 49
25 27
23 69
55 67
36 67
50 56
50 54
5 23
7 15
39 64
3 76
2 79
14 36
1 80
0 2
73 77
15 17
33 35
15 30
35 67
71 73
7 51
55 71
5 7
73 80
39 42
41 61
24 28
14 38
37 64
16 18
7 18
37 65
26 67
71 74
62 67
19 22
55 68
42 61
15 18
74 76
12 46
12 43
10 50
7 12
2 51
43 58
51 81
58 62
56 67
24 67
2 78
58 60
36 65
43 45
19 28
40 61
27 67
49 58
73 78
8 50
4 51
62 65
7 21
71 76
5 22
23 70
23 68
50 52
7 50
4 76
15 32
14 37
7 11
54 80
44 46
39 43
30 67
52 54
49 57
1 79
5 70
6 21
42 60
15 33
18 20
6 22
19 23
3 51
43 46
62 66
7 20
4 7
31 35
39 63
52 81
71 75
24 27
3 77
55 72
40 42
28 30
36 66
4 71
63 65
12 48
28 67
18 30
49 56
38 64
0 80
23 28
43 49
7 9
52 80
53 80
43 60
7 13
23 67
39 62
15 31
11 50
30 35
25 67
14 39
14 33
55 69
56 58
31 34
45 47
47 49
3 78
20 22
9 11
58 61
74 77
7 14
54 72
39 61
13 43
55 70
78 80
56 62
12 47
12 49
9 50
