0 1
1 2
2 3
3 4
4 5
5 6
6 7
7 8
8 9
9 10
10 11
11 12
12 13
13 14
14 15
15 16
16 17
17 18
18 19
19 20
20 21
21 22
22 23
23 24
24 25
25 26
26 27
27 28
28 29
29 30
30 31
31 32
32 33
33 34
34 35
35 36
36 37
37 38
38 39
39 40
40 41
41 42
42 43
43 44
44 45
45 46
46 47
47 48
48 49
49 50
50 51
51 52
52 53
53 54
54 55
55 56
56 57
57 58
58 59
59 60
60 61
61 62
62 63
63 64
64 65
65 66
66 67
67 68
68 69
69 70
70 71
71 72
72 73
73 74
74 75
75 76
76 77
77 78
78 79
79 80
80 81
81 0
31 55
1 52
54 65
14 36
2 81
61 71
13 29
14 17
12 41
13 36
30 59
32 39
29 81
71 75
44 55
58 61
14 16
53 72
64 68
7 46
74 76
30 34
9 11
0 52
59 71
6 50
29 35
36 38
46 53
7 50
2 50
16 26
7 13
72 75
18 20
13 24
41 55
10 41
37 39
8 45
34 38
46 54
54 70
1 81
56 63
30 33
46 49
25 27
13 41
10 43
26 36
18 21
55 59
57 59
30 35
4 29
34 39
13 40
2 4
29 77
30 55
16 24
8 43
61 63
3 81
44 54
56 61
20 24
24 28
76 81
61 68
8 13
7 47
16 23
29 79
9 12
8 10
13 17
5 50
16 21
0 76
30 71
29 75
35 38
75 77
24 29
77 80
53 74
64 67
77 81
40 55
2 52
57 61
16 22
15 26
42 55
20 22
32 55
77 79
10 42
32 34
7 29
7 48
52 76
13 18
36 39
4 7
63 65
54 68
61 64
55 65
66 68
51 53
58 60
28 35
5 7
7 49
20 23
56 62
25 28
9 13
53 76
19 21
30 75
13 20
43 55
56 65
50 52
46 50
47 49
30 32
32 40
8 46
16 18
10 12
65 68
26 35
68 70
65 67
60 71
26 28
53 71
54 71
16 25
61 69
55 57
13 39
72 74
4 81
2 5
43 45
14 26
44 46
69 71
78 80
50 53
29 80
73 75

0 1
1 2
2 3
3 4
4 5
5 6
6 7
7 8
8 9
9 10
10 11
11 12
12 13
13 14
14 15
15 16
16 17
17 18
18 19
19 20
20 21
21 22
22 23
23 24
24 25
25 26
26 27
27 28
28 29
29 30
30 31
31 32
32 33
33 34
34 35
35 36
36 37
37 38
38 39
39 40
40 41
41 42
42 43
43 44
44 45
45 46
46 47
47 48
48 49
49 50
50 51
51 52
52 53
53 54
54 55
55 56
56 57
57 58
58 59
59 60
60 61
61 62
62 63
63 64
64 65
65 66
66 67
67 68
68 69
69 70
70 71
71 72
72 73
73 74
74 75
75 76
76 77
77 78
78 79
79 80
80 81
81 0
30 68
11 31
6 66
7 76
24 68
8 32
0 75
15 68
33 67
19 28
54 60
7 57
2 67
36 45
54 59
46 67
32 52
14 75
11 13
53 56
0 70
50 67
38 50
3 67
15 21
60 64
17 30
12 30
36 67
3 6
37 41
2 79
2 76
32 57
8 57
46 48
14 71
7 66
9 14
43 48
59 61
4 66
30 67
32 35
79 81
38 51
19 22
1 70
51 67
1 69
35 37
54 66
52 67
12 14
57 64
1 80
25 30
32 51
43 47
3 76
26 29
35 67
36 43
53 57
2 78
43 50
15 18
0 73
15 71
70 73
52 66
37 42
38 41
7 14
38 40
0 77
57 63
56 59
25 29
40 42
7 64
9 31
24 27
36 46
16 30
24 26
23 68
45 47
62 64
0 79
17 28
23 28
35 51
0 80
71 73
1 67
0 78
39 42
48 50
60 66
14 30
71 74
22 68
32 53
25 68
34 67
67 69
21 68
38 42
6 76
15 17
54 56
53 66
7 65
17 19
70 72
15 20
11 14
37 43
28 30
42 50
12 31
7 9
56 58
31 67
76 78
0 74
19 23
59 62
1 79
32 67
5 66
60 65
36 44
3 66
14 76
33 35
23 27
3 5
15 69
58 63
58 62
8 31
44 47
10 31
37 51
15 30
60 62
14 74
10 14
53 55
43 49
27 29
15 70
15 19
48 67
