0 1
1 2
2 3
3 4
4 5
5 6
6 7
7 8
8 9
9 10
10 11
11 12
12 13
13 14
14 15
15 16
16 17
17 18
18 19
19 20
20 21
21 22
22 23
23 24
24 25
25 26
26 27
27 28
28 29
29 30
30 31
31 32
32 33
33 34
34 35
35 36
36 37
37 38
38 39
39 40
40 41
41 42
42 43
43 44
44 45
45 46
46 47
47 48
48 49
49 50
50 51
51 52
52 53
53 54
54 55
55 56
56 57
57 58
58 59
59 60
60 61
61 62
62 63
63 64
64 65
65 66
66 67
67 68
68 69
69 70
70 71
71 72
72 73
73 74
74 75
75 76
76 77
77 78
78 79
79 80
80 81
81 82
82 0
18 24
35 74
55 72
29 68
31 78
5 9
29 47
80 82
14 69
69 78
26 68
9 80
64 70
40 74
4 81
14 22
58 68
3 29
29 53
43 45
46 52
15 69
7 9
70 76
56 72
35 45
62 65
70 77
22 27
3 31
42 44
64 72
59 66
4 9
12 78
54 56
4 28
35 46
53 68
40 42
19 21
44 73
39 41
6 28
39 42
35 43
10 14
2 82
63 72
58 60
35 37
31 34
72 74
8 27
19 22
48 51
32 78
20 22
16 25
61 72
35 75
20 24
29 49
9 22
40 73
14 17
61 63
38 74
16 69
1 81
32 35
71 76
0 2
59 65
44 55
40 44
53 57
36 74
9 11
18 25
18 22
66 69
14 78
22 26
30 35
44 53
3 78
66 68
45 52
19 24
23 25
72 76
5 7
69 77
36 38
58 67
1 4
2 78
54 57
49 52
47 51
38 40
2 79
60 62
16 26
44 54
56 60
15 17
30 46
17 22
10 22
30 47
76 78
11 79
12 14
16 68
35 38
22 25
70 72
56 61
3 28
11 80
63 65
4 6
35 76
59 67
66 70
26 28
8 22
44 52
3 30
6 8
12 79
31 35
47 49
9 81
64 66
0 81
11 13
35 39
49 51
29 52
10 13
72 75
53 58
79 82
50 52
28 68
57 60
33 35
31 33
8 28
35 78
59 62
47 52
39 43
22 24
44 72
17 25
1 3
0 1
1 2
2 3
3 4
4 5
5 6
6 7
7 8
8 9
9 10
10 11
11 12
12 13
13 14
14 15
15 16
16 17
17 18
18 19
19 20
20 21
21 22
22 23
23 24
24 25
25 26
26 27
27 28
28 29
29 30
30 31
31 32
32 33
33 34
34 35
35 36
36 37
37 38
38 39
39 40
40 41
41 42
42 43
43 44
44 45
45 46
46 47
47 48
48 49
49 50
50 51
51 52
52 53
53 54
54 55
55 56
56 57
57 58
58 59
59 60
60 61
61 62
62 63
63 64
64 65
65 66
66 67
67 68
68 69
69 70
70 71
71 72
72 73
73 74
74 75
75 76
76 77
77 78
78 79
79 80
80 81
81 82
82 0
23 75
50 78
25 81
24 48
62 75
29 34
11 16
27 30
0 6
23 57
0 12
11 75
34 37
31 38
32 34
24 39
55 59
69 73
23 60
52 55
23 65
14 19
39 45
76 79
28 80
47 80
55 58
23 81
61 78
19 75
14 21
27 39
51 53
68 73
68 75
62 72
15 19
41 45
28 41
14 23
41 80
24 52
23 67
5 10
31 39
5 81
41 47
7 12
4 82
10 75
28 39
69 72
5 79
25 80
31 37
26 39
61 64
12 81
73 75
77 79
62 76
39 47
53 55
23 68
60 78
30 33
29 33
62 69
10 79
1 6
24 26
28 35
48 78
61 76
24 55
26 80
29 35
12 16
65 69
28 30
48 52
0 4
10 12
61 65
11 19
39 46
41 43
65 67
56 58
62 74
28 38
5 80
50 59
65 68
11 17
51 54
51 59
19 23
3 5
28 36
21 23
34 36
13 16
0 3
13 23
24 57
41 44
60 65
30 32
45 47
57 59
11 18
47 79
12 23
14 16
62 71
27 31
2 6
3 6
0 7
10 76
54 59
8 12
23 59
50 60
12 82
24 56
20 23
48 50
43 47
49 78
27 80
32 37
16 18
47 78
62 73
14 20
16 19
5 82
7 10
8 10
61 77
24 47
9 12
64 69
63 69
23 66
24 81
69 71
42 47
28 37
40 45
6 10
62 70
62 64
28 40
44 47
