0 1
1 2
2 3
3 4
4 5
5 6
6 7
7 8
8 9
9 10
10 11
11 12
12 13
13 14
14 15
15 16
16 17
17 18
18 19
19 20
20 21
21 22
22 23
23 24
24 25
25 26
26 27
27 28
28 29
29 30
30 31
31 32
32 33
33 34
34 35
35 36
36 37
37 38
38 39
39 40
40 41
41 42
42 43
43 44
44 45
45 46
46 47
47 48
48 49
49 50
50 51
51 52
52 53
53 54
54 55
55 56
56 57
57 58
58 59
59 60
60 61
61 62
62 63
63 64
64 65
65 66
66 67
67 68
68 69
69 70
70 71
71 72
72 73
73 74
74 75
75 76
76 77
77 78
78 79
79 80
80 81
81 82
82 83
83 0
6 35
4 32
33 81
47 57
3 57
35 76
3 56
45 61
38 41
18 34
42 67
66 69
8 22
69 79
70 77
40 76
67 70
4 24
46 56
5 22
12 17
38 56
77 80
1 59
20 23
72 74
7 13
62 69
79 82
19 32
24 28
26 28
64 69
37 40
45 67
7 9
58 61
40 71
49 55
42 70
18 35
7 18
62 66
48 55
12 22
40 42
3 82
50 56
57 61
4 30
43 45
46 55
71 74
11 13
0 3
48 56
43 56
1 58
35 37
48 57
24 31
62 79
59 79
1 83
52 56
10 13
19 34
44 56
63 66
5 35
51 53
13 16
46 61
4 37
59 82
47 61
13 18
5 36
59 61
34 80
46 48
59 62
1 3
23 31
49 56
63 69
71 77
28 31
16 18
14 17
3 33
70 78
19 31
4 28
25 27
52 54
53 55
9 13
72 77
58 60
3 38
0 2
38 40
4 25
13 17
19 23
33 80
10 22
29 31
0 82
14 16
5 37
1 57
63 65
49 53
45 66
78 80
51 56
45 62
24 27
54 56
75 77
7 35
74 77
35 40
38 43
74 76
5 24
65 69
35 77
4 38
18 20
17 20
67 69
80 82
5 8
45 56
35 80
40 74
20 22
4 33
30 32
38 42
25 28
59 83
43 67
4 29
21 23
10 12
37 39
15 17
40 70
66 68
49 51
19 33
69 78
12 20
8 10
5 7
73 77
5 23
33 82
0 1
1 2
2 3
3 4
4 5
5 6
6 7
7 8
8 9
9 10
10 11
11 12
12 13
13 14
14 15
15 16
16 17
17 18
18 19
19 20
20 21
21 22
22 23
23 24
24 25
25 26
26 27
27 28
28 29
29 30
30 31
31 32
32 33
33 34
34 35
35 36
36 37
37 38
38 39
39 40
40 41
41 42
42 43
43 44
44 45
45 46
46 47
47 48
48 49
49 50
50 51
51 52
52 53
53 54
54 55
55 56
56 57
57 58
58 59
59 60
60 61
61 62
62 63
63 64
64 65
65 66
66 67
67 68
68 69
69 70
70 71
71 72
72 73
73 74
74 75
75 76
76 77
77 78
78 79
79 80
80 81
81 82
82 83
83 0
6 67
3 79
9 80
45 59
18 57
10 80
41 77
18 45
14 59
24 42
32 79
12 18
10 31
44 75
44 73
49 54
26 42
45 51
44 70
11 14
64 68
30 41
53 59
44 64
19 22
63 67
62 64
4 74
19 44
77 79
48 50
41 75
4 71
22 43
18 44
23 30
39 77
31 38
33 35
4 80
9 14
32 34
35 78
4 79
81 83
1 80
52 59
35 38
15 57
18 48
7 60
44 62
29 41
10 23
38 78
41 76
18 46
0 4
11 21
23 27
44 69
6 60
38 77
4 6
25 42
4 76
9 60
13 15
64 67
76 79
2 4
50 52
48 51
60 62
18 49
32 35
44 60
60 67
19 21
54 58
18 56
7 80
27 29
54 59
41 43
67 71
4 81
23 43
23 26
26 29
8 80
32 80
44 61
5 80
15 58
17 57
11 22
45 60
2 79
36 78
18 55
35 79
41 44
1 79
31 34
18 54
15 59
80 83
6 80
4 82
70 73
4 83
4 75
50 54
12 15
11 19
1 4
6 71
45 48
68 70
31 41
4 72
29 42
10 14
8 60
73 75
23 42
9 59
16 57
50 53
12 14
23 29
12 19
65 67
36 38
24 26
31 80
4 73
31 35
56 58
71 73
44 68
18 47
0 80
65 68
19 43
45 47
64 66
55 58
31 39
51 59
40 77
11 23
15 18
31 40
10 30
60 63
37 78
23 28
11 20
68 71
