0 1
1 2
2 3
3 4
4 5
5 6
6 7
7 8
8 9
9 10
10 11
11 12
12 13
13 14
14 15
15 16
16 17
17 18
18 19
19 20
20 21
21 22
22 23
23 24
24 25
25 26
26 27
27 28
28 29
29 30
30 31
31 32
32 33
33 34
34 35
35 36
36 37
37 38
38 39
39 40
40 41
41 42
42 43
43 44
44 45
45 46
46 47
47 48
48 49
49 50
50 51
51 52
52 53
53 54
54 55
55 56
56 57
57 58
58 59
59 60
60 61
61 62
62 63
63 64
64 65
65 66
66 67
67 68
68 69
69 70
70 71
71 72
72 73
73 74
74 75
75 76
76 77
77 78
78 79
79 80
80 81
81 82
82 83
83 84
84 0
0 72
22 44
24 52
16 55
0 4
51 84
1 45
67 83
33 44
30 51
74 77
6 58
6 10
73 82
10 45
27 41
62 83
17 55
16 57
67 78
60 83
13 21
28 34
17 54
81 83
21 23
5 71
5 62
15 17
46 51
80 82
57 59
1 8
68 77
21 54
20 54
69 75
24 44
13 15
69 71
12 22
65 70
0 5
1 84
69 76
25 27
38 44
28 35
29 51
6 60
55 84
13 18
25 41
72 84
60 84
6 13
53 84
57 60
2 7
39 43
68 78
67 69
17 19
62 67
12 21
3 5
74 78
11 13
63 71
51 53
28 32
27 37
72 75
45 84
12 44
78 82
72 82
13 20
1 3
13 57
7 9
28 37
26 29
7 10
24 54
32 47
61 83
48 50
78 81
73 78
24 42
57 84
31 49
58 60
26 51
40 43
49 51
37 41
78 80
35 37
72 83
6 62
32 46
52 54
74 76
31 48
21 24
14 16
31 51
45 51
36 38
8 45
38 43
25 42
64 70
0 71
32 48
33 38
9 45
40 42
3 6
28 31
38 40
10 12
13 16
64 67
46 48
24 26
32 45
42 44
63 70
67 81
3 7
69 72
34 36
55 57
64 66
18 20
5 63
79 82
6 11
0 3
53 55
67 70
6 61
2 8
33 36
48 51
69 77
26 52
33 45
28 33
12 45
38 41
66 70
16 56
62 64
13 58
72 74
22 24
19 54
26 28
28 30
15 18

0 1
1 2
2 3
3 4
4 5
5 6
6 7
7 8
8 9
9 10
10 11
11 12
12 13
13 14
14 15
15 16
16 17
17 18
18 19
19 20
20 21
21 22
22 23
23 24
24 25
25 26
26 27
27 28
28 29
29 30
30 31
31 32
32 33
33 34
34 35
35 36
36 37
37 38
38 39
39 40
40 41
41 42
42 43
43 44
44 45
45 46
46 47
47 48
48 49
49 50
50 51
51 52
52 53
53 54
54 55
55 56
56 57
57 58
58 59
59 60
60 61
61 62
62 63
63 64
64 65
65 66
66 67
67 68
68 69
69 70
70 71
71 72
72 73
73 74
74 75
75 76
76 77
77 78
78 79
79 80
80 81
81 82
82 83
83 84
84 0
41 80
56 59
31 78
48 66
29 81
40 56
2 24
71 80
16 84
78 84
48 55
43 53
22 82
31 60
25 84
2 14
0 11
36 57
62 74
1 5
55 60
5 11
63 68
17 23
33 37
31 76
29 33
41 44
46 68
43 50
16 19
41 46
2 9
31 58
60 65
2 10
44 46
77 80
28 81
17 22
33 40
41 53
68 80
79 84
62 72
26 84
17 21
45 50
1 24
5 8
8 11
36 40
61 74
14 17
30 78
47 67
72 76
41 55
17 24
18 21
40 57
16 21
60 76
45 47
63 67
40 55
63 72
60 62
28 84
33 81
80 83
1 25
50 54
30 84
23 82
32 34
43 52
37 39
5 9
63 65
16 20
27 82
1 4
2 17
32 36
37 40
14 84
0 13
23 26
9 11
33 41
61 75
3 9
19 21
29 31
22 83
36 58
16 18
48 65
5 7
44 50
62 73
31 36
21 84
60 75
29 32
31 59
50 52
69 80
50 55
6 9
49 55
68 72
47 66
55 59
10 13
27 84
2 4
41 43
68 71
6 8
55 65
73 75
71 76
47 49
65 67
43 51
21 83
80 84
34 37
73 76
41 81
77 79
36 39
71 77
0 25
32 35
76 78
56 58
28 82
41 54
47 68
4 9
1 11
60 64
2 13
29 84
68 70
45 49
23 25
60 63
23 27
46 80
0 14
42 53
0 12
70 80
15 84
50 53
