0 1
1 2
2 3
3 4
4 5
5 6
6 7
7 8
8 9
9 10
10 11
11 12
12 13
13 14
14 15
15 16
16 17
17 18
18 19
19 20
20 21
21 22
22 23
23 24
24 25
25 26
26 27
27 28
28 29
29 30
30 31
31 32
32 33
33 34
34 35
35 36
36 37
37 38
38 39
39 40
40 41
41 42
42 43
43 44
44 45
45 46
46 47
47 48
48 49
49 50
50 51
51 52
52 53
53 54
54 55
55 56
56 57
57 58
58 59
59 60
60 61
61 62
62 63
63 64
64 65
65 66
66 67
67 68
68 69
69 70
70 71
71 72
72 73
73 74
74 75
75 76
76 77
77 78
78 79
79 80
80 81
81 82
82 83
83 84
84 0
34 76
10 21
48 51
5 14
50 72
50 58
2 30
19 83
1 72
47 61
14 19
32 80
2 33
34 39
2 48
63 75
50 53
0 19
1 5
34 61
69 72
14 16
29 32
9 27
15 19
47 55
61 71
3 7
45 48
38 47
23 82
42 46
23 27
48 50
32 82
62 67
1 83
72 81
9 28
21 27
11 16
67 74
11 19
53 57
25 27
51 53
44 46
15 17
77 79
55 59
9 11
2 31
0 83
34 40
34 37
41 48
34 48
72 83
34 79
78 80
75 81
22 24
20 22
3 6
41 47
58 60
20 83
62 65
5 13
67 71
10 20
53 58
43 46
75 80
52 54
4 6
29 82
32 81
7 11
81 83
1 84
63 74
9 21
49 51
72 74
48 54
58 72
63 76
3 29
21 24
57 59
42 44
42 45
7 13
76 78
58 61
3 5
34 63
37 39
8 28
41 46
61 72
38 41
64 66
56 59
67 69
0 14
34 47
61 67
24 27
20 82
33 80
64 67
12 16
8 11
0 5
34 62
2 72
35 39
55 57
76 80
68 74
11 20
47 59
63 67
74 81
5 7
11 17
1 3
53 55
27 29
33 48
3 28
69 73
38 40
7 12
2 32
51 54
70 72
48 72
23 25
68 73
7 28
30 32
76 79
23 26
34 41
17 19
34 36
46 48
11 18
20 23
27 82
2 29
69 71
62 64
13 16
35 37
37 47
47 54
59 61
65 67
34 80
41 45
0 1
1 2
2 3
3 4
4 5
5 6
6 7
7 8
8 9
9 10
10 11
11 12
12 13
13 14
14 15
15 16
16 17
17 18
18 19
19 20
20 21
21 22
22 23
23 24
24 25
25 26
26 27
27 28
28 29
29 30
30 31
31 32
32 33
33 34
34 35
35 36
36 37
37 38
38 39
39 40
40 41
41 42
42 43
43 44
44 45
45 46
46 47
47 48
48 49
49 50
50 51
51 52
52 53
53 54
54 55
55 56
56 57
57 58
58 59
59 60
60 61
61 62
62 63
63 64
64 65
65 66
66 67
67 68
68 69
69 70
70 71
71 72
72 73
73 74
74 75
75 76
76 77
77 78
78 79
79 80
80 81
81 82
82 83
83 84
84 0
13 61
67 83
20 61
5 43
31 35
11 81
42 56
62 66
8 30
44 84
8 82
38 61
48 59
68 79
7 32
69 82
29 38
32 40
5 82
74 76
72 77
19 30
67 80
62 84
57 60
11 13
74 77
7 31
40 60
0 3
54 56
66 81
19 28
33 35
20 38
71 79
79 81
5 83
50 55
73 76
32 42
11 66
42 54
50 56
47 62
8 31
68 80
39 61
48 57
36 40
63 66
6 42
76 81
72 76
17 30
9 15
68 83
66 84
18 30
73 75
77 81
70 79
12 14
71 77
11 14
69 83
14 20
52 55
19 23
32 35
23 38
4 83
42 48
42 49
28 30
19 24
26 28
40 42
31 37
9 81
42 47
2 83
67 81
11 62
68 70
6 82
45 84
71 78
41 60
43 84
2 84
44 47
26 29
3 43
11 63
78 81
56 60
8 17
69 81
46 62
11 65
32 36
29 37
51 55
19 25
19 27
71 81
42 52
60 62
6 32
14 61
16 20
0 43
41 56
59 62
6 8
29 31
10 15
48 62
15 20
16 18
42 51
26 38
13 62
8 16
5 42
11 15
50 57
9 16
16 19
24 26
3 83
4 43
36 38
70 81
10 81
33 36
46 84
43 47
42 50
8 81
21 38
49 57
36 39
45 47
19 22
21 23
73 77
48 58
40 61
24 38
66 83
31 36
11 64
63 65
19 26
0 2
19 21
71 76
42 53
32 34
