0 1
1 2
2 3
3 4
4 5
5 6
6 7
7 8
8 9
9 10
10 11
11 12
12 13
13 14
14 15
15 16
16 17
17 18
18 19
19 20
20 21
21 22
22 23
23 24
24 25
25 26
26 27
27 28
28 29
29 30
30 31
31 32
32 33
33 34
34 35
35 36
36 37
37 38
38 39
39 40
40 41
41 42
42 43
43 44
44 45
45 46
46 47
47 48
48 49
49 50
50 51
51 52
52 53
53 54
54 55
55 56
56 57
57 58
58 59
59 60
60 61
61 62
62 63
63 64
64 65
65 66
66 67
67 68
68 69
69 70
70 71
71 72
72 73
73 74
74 75
75 76
76 77
77 78
78 79
79 80
80 81
81 82
82 83
83 84
84 85
85 86
86 0
47 50
17 27
9 49
5 36
69 76
33 41
7 79
49 69
29 44
50 81
9 27
57 59
13 20
7 77
42 86
14 45
6 82
30 35
68 74
57 80
61 69
14 48
29 43
43 83
60 79
19 23
51 61
54 59
8 77
9 25
38 41
55 58
54 60
16 28
64 69
65 77
62 69
13 16
82 85
34 41
1 6
65 67
29 41
3 38
4 38
18 25
15 44
1 40
52 80
66 75
17 26
41 43
35 41
16 44
14 49
0 42
45 82
63 77
80 82
14 47
68 72
10 24
5 27
32 34
42 84
9 12
6 9
12 23
60 77
25 27
4 6
27 29
69 77
13 18
44 83
52 56
35 38
13 23
42 83
10 23
30 33
1 38
53 61
18 23
27 35
29 33
6 8
30 34
0 85
13 19
51 80
1 4
1 41
82 84
50 82
74 76
48 50
67 74
30 32
8 69
73 76
13 21
54 58
5 37
27 30
69 73
60 80
52 61
20 22
66 74
31 34
54 56
45 50
7 82
12 14
2 38
18 26
57 60
6 85
14 44
67 69
18 24
16 29
60 63
16 18
0 6
10 25
6 27
61 63
8 49
5 38
35 37
1 42
42 85
56 80
72 74
7 78
27 36
64 67
62 64
13 15
79 82
46 50
9 11
50 61
50 80
63 65
38 40
55 57
20 23
49 61
65 75
1 39
68 71
65 76
1 3
52 54
71 73
21 23
9 14
45 83
53 60
11 23
60 78
45 47
68 70
70 73
16 27
0 1
1 2
2 3
3 4
4 5
5 6
6 7
7 8
8 9
9 10
10 11
11 12
12 13
13 14
14 15
15 16
16 17
17 18
18 19
19 20
20 21
21 22
22 23
23 24
24 25
25 26
26 27
27 28
28 29
29 30
30 31
31 32
32 33
33 34
34 35
35 36
36 37
37 38
38 39
39 40
40 41
41 42
42 43
43 44
44 45
45 46
46 47
47 48
48 49
49 50
50 51
51 52
52 53
53 54
54 55
55 56
56 57
57 58
58 59
59 60
60 61
61 62
62 63
63 64
64 65
65 66
66 67
67 68
68 69
69 70
70 71
71 72
72 73
73 74
74 75
75 76
76 77
77 78
78 79
79 80
80 81
81 82
82 83
83 84
84 85
85 86
86 0
48 56
7 21
32 41
30 47
20 74
3 34
64 79
44 84
11 83
30 54
42 44
10 16
61 82
4 83
57 72
5 11
7 16
1 86
54 73
32 35
38 42
30 46
37 43
58 62
36 85
61 80
58 67
6 29
50 55
43 85
11 76
73 77
47 58
8 16
64 77
35 86
14 74
0 2
4 31
47 83
20 28
64 68
62 65
6 31
47 84
7 17
11 16
61 64
48 53
61 83
6 24
23 26
28 30
3 33
1 34
78 83
22 28
61 81
22 27
3 83
25 29
35 85
14 20
50 53
64 72
7 23
47 54
47 60
36 38
31 46
39 42
58 60
66 68
80 83
50 52
29 31
15 20
6 23
5 7
32 44
5 83
24 29
47 61
59 61
54 74
51 53
58 69
46 84
36 39
56 72
50 56
33 35
19 21
11 14
38 43
35 40
49 52
12 76
81 83
55 73
17 19
64 70
64 73
45 84
31 44
7 11
44 85
28 54
22 26
48 58
2 83
69 72
39 41
11 15
73 75
11 77
48 54
44 46
17 20
58 68
53 55
7 18
13 76
58 72
3 31
3 32
21 28
2 34
48 57
18 21
7 9
1 35
2 85
65 68
36 43
48 52
32 40
20 54
26 29
58 61
61 79
11 13
56 73
58 66
2 84
9 16
24 26
13 75
14 75
77 79
75 77
49 56
41 44
62 66
2 86
36 40
15 17
69 71
7 10
5 31
70 72
78 80
77 83
26 28
7 22
