0 1
1 2
2 3
3 4
4 5
5 6
6 7
7 8
8 9
9 10
10 11
11 12
12 13
13 14
14 15
15 16
16 17
17 18
18 19
19 20
20 21
21 22
22 23
23 24
24 25
25 26
26 27
27 28
28 29
29 30
30 31
31 32
32 33
33 34
34 35
35 36
36 37
37 38
38 39
39 40
40 41
41 42
42 43
43 44
44 45
45 46
46 47
47 48
48 49
49 50
50 51
51 52
52 53
53 54
54 55
55 56
56 57
57 58
58 59
59 60
60 61
61 62
62 63
63 64
64 65
65 66
66 67
67 68
68 69
69 70
70 71
71 72
72 73
73 74
74 75
75 76
76 77
77 78
78 79
79 80
80 81
81 82
82 83
83 84
84 85
85 86
86 87
87 0
27 36
59 82
3 84
58 71
0 57
5 30
42 78
71 78
40 83
3 19
42 47
59 75
26 84
39 56
30 37
24 26
78 82
30 38
18 25
45 47
0 59
10 30
65 68
54 57
31 35
5 10
59 79
13 16
24 84
19 84
6 18
44 52
60 65
72 78
11 18
32 34
54 71
27 33
2 30
8 10
66 75
43 53
13 27
48 50
58 63
42 46
11 17
21 24
15 26
36 84
79 82
15 25
68 73
1 30
45 50
45 49
31 34
73 78
31 33
41 82
1 85
2 4
7 18
10 13
55 57
10 29
0 38
60 63
41 56
75 78
50 52
52 56
3 85
42 50
60 64
65 69
5 18
21 23
63 65
54 78
57 59
38 40
59 77
13 17
11 13
39 57
59 62
7 11
84 87
59 61
23 84
30 36
22 84
60 62
13 26
68 71
39 41
42 45
36 38
53 55
47 50
4 19
59 65
38 83
38 57
1 38
59 83
59 78
2 5
1 86
26 36
31 36
5 9
59 76
47 49
29 33
43 78
15 18
10 28
42 56
63 70
41 83
36 83
10 27
69 71
66 68
45 52
59 84
42 51
65 70
58 62
65 75
29 31
28 33
74 78
5 19
18 24
51 56
20 22
79 81
20 24
14 16
41 78
67 74
53 78
0 86
1 3
68 72
5 7
14 26
68 74
43 52
85 87
59 80
67 75
15 17
34 36
27 34
59 87
63 71
80 82
7 10
52 55
5 8
19 24
42 44
19 22
75 77
57 71
10 12
0 1
1 2
2 3
3 4
4 5
5 6
6 7
7 8
8 9
9 10
10 11
11 12
12 13
13 14
14 15
15 16
16 17
17 18
18 19
19 20
20 21
21 22
22 23
23 24
24 25
25 26
26 27
27 28
28 29
29 30
30 31
31 32
32 33
33 34
34 35
35 36
36 37
37 38
38 39
39 40
40 41
41 42
42 43
43 44
44 45
45 46
46 47
47 48
48 49
49 50
50 51
51 52
52 53
53 54
54 55
55 56
56 57
57 58
58 59
59 60
60 61
61 62
62 63
63 64
64 65
65 66
66 67
67 68
68 69
69 70
70 71
71 72
72 73
73 74
74 75
75 76
76 77
77 78
78 79
79 80
80 81
81 82
82 83
83 84
84 85
85 86
86 87
87 0
17 29
42 84
30 55
32 36
48 51
53 75
27 80
16 39
3 21
24 87
39 43
6 10
59 71
16 33
25 86
28 68
3 13
3 9
28 78
52 79
44 54
11 41
28 72
62 69
59 68
23 28
45 84
29 57
16 41
44 46
2 11
55 58
1 22
31 55
62 65
40 42
57 68
51 82
83 85
62 71
71 74
49 82
45 48
4 7
47 53
15 21
3 7
55 59
14 41
63 67
3 22
69 72
0 23
70 72
27 79
81 83
32 39
18 28
18 20
39 44
42 86
20 28
53 76
76 79
40 43
31 54
52 80
17 19
82 84
17 31
60 71
56 58
25 87
44 47
17 20
61 63
32 54
1 23
71 75
23 87
60 68
34 38
26 83
61 67
27 78
2 86
53 71
66 69
72 77
45 82
16 38
6 9
28 77
3 5
3 15
26 80
73 75
18 29
54 59
3 14
44 84
61 68
61 71
17 32
33 35
17 21
2 87
53 79
62 66
51 80
73 77
16 40
16 21
37 39
62 64
49 51
29 68
4 6
6 11
2 6
32 37
35 38
47 51
47 54
23 26
30 56
84 86
73 76
3 11
12 41
72 74
51 53
32 35
83 86
50 82
25 83
26 81
67 69
2 41
28 69
22 28
7 9
58 68
33 38
39 54
29 56
3 10
64 67
13 41
35 37
23 27
48 82
2 22
65 67
6 8
51 81
0 2
17 30
17 33
2 42
53 59
46 48
43 84
21 28
62 70
76 78
3 6
15 41
23 25
3 12
