0 1
1 2
2 3
3 4
4 5
5 6
6 7
7 8
8 9
9 10
10 11
11 12
12 13
13 14
14 15
15 16
16 17
17 18
18 19
19 20
20 21
21 22
22 23
23 24
24 25
25 26
26 27
27 28
28 29
29 30
30 31
31 32
32 33
33 34
34 35
35 36
36 37
37 38
38 39
39 40
40 41
41 42
42 43
43 44
44 45
45 46
46 47
47 48
48 49
49 50
50 51
51 52
52 53
53 54
54 55
55 56
56 57
57 58
58 59
59 60
60 61
61 62
62 63
63 64
64 65
65 66
66 67
67 68
68 69
69 70
70 71
71 72
72 73
73 74
74 75
75 76
76 77
77 78
78 79
79 80
80 81
81 82
82 83
83 84
84 85
85 86
86 87
87 0
12 17
21 33
47 73
2 20
47 81
6 21
2 66
57 59
38 81
56 70
42 54
0 85
47 55
4 85
62 64
66 84
56 58
23 66
48 50
43 45
24 64
53 55
30 32
28 55
15 21
25 29
68 80
55 58
23 29
20 22
68 77
6 19
2 22
29 33
39 54
25 62
26 61
9 13
31 55
1 4
79 81
36 39
59 66
47 72
9 12
2 4
49 54
68 83
6 34
68 75
68 78
66 83
56 69
3 19
39 45
43 49
6 83
73 77
75 77
12 19
6 81
35 54
77 81
80 82
43 46
25 27
50 55
6 85
23 65
6 12
4 87
59 64
74 77
57 68
5 19
2 85
60 63
67 83
33 54
5 85
3 5
59 65
59 61
40 43
9 11
39 47
80 83
35 81
55 61
83 85
51 53
8 15
6 33
24 65
56 71
44 46
30 55
47 49
6 10
2 19
43 47
69 74
12 16
39 81
36 38
59 63
9 15
27 61
74 76
12 15
35 38
58 61
7 10
77 79
69 72
69 71
16 20
59 67
26 62
56 72
50 54
4 86
27 29
24 29
22 66
32 55
0 86
69 73
7 21
45 47
12 14
28 30
39 42
39 41
60 62
42 49
15 20
40 42
33 55
17 20
81 83
21 29
0 2
40 45
68 79
52 54
34 81
21 23
50 53
28 61
35 39
50 52
7 9
2 84
1 87
57 67
29 32
55 72
47 50
9 14
25 64
47 77
12 18
18 20
10 12
34 54
68 74
7 15
56 68
37 39
0 1
1 2
2 3
3 4
4 5
5 6
6 7
7 8
8 9
9 10
10 11
11 12
12 13
13 14
14 15
15 16
16 17
17 18
18 19
19 20
20 21
21 22
22 23
23 24
24 25
25 26
26 27
27 28
28 29
29 30
30 31
31 32
32 33
33 34
34 35
35 36
36 37
37 38
38 39
39 40
40 41
41 42
42 43
43 44
44 45
45 46
46 47
47 48
48 49
49 50
50 51
51 52
52 53
53 54
54 55
55 56
56 57
57 58
58 59
59 60
60 61
61 62
62 63
63 64
64 65
65 66
66 67
67 68
68 69
69 70
70 71
71 72
72 73
73 74
74 75
75 76
76 77
77 78
78 79
79 80
80 81
81 82
82 83
83 84
84 85
85 86
86 87
87 0
14 63
54 83
5 86
13 81
34 56
44 48
12 34
67 78
27 31
56 66
40 55
16 28
16 34
12 86
39 83
56 83
12 32
14 80
10 83
4 12
36 40
45 51
57 64
12 35
24 33
75 79
81 84
71 75
11 35
81 86
15 56
14 64
40 51
6 8
14 79
78 80
69 78
8 86
23 34
72 77
49 51
12 81
5 12
17 22
27 32
13 16
17 28
17 21
56 62
19 21
66 78
21 25
11 83
2 12
6 11
51 54
59 62
66 79
27 33
67 75
14 66
84 86
45 55
78 82
36 83
17 19
72 75
72 74
40 44
13 29
35 83
41 49
58 63
56 64
58 60
16 29
22 34
40 83
40 52
37 83
0 5
1 86
5 11
41 44
83 86
56 61
71 77
57 61
18 22
56 78
43 48
9 83
22 24
56 65
46 49
35 55
68 70
71 73
52 83
8 11
12 31
1 12
14 16
67 70
1 5
3 12
44 55
53 83
44 47
45 49
38 40
70 75
56 63
17 25
38 83
7 86
26 28
13 30
37 40
2 5
35 56
66 75
40 50
75 78
22 25
45 54
13 31
6 86
28 31
69 77
41 43
12 33
18 21
24 26
58 62
55 83
72 76
5 87
16 22
73 75
24 34
56 82
67 69
58 64
70 77
64 66
82 84
24 27
81 85
9 86
42 48
41 48
16 56
17 26
46 48
76 78
13 80
78 81
29 31
41 50
36 55
14 56
57 60
8 10
