0 1
1 2
2 3
3 4
4 5
5 6
6 7
7 8
8 9
9 10
10 11
11 12
12 13
13 14
14 15
15 16
16 17
17 18
18 19
19 20
20 21
21 22
22 23
23 24
24 25
25 26
26 27
27 28
28 29
29 30
30 31
31 32
32 33
33 34
34 35
35 36
36 37
37 38
38 39
39 40
40 41
41 42
42 43
43 44
44 45
45 46
46 47
47 48
48 49
49 50
50 51
51 52
52 53
53 54
54 55
55 56
56 57
57 58
58 59
59 60
60 61
61 62
62 63
63 64
64 65
65 66
66 67
67 68
68 69
69 70
70 71
71 72
72 73
73 74
74 75
75 76
76 77
77 78
78 79
79 80
80 81
81 82
82 83
83 84
84 85
85 86
86 87
87 0
62 87
29 41
44 53
9 47
10 59
33 47
3 71
82 84
68 87
13 26
15 33
0 49
13 41
1 5
29 36
34 43
62 70
2 4
3 5
5 7
5 60
33 36
27 32
57 59
76 81
52 57
60 87
73 77
76 87
64 87
39 43
23 27
68 76
11 55
71 83
15 24
64 70
71 86
34 39
0 71
12 47
12 43
11 53
81 83
21 27
29 40
73 81
16 33
0 3
48 52
71 73
7 60
8 10
37 39
16 20
18 33
8 60
52 87
13 25
68 73
46 48
9 11
52 54
33 35
15 25
82 86
57 60
23 25
26 29
36 39
26 28
13 29
39 42
11 47
12 41
16 22
5 9
18 20
72 83
27 33
66 70
81 86
27 30
29 39
77 81
61 71
31 36
65 68
44 52
63 87
52 56
34 37
39 41
0 2
8 59
16 21
3 61
44 47
56 58
6 9
75 77
18 21
51 87
73 78
5 48
21 33
62 71
15 22
30 36
22 24
49 87
48 50
12 53
71 84
73 79
12 15
5 61
17 19
52 55
61 87
53 55
7 9
74 76
5 49
31 33
33 44
67 70
34 38
45 52
64 66
68 74
70 73
78 81
14 25
34 36
10 56
11 56
12 44
74 77
16 19
52 60
68 70
50 87
34 44
73 83
12 33
22 27
45 48
81 87
65 87
69 73
0 5
13 15
25 27
30 32
65 67
50 52
78 80
10 58
82 85
2 5
71 85
12 42
17 33
71 87
44 46
5 47
63 70
28 30
73 80

0 1
1 2
2 3
3 4
4 5
5 6
6 7
7 8
8 9
9 10
10 11
11 12
12 13
13 14
14 15
15 16
16 17
17 18
18 19
19 20
20 21
21 22
22 23
23 24
24 25
25 26
26 27
27 28
28 29
29 30
30 31
31 32
32 33
33 34
34 35
35 36
36 37
37 38
38 39
39 40
40 41
41 42
42 43
43 44
44 45
45 46
46 47
47 48
48 49
49 50
50 51
51 52
52 53
53 54
54 55
55 56
56 57
57 58
58 59
59 60
60 61
61 62
62 63
63 64
64 65
65 66
66 67
67 68
68 69
69 70
70 71
71 72
72 73
73 74
74 75
75 76
76 77
77 78
78 79
79 80
80 81
81 82
82 83
83 84
84 85
85 86
86 87
87 0
18 57
11 27
71 79
13 57
72 84
9 34
24 56
35 40
60 79
23 26
0 43
53 64
15 26
43 68
38 55
8 80
43 47
56 61
29 56
56 64
27 56
80 87
8 12
64 79
75 83
49 68
6 35
75 82
72 76
46 52
46 51
6 42
75 81
11 26
69 87
31 56
41 55
70 84
52 65
71 77
65 70
43 69
6 41
7 87
80 83
10 32
35 55
32 56
74 84
42 45
73 84
21 23
15 57
5 43
65 69
59 61
13 59
70 72
1 4
11 32
59 80
34 56
69 84
61 64
46 53
73 76
66 68
51 66
46 55
35 39
62 64
64 71
75 79
4 7
12 26
63 79
20 23
1 87
27 29
21 56
6 34
6 43
22 56
80 85
20 57
51 65
16 18
12 14
38 40
43 48
9 12
17 57
19 57
38 41
8 87
15 20
72 77
42 44
24 26
43 45
74 83
29 32
77 79
50 66
28 32
45 55
33 56
42 55
57 61
6 8
20 56
45 47
54 56
8 13
4 43
25 56
60 80
62 79
15 17
75 78
1 7
76 78
35 37
29 31
50 68
65 71
43 49
15 18
52 64
54 64
47 50
73 75
10 34
30 56
2 43
1 43
69 86
4 6
80 86
67 69
66 69
14 57
1 3
46 50
10 33
36 55
43 87
69 85
37 55
6 40
34 55
26 56
46 54
60 62
47 49
20 26
14 26
80 82
79 81
13 80
3 43
80 84
23 56
15 19
35 38
58 61
11 28
8 34
10 12
13 58
