0 1
1 2
2 3
3 4
4 5
5 6
6 7
7 8
8 9
9 10
10 11
11 12
12 13
13 14
14 15
15 16
16 17
17 18
18 19
19 20
20 21
21 22
22 23
23 24
24 25
25 26
26 27
27 28
28 29
29 30
30 31
31 32
32 33
33 34
34 35
35 36
36 37
37 38
38 39
39 40
40 41
41 42
42 43
43 44
44 45
45 46
46 47
47 48
48 49
49 50
50 51
51 52
52 53
53 54
54 55
55 56
56 57
57 58
58 59
59 60
60 61
61 62
62 63
63 64
64 65
65 66
66 67
67 68
68 69
69 70
70 71
71 72
72 73
73 74
74 75
75 76
76 77
77 78
78 79
79 80
80 81
81 82
82 83
83 84
84 85
85 86
86 87
87 88
88 0
2 33
8 49
70 73
15 35
52 76
66 85
49 80
82 85
3 62
15 41
58 65
13 20
21 28
3 54
36 45
11 24
6 30
54 72
51 79
8 53
58 72
81 85
10 13
13 15
46 48
59 61
8 27
70 72
2 32
3 57
9 24
58 61
59 65
31 35
66 68
68 78
1 86
2 35
10 48
86 88
2 86
21 29
56 58
5 54
68 73
65 70
13 24
15 43
47 85
17 19
17 31
10 45
1 47
3 6
50 52
35 45
65 72
54 74
51 78
2 45
69 73
41 44
7 30
14 20
62 65
15 20
19 30
31 34
79 85
13 43
38 44
64 85
47 88
74 77
8 52
20 22
60 62
1 88
67 70
15 19
49 51
48 81
2 6
68 74
55 57
35 37
15 40
53 75
2 64
8 28
33 35
57 62
13 45
17 35
48 85
47 86
18 31
3 63
23 27
1 46
32 34
47 87
52 75
21 27
3 64
10 49
2 31
54 73
15 42
80 82
58 62
79 84
0 47
82 84
13 22
15 39
2 85
7 53
21 30
60 65
43 45
65 67
36 44
49 79
7 28
53 74
8 24
28 30
64 66
62 64
6 54
7 54
22 24
54 57
78 85
8 50
12 24
67 69
66 78
55 72
79 82
75 77
38 41
36 38
19 31
51 76
8 26
55 58
20 30
15 37
49 81
51 77
3 5
22 27
74 78
15 17
25 27
39 41
10 12
6 31
83 85
8 10
2 46
10 24
8 25
41 43
71 73
16 35
15 38
4 6
23 25
45 48

0 1
1 2
2 3
3 4
4 5
5 6
6 7
7 8
8 9
9 10
10 11
11 12
12 13
13 14
14 15
15 16
16 17
17 18
18 19
19 20
20 21
21 22
22 23
23 24
24 25
25 26
26 27
27 28
28 29
29 30
30 31
31 32
32 33
33 34
34 35
35 36
36 37
37 38
38 39
39 40
40 41
41 42
42 43
43 44
44 45
45 46
46 47
47 48
48 49
49 50
50 51
51 52
52 53
53 54
54 55
55 56
56 57
57 58
58 59
59 60
60 61
61 62
62 63
63 64
64 65
65 66
66 67
67 68
68 69
69 70
70 71
71 72
72 73
73 74
74 75
75 76
76 77
77 78
78 79
79 80
80 81
81 82
82 83
83 84
84 85
85 86
86 87
87 88
88 0
22 38
17 52
1 26
48 70
45 81
41 45
1 23
12 82
59 74
41 82
1 83
25 37
42 81
54 82
21 49
11 14
46 74
16 54
54 81
55 74
52 54
18 51
10 83
5 9
35 39
52 63
39 83
31 37
40 83
22 48
7 86
54 75
79 81
1 6
51 68
21 48
60 66
11 18
0 7
28 32
17 53
29 37
34 37
42 44
18 22
54 78
52 67
52 55
1 3
15 82
78 80
70 74
45 47
5 8
18 21
26 39
1 18
75 79
31 33
55 61
15 54
64 67
34 36
14 17
61 66
27 34
9 85
66 72
2 11
67 72
9 84
22 37
61 64
74 81
68 71
20 51
16 53
5 10
25 28
22 39
60 74
20 50
7 88
45 74
23 26
5 11
2 5
1 39
77 79
18 20
13 82
51 69
56 74
22 41
18 23
57 74
50 70
27 35
55 59
55 62
20 49
0 86
24 26
28 33
14 82
11 17
1 4
48 50
28 31
7 9
83 86
67 71
75 81
84 86
0 6
12 14
2 18
0 83
30 37
48 74
41 48
60 72
55 60
7 85
2 4
37 39
11 82
25 29
54 80
29 31
0 87
1 5
5 7
50 69
14 16
27 33
26 28
18 52
43 81
22 25
68 70
52 64
51 67
41 83
72 74
33 37
75 78
19 21
42 82
27 39
76 79
57 59
7 87
9 83
41 47
47 74
60 73
58 74
36 39
76 78
44 81
11 83
71 74
55 75
61 63
61 65
55 63
56 59
22 40
42 45
