0 1
1 2
2 3
3 4
4 5
5 6
6 7
7 8
8 9
9 10
10 11
11 12
12 13
13 14
14 15
15 16
16 17
17 18
18 19
19 20
20 21
21 22
22 23
23 24
24 25
25 26
26 27
27 28
28 29
29 30
30 31
31 32
32 33
33 34
34 35
35 36
36 37
37 38
38 39
39 40
40 41
41 42
42 43
43 44
44 45
45 46
46 47
47 48
48 49
49 50
50 51
51 52
52 53
53 54
54 55
55 56
56 57
57 58
58 59
59 60
60 61
61 62
62 63
63 64
64 65
65 66
66 67
67 68
68 69
69 70
70 71
71 72
72 73
73 74
74 75
75 76
76 77
77 78
78 79
79 80
80 81
81 82
82 83
83 84
84 85
85 86
86 87
87 88
88 89
89 0
38 43
15 35
33 38
26 51
51 72
0 2
2 85
32 51
45 54
17 73
40 67
6 84
39 67
67 86
12 80
39 41
7 67
40 42
43 48
10 38
60 64
67 88
57 72
59 61
35 37
24 35
65 70
64 71
69 81
4 85
25 31
43 49
17 78
43 63
0 7
11 15
4 84
46 52
16 23
22 26
9 11
69 74
15 38
16 78
69 84
1 6
8 83
26 30
18 21
24 32
48 50
3 85
54 57
17 74
56 61
69 80
17 26
11 82
14 16
43 65
51 53
15 37
84 86
25 32
11 83
13 16
74 76
17 23
67 89
26 28
44 56
12 82
38 41
78 80
13 80
18 20
51 73
29 32
0 85
47 50
45 55
17 19
43 56
42 66
85 88
20 26
57 71
51 57
17 22
27 30
17 51
23 35
45 48
65 69
68 84
52 54
44 48
9 83
38 51
58 71
69 79
1 7
11 13
76 78
26 32
70 74
70 73
44 55
32 38
50 52
35 38
2 4
1 5
56 63
17 75
0 67
46 50
29 31
20 22
38 50
43 64
13 15
86 88
8 10
6 8
43 66
61 63
18 22
33 35
24 33
60 62
55 57
80 82
58 64
38 67
74 78
27 29
65 67
46 48
74 77
1 4
68 86
17 20
74 79
34 38
81 84
85 89
4 6
13 78
65 71
38 42
82 84
8 84
57 61
7 38
17 76
36 38
45 52
23 25
40 66
85 87
62 64
59 64
65 68
26 31
26 29
58 61
51 54
16 35
70 72
23 26
38 49
11 38
8 38
0 1
1 2
2 3
3 4
4 5
5 6
6 7
7 8
8 9
9 10
10 11
11 12
12 13
13 14
14 15
15 16
16 17
17 18
18 19
19 20
20 21
21 22
22 23
23 24
24 25
25 26
26 27
27 28
28 29
29 30
30 31
31 32
32 33
33 34
34 35
35 36
36 37
37 38
38 39
39 40
40 41
41 42
42 43
43 44
44 45
45 46
46 47
47 48
48 49
49 50
50 51
51 52
52 53
53 54
54 55
55 56
56 57
57 58
58 59
59 60
60 61
61 62
62 63
63 64
64 65
65 66
66 67
67 68
68 69
69 70
70 71
71 72
72 73
73 74
74 75
75 76
76 77
77 78
78 79
79 80
80 81
81 82
82 83
83 84
84 85
85 86
86 87
87 88
88 89
89 0
77 89
43 53
7 30
5 34
31 89
40 89
57 86
61 76
49 55
47 64
46 76
32 45
43 51
23 27
35 41
49 62
12 16
56 87
20 34
47 69
58 84
80 83
59 62
8 26
7 26
61 80
15 34
4 89
46 72
60 83
53 89
1 38
78 84
54 88
22 30
10 15
18 26
34 37
19 21
2 34
77 85
45 47
76 79
12 14
41 43
37 39
10 14
41 89
5 7
47 66
77 86
38 40
62 74
7 34
0 4
46 77
64 69
15 20
31 45
48 51
47 72
35 43
8 11
5 89
11 16
5 30
64 73
16 18
38 89
79 84
43 52
44 47
8 15
61 83
79 82
48 62
47 71
8 18
49 54
41 53
49 59
76 80
58 86
19 23
42 53
24 26
53 88
49 51
37 40
47 62
21 31
56 58
33 43
19 24
58 83
47 68
77 79
0 3
21 34
77 87
81 83
87 89
21 32
0 38
37 41
30 89
33 45
21 30
46 73
55 88
7 27
78 85
22 29
63 74
43 45
23 29
25 27
36 41
57 87
7 29
49 52
6 34
49 53
2 37
49 58
19 22
21 33
10 12
3 34
24 27
62 75
31 46
58 60
64 67
79 83
8 17
15 19
47 63
55 58
12 15
3 5
10 13
43 47
18 24
16 19
73 76
23 28
62 76
64 74
79 81
64 66
11 17
7 28
64 70
2 38
7 15
56 88
34 36
47 70
34 43
47 65
47 67
67 69
71 73
9 15
46 89
1 3
73 75
58 85
47 51
