0 1
1 2
2 3
3 4
4 5
5 6
6 7
7 8
8 9
9 10
10 11
11 12
12 13
13 14
14 15
15 16
16 17
17 18
18 19
19 20
20 21
21 22
22 23
23 24
24 25
25 26
26 27
27 28
28 29
29 30
30 31
31 32
32 33
33 34
34 35
35 36
36 37
37 38
38 39
39 40
40 41
41 42
42 43
43 44
44 45
45 46
46 47
47 48
48 49
49 50
50 51
51 52
52 53
53 54
54 55
55 56
56 57
57 58
58 59
59 60
60 61
61 62
62 63
63 64
64 65
65 66
66 67
67 68
68 69
69 70
70 71
71 72
72 73
73 74
74 75
75 76
76 77
77 78
78 79
79 80
80 81
81 82
82 83
83 84
84 85
85 86
86 87
87 88
88 89
89 90
90 0
68 84
52 65
49 83
17 29
6 41
12 65
76 84
30 39
59 68
11 24
6 87
3 44
44 65
17 38
53 62
8 85
47 65
49 88
33 35
54 75
60 64
68 85
5 88
34 38
45 88
51 81
4 42
14 39
54 77
2 4
77 82
23 29
39 42
18 29
23 25
60 62
53 77
17 24
29 36
43 65
71 74
9 26
6 86
28 41
77 79
10 85
44 88
64 67
79 82
80 82
88 90
59 71
70 84
50 82
51 82
47 49
12 43
4 43
9 28
57 60
2 88
11 15
75 84
84 86
17 39
26 29
44 89
71 73
55 74
30 40
22 24
29 32
28 30
65 85
36 38
53 80
55 72
72 74
82 84
56 58
30 32
70 74
70 75
11 17
83 88
14 17
33 38
53 64
52 80
24 26
86 88
12 39
7 41
66 85
68 71
12 85
9 85
3 43
23 26
53 78
18 24
17 37
59 64
54 61
52 64
32 35
19 23
1 89
62 64
5 41
0 88
2 89
10 26
54 60
8 28
17 36
2 5
15 17
49 52
20 22
8 86
0 89
48 65
8 41
18 22
44 46
11 16
33 39
13 15
11 85
53 63
21 23
59 72
18 23
58 60
27 29
54 57
31 39
77 84
64 66
45 49
11 13
49 65
58 72
51 80
19 22
19 21
0 2
35 38
83 86
75 77
54 74
64 68
69 71
44 47
12 42
32 39
69 84
54 56
50 83
45 47
55 58
6 88
13 39
9 27
66 68
39 41
49 51
3 89
30 41
32 36
6 8
53 79
4 41
53 61
11 26

0 1
1 2
2 3
3 4
4 5
5 6
6 7
7 8
8 9
9 10
10 11
11 12
12 13
13 14
14 15
15 16
16 17
17 18
18 19
19 20
20 21
21 22
22 23
23 24
24 25
25 26
26 27
27 28
28 29
29 30
30 31
31 32
32 33
33 34
34 35
35 36
36 37
37 38
38 39
39 40
40 41
41 42
42 43
43 44
44 45
45 46
46 47
47 48
48 49
49 50
50 51
51 52
52 53
53 54
54 55
55 56
56 57
57 58
58 59
59 60
60 61
61 62
62 63
63 64
64 65
65 66
66 67
67 68
68 69
69 70
70 71
71 72
72 73
73 74
74 75
75 76
76 77
77 78
78 79
79 80
80 81
81 82
82 83
83 84
84 85
85 86
86 87
87 88
88 89
89 90
90 0
40 88
25 56
27 48
66 90
18 27
40 52
48 52
7 37
61 80
29 40
68 72
0 3
75 79
0 12
8 14
40 47
75 85
4 9
41 51
22 57
54 83
39 88
69 74
4 11
59 80
69 79
14 32
0 62
14 34
18 32
54 86
5 89
75 90
17 20
62 80
41 49
20 23
15 22
75 88
4 8
13 59
3 90
58 82
9 11
53 56
3 5
75 86
7 39
0 65
41 52
29 31
43 45
25 52
8 11
28 32
1 11
69 78
30 38
41 43
14 37
8 13
1 12
40 43
64 80
26 52
0 61
5 7
5 39
60 80
67 75
54 58
68 79
67 72
42 48
67 80
4 10
75 80
15 57
15 59
15 58
69 77
66 75
26 48
73 75
69 76
30 35
46 48
5 8
43 46
12 61
52 86
20 27
17 19
6 39
15 21
42 45
1 3
58 80
18 28
16 21
20 26
74 76
75 81
7 14
13 60
1 4
14 16
75 83
68 80
20 25
29 48
19 27
14 33
42 46
81 83
25 53
55 57
39 89
66 80
42 49
23 56
54 82
17 32
69 73
40 46
65 80
52 87
38 40
28 48
8 12
67 73
62 65
54 84
50 52
29 38
76 79
75 89
13 61
31 34
24 56
31 33
70 73
68 70
14 35
48 50
76 78
75 87
40 87
41 50
14 59
83 85
52 54
40 48
54 85
28 31
7 38
23 57
20 24
65 90
30 34
16 20
53 55
16 32
42 44
30 37
14 36
5 90
58 81
35 37
63 65
63 80
70 72
