0 1
1 2
2 3
3 4
4 5
5 6
6 7
7 8
8 9
9 10
10 11
11 12
12 13
13 14
14 15
15 16
16 17
17 18
18 19
19 20
20 21
21 22
22 23
23 24
24 25
25 26
26 27
27 28
28 29
29 30
30 31
31 32
32 33
33 34
34 35
35 36
36 37
37 38
38 39
39 40
40 41
41 42
42 43
43 44
44 45
45 46
46 47
47 48
48 49
49 50
50 51
51 52
52 53
53 54
54 55
55 56
56 57
57 58
58 59
59 60
60 61
61 62
62 63
63 64
64 65
65 66
66 67
67 68
68 69
69 70
70 71
71 72
72 73
73 74
74 75
75 76
76 77
77 78
78 79
79 80
80 81
81 82
82 83
83 84
84 85
85 86
86 87
87 88
88 89
89 90
90 91
91 0
42 49
13 43
5 87
71 89
7 72
73 83
13 51
3 26
41 89
8 70
13 57
11 19
6 26
73 84
19 38
55 66
29 31
53 56
17 39
34 89
76 89
9 57
25 29
35 89
41 51
24 30
35 37
13 53
56 59
55 61
67 70
79 82
3 28
60 66
42 47
67 89
20 35
31 91
10 57
9 26
40 42
53 55
66 70
80 89
22 30
10 24
1 87
32 35
81 86
11 17
13 49
2 91
60 62
1 89
39 89
82 84
19 24
15 42
7 87
86 88
36 38
67 71
74 82
40 89
6 9
2 31
87 89
22 32
7 73
82 85
8 72
8 71
13 52
41 49
20 32
22 31
55 65
35 39
55 67
13 50
17 19
20 38
13 56
55 60
1 5
72 74
37 39
1 90
44 49
10 13
79 89
17 38
14 42
23 30
15 39
21 23
18 38
52 89
53 89
39 42
3 27
63 66
3 31
57 66
35 38
53 67
1 91
80 82
20 23
12 15
10 19
7 86
76 82
32 89
26 29
44 48
7 84
86 89
43 46
4 6
26 28
10 25
67 69
25 30
72 89
44 46
69 71
55 63
74 83
4 26
11 15
41 52
89 91
0 90
11 16
84 86
55 59
81 85
57 59
1 4
10 12
72 75
49 51
32 91
13 15
8 66
58 66
68 71
42 46
80 86
20 22
1 3
14 43
61 63
28 31
77 82
72 76
54 67
43 49
64 66
76 79
33 89
6 8
75 82
58 60
6 87
20 24
9 25
42 48
45 48
9 66
55 64
60 63
76 78
33 35
16 39
78 82
45 47
0 1
1 2
2 3
3 4
4 5
5 6
6 7
7 8
8 9
9 10
10 11
11 12
12 13
13 14
14 15
15 16
16 17
17 18
18 19
19 20
20 21
21 22
22 23
23 24
24 25
25 26
26 27
27 28
28 29
29 30
30 31
31 32
32 33
33 34
34 35
35 36
36 37
37 38
38 39
39 40
40 41
41 42
42 43
43 44
44 45
45 46
46 47
47 48
48 49
49 50
50 51
51 52
52 53
53 54
54 55
55 56
56 57
57 58
58 59
59 60
60 61
61 62
62 63
63 64
64 65
65 66
66 67
67 68
68 69
69 70
70 71
71 72
72 73
73 74
74 75
75 76
76 77
77 78
78 79
79 80
80 81
81 82
82 83
83 84
84 85
85 86
86 87
87 88
88 89
89 90
90 91
91 0
31 35
13 20
12 79
47 89
12 49
50 53
34 44
3 42
10 40
20 26
10 86
36 41
44 91
15 37
56 68
47 61
14 40
62 74
58 64
2 88
88 90
0 43
23 31
7 9
71 76
47 91
10 85
47 55
61 74
62 72
70 78
17 21
10 82
12 20
31 44
9 42
15 36
59 61
56 65
4 88
28 48
47 49
2 42
21 36
76 88
79 86
12 55
12 68
6 42
26 48
57 61
46 48
14 19
83 86
11 40
6 86
23 26
11 14
68 70
16 18
28 46
61 64
56 66
15 40
68 79
47 50
36 40
25 27
35 43
57 60
2 43
29 46
56 64
34 43
51 53
29 45
49 54
24 31
56 61
2 4
28 30
36 42
20 48
71 73
5 86
33 44
47 51
46 91
25 31
68 72
10 81
32 44
29 44
51 54
23 35
70 72
2 90
76 87
5 42
15 19
47 76
49 53
61 76
23 25
10 84
47 54
4 42
77 87
27 30
73 76
9 41
37 40
18 21
10 83
62 73
36 43
66 68
31 34
13 19
81 83
62 67
79 81
15 17
78 87
11 81
55 68
74 76
73 75
79 87
8 42
36 39
17 36
63 65
47 88
70 77
19 21
12 81
22 36
27 31
69 79
16 19
43 91
1 43
32 34
63 67
11 13
47 90
70 79
0 2
12 80
49 55
62 68
58 61
4 87
71 77
9 40
7 42
65 67
56 58
22 35
20 49
47 56
22 26
27 48
50 52
45 91
9 86
83 85
62 64
38 40
30 44
21 26
4 86
79 83
