0 1
1 2
2 3
3 4
4 5
5 6
6 7
7 8
8 9
9 10
10 11
11 12
12 13
13 14
14 15
15 16
16 17
17 18
18 19
19 20
20 21
21 22
22 23
23 24
24 25
25 26
26 27
27 28
28 29
29 30
30 31
31 32
32 33
33 34
34 35
35 36
36 37
37 38
38 39
39 40
40 41
41 42
42 43
43 44
44 45
45 46
46 47
47 48
48 49
49 50
50 51
51 52
52 53
53 54
54 55
55 56
56 57
57 58
58 59
59 60
60 61
61 62
62 63
63 64
64 65
65 66
66 67
67 68
68 69
69 70
70 71
71 72
72 73
73 74
74 75
75 76
76 77
77 78
78 79
79 80
80 81
81 82
82 83
83 84
84 85
85 86
86 87
87 88
88 89
89 90
90 91
91 92
92 0
14 17
65 77
38 44
3 58
16 64
80 92
72 91
78 86
13 54
34 58
35 55
29 51
3 56
8 91
71 75
27 32
36 39
22 58
17 27
13 15
23 33
55 58
19 62
42 49
70 72
68 91
3 11
38 48
17 64
86 90
15 66
32 42
24 32
34 39
13 53
89 92
58 64
81 92
60 63
50 55
22 26
12 15
13 52
25 27
5 91
4 11
87 92
39 43
3 5
74 86
67 70
20 26
17 20
31 42
1 5
32 41
30 32
2 77
72 90
69 91
65 70
77 80
23 34
70 76
1 91
42 50
11 54
19 64
84 92
13 51
9 66
46 49
0 2
53 55
58 77
36 50
21 26
61 63
10 12
17 26
74 76
86 88
79 81
71 74
64 66
81 83
78 84
45 48
37 39
29 31
22 62
33 39
9 67
69 72
15 64
71 73
19 21
47 49
38 45
22 34
72 86
54 56
66 70
76 86
29 32
22 25
42 45
77 86
86 89
24 27
9 68
4 7
59 62
13 29
7 11
70 75
3 54
2 58
39 41
85 87
10 66
17 19
23 32
34 55
83 92
84 86
18 20
43 45
0 77
46 48
15 17
59 64
1 3
77 92
56 58
5 7
73 86
38 49
78 82
32 39
29 50
52 55
28 32
59 63
14 28
7 91
42 46
22 24
7 10
64 77
13 28
70 77
77 79
84 87
35 50
31 50
0 91
21 62
82 84
90 92
39 44
88 92
14 27
3 57
8 10
37 49
22 59
19 63
68 70
37 50
79 82
40 42
12 54
4 6
50 52
35 39
59 61
39 42
12 66
9 91

0 1
1 2
2 3
3 4
4 5
5 6
6 7
7 8
8 9
9 10
10 11
11 12
12 13
13 14
14 15
15 16
16 17
17 18
18 19
19 20
20 21
21 22
22 23
23 24
24 25
25 26
26 27
27 28
28 29
29 30
30 31
31 32
32 33
33 34
34 35
35 36
36 37
37 38
38 39
39 40
40 41
41 42
42 43
43 44
44 45
45 46
46 47
47 48
48 49
49 50
50 51
51 52
52 53
53 54
54 55
55 56
56 57
57 58
58 59
59 60
60 61
61 62
62 63
63 64
64 65
65 66
66 67
67 68
68 69
69 70
70 71
71 72
72 73
73 74
74 75
75 76
76 77
77 78
78 79
79 80
80 81
81 82
82 83
83 84
84 85
85 86
86 87
87 88
88 89
89 90
90 91
91 92
92 0
9 19
47 72
31 58
20 92
21 75
11 23
70 87
48 61
58 68
2 24
0 90
41 48
29 87
75 89
43 72
56 59
26 28
2 88
75 90
0 9
75 83
72 75
82 85
56 60
82 86
9 17
30 70
58 65
31 37
1 88
13 17
42 74
73 75
30 87
6 9
5 10
59 65
25 39
75 88
49 56
31 56
31 41
76 83
65 71
66 71
11 16
75 77
64 71
35 41
31 51
30 68
25 75
33 41
75 91
11 20
3 9
72 85
9 11
31 57
41 46
66 68
80 86
41 47
28 30
26 38
60 62
26 87
43 74
5 8
2 10
52 56
61 72
26 29
36 38
31 35
76 82
60 65
66 69
42 75
41 50
9 13
46 72
23 25
41 43
31 52
31 53
30 58
12 16
27 37
2 4
10 23
26 37
77 82
0 19
30 37
72 83
47 61
75 86
43 46
83 85
41 75
50 56
25 41
43 73
24 26
63 72
44 46
23 75
62 72
35 38
35 40
4 8
20 91
32 34
6 10
11 17
19 92
41 49
13 16
63 71
33 35
0 3
57 59
31 55
65 68
2 26
51 56
32 35
6 8
21 23
48 60
27 30
72 84
41 44
69 71
88 90
26 88
31 36
79 86
62 64
72 87
75 78
53 56
41 51
14 16
71 87
78 80
4 9
31 33
41 45
11 19
1 90
4 10
31 54
49 60
81 86
30 69
7 9
77 81
65 67
20 75
25 38
75 79
2 23
11 22
11 13
12 14
78 81
60 64
11 21
38 40
25 40
11 18
9 18
75 87
