0 1
1 2
2 3
3 4
4 5
5 6
6 7
7 8
8 9
9 10
10 11
11 12
12 13
13 14
14 15
15 16
16 17
17 18
18 19
19 20
20 21
21 22
22 23
23 24
24 25
25 26
26 27
27 28
28 29
29 30
30 31
31 32
32 33
33 34
34 35
35 36
36 37
37 38
38 39
39 40
40 41
41 42
42 43
43 44
44 45
45 46
46 47
47 48
48 49
49 50
50 51
51 52
52 53
53 54
54 55
55 56
56 57
57 58
58 59
59 60
60 61
61 62
62 63
63 64
64 65
65 66
66 67
67 68
68 69
69 70
70 71
71 72
72 73
73 74
74 75
75 76
76 77
77 78
78 79
79 80
80 81
81 82
82 83
83 84
84 85
85 86
86 87
87 88
88 89
89 90
90 91
91 92
92 93
93 0
2 32
8 26
16 71
11 89
11 82
28 66
56 66
50 92
83 87
55 69
33 93
29 51
87 89
31 49
7 11
31 47
80 92
16 19
38 40
19 27
25 27
9 12
37 46
50 52
22 25
22 24
1 6
29 56
48 50
12 23
56 58
54 69
4 8
66 71
33 38
0 91
38 43
28 57
28 65
84 91
11 74
32 40
48 92
73 77
12 22
52 56
55 66
89 91
50 71
29 57
11 77
62 66
3 26
62 65
33 40
14 19
18 66
15 74
14 22
38 41
52 54
59 63
1 32
68 71
1 89
73 92
12 26
28 59
14 20
74 76
49 51
29 31
32 45
50 72
34 37
2 5
7 9
19 22
36 38
3 29
19 21
2 4
1 93
13 15
82 84
33 39
12 74
16 72
80 84
37 47
60 62
58 60
67 71
17 71
34 92
28 58
47 49
66 69
26 29
29 52
82 87
5 8
84 89
58 66
19 25
11 75
38 42
4 26
3 30
50 70
59 64
53 56
15 73
32 46
31 51
77 80
1 91
1 5
50 69
6 11
34 47
40 45
69 71
75 77
6 8
19 66
10 12
72 92
30 32
14 21
28 64
86 89
6 89
78 80
61 66
82 89
63 65
67 69
79 81
91 93
85 89
12 25
13 74
1 90
2 30
52 69
59 62
37 45
54 56
37 43
37 44
33 92
34 38
17 66
47 92
83 85
7 10
26 28
12 24
84 92
40 44
86 88
74 77
1 33
41 43
12 14
17 19
35 37
78 81
58 61
34 36
77 92
15 72
15 19
40 43
27 66
83 86
8 12
32 47
11 81
77 81
80 82

0 1
1 2
2 3
3 4
4 5
5 6
6 7
7 8
8 9
9 10
10 11
11 12
12 13
13 14
14 15
15 16
16 17
17 18
18 19
19 20
20 21
21 22
22 23
23 24
24 25
25 26
26 27
27 28
28 29
29 30
30 31
31 32
32 33
33 34
34 35
35 36
36 37
37 38
38 39
39 40
40 41
41 42
42 43
43 44
44 45
45 46
46 47
47 48
48 49
49 50
50 51
51 52
52 53
53 54
54 55
55 56
56 57
57 58
58 59
59 60
60 61
61 62
62 63
63 64
64 65
65 66
66 67
67 68
68 69
69 70
70 71
71 72
72 73
73 74
74 75
75 76
76 77
77 78
78 79
79 80
80 81
81 82
82 83
83 84
84 85
85 86
86 87
87 88
88 89
89 90
90 91
91 92
92 93
93 0
48 88
2 25
34 45
60 79
27 49
0 71
77 82
14 34
46 49
38 88
61 69
89 92
41 88
54 68
9 92
63 69
60 76
50 60
6 14
74 88
50 56
5 9
17 33
61 63
72 75
14 16
88 92
31 33
42 47
12 89
2 6
20 23
6 21
9 91
34 41
56 63
72 74
60 80
60 88
25 29
0 27
72 93
56 59
64 69
75 82
76 79
54 70
23 33
60 85
60 72
60 84
8 13
64 66
27 51
57 59
9 11
60 82
60 71
4 9
44 46
23 32
61 71
3 6
6 17
84 88
16 34
74 83
35 41
48 60
64 68
25 31
24 32
72 76
68 70
57 62
28 33
54 63
9 90
27 33
53 55
21 25
61 70
73 88
60 83
25 32
63 66
10 89
74 84
76 82
88 93
37 39
1 9
25 30
2 21
1 27
9 13
6 15
54 71
27 50
13 36
34 49
34 43
15 17
13 38
85 88
27 34
84 87
6 19
43 46
51 54
28 30
50 59
1 92
46 48
27 29
72 88
40 88
58 62
50 55
54 67
14 35
78 82
28 31
34 42
7 14
2 9
1 26
51 53
37 41
85 87
51 71
18 33
34 44
11 13
42 46
79 82
41 47
56 62
55 63
13 35
13 88
90 92
50 53
39 41
18 23
13 89
64 67
0 72
16 33
4 6
9 89
60 81
77 79
0 92
6 18
0 51
75 83
6 9
13 37
7 13
84 86
41 48
21 23
65 67
6 20
1 25
59 61
49 60
39 88
20 22
23 25
34 46
36 41
54 66
18 20
3 9
