0 1
1 2
2 3
3 4
4 5
5 6
6 7
7 8
8 9
9 10
10 11
11 12
12 13
13 14
14 15
15 16
16 17
17 18
18 19
19 20
20 21
21 22
22 23
23 24
24 25
25 26
26 27
27 28
28 29
29 30
30 31
31 32
32 33
33 34
34 35
35 36
36 37
37 38
38 39
39 40
40 41
41 42
42 43
43 44
44 45
45 46
46 47
47 48
48 49
49 50
50 51
51 52
52 53
53 54
54 55
55 56
56 57
57 58
58 59
59 60
60 61
61 62
62 63
63 64
64 65
65 66
66 67
67 68
68 69
69 70
70 71
71 72
72 73
73 74
74 75
75 76
76 77
77 78
78 79
79 80
80 81
81 82
82 83
83 84
84 85
85 86
86 87
87 88
88 89
89 90
90 91
91 92
92 93
93 94
94 95
95 96
96 0
39 89
2 6
5 70
7 17
12 67
60 69
1 7
58 74
44 89
25 54
17 90
0 84
27 89
46 78
23 27
36 46
0 7
83 87
4 75
25 27
44 83
56 75
29 34
12 21
7 9
17 21
0 91
70 73
23 61
83 85
47 56
47 54
35 54
0 4
39 44
60 68
11 68
38 43
89 95
29 31
38 89
25 32
44 88
20 27
75 82
20 23
9 11
20 89
56 74
1 6
22 64
31 33
59 73
24 58
27 38
47 55
38 45
34 54
49 53
35 50
54 57
46 80
48 53
12 22
63 68
9 68
66 68
6 68
9 17
29 36
9 12
84 96
35 48
26 30
62 68
89 91
87 89
89 94
77 79
46 56
12 68
4 73
46 48
13 15
0 2
36 38
40 43
40 42
83 88
15 17
9 15
41 43
44 82
8 68
4 72
61 64
84 95
26 29
9 16
0 95
6 8
75 77
73 75
24 57
76 82
29 35
29 38
38 44
75 84
51 54
12 65
63 65
41 44
38 46
46 81
75 83
5 69
65 67
76 79
17 20
48 54
65 68
76 81
46 82
19 21
13 17
23 58
29 33
28 38
35 46
23 59
61 63
26 31
89 93
32 34
12 15
22 61
10 68
93 95
45 82
4 6
71 73
0 3
0 75
60 62
38 40
55 57
2 4
50 54
18 20
23 60
17 89
26 32
20 22
85 95
23 25
12 14
25 57
5 71
37 46
91 93
32 54
51 53
5 72
18 21
52 54
85 87
48 50
40 44
86 89
7 91
59 74
0 92
59 69
57 74
75 78
85 89
56 78
59 70
50 53
92 95
12 64
79 81
13 21
6 69
26 28
78 80
17 91
0 1
1 2
2 3
3 4
4 5
5 6
6 7
7 8
8 9
9 10
10 11
11 12
12 13
13 14
14 15
15 16
16 17
17 18
18 19
19 20
20 21
21 22
22 23
23 24
24 25
25 26
26 27
27 28
28 29
29 30
30 31
31 32
32 33
33 34
34 35
35 36
36 37
37 38
38 39
39 40
40 41
41 42
42 43
43 44
44 45
45 46
46 47
47 48
48 49
49 50
50 51
51 52
52 53
53 54
54 55
55 56
56 57
57 58
58 59
59 60
60 61
61 62
62 63
63 64
64 65
65 66
66 67
67 68
68 69
69 70
70 71
71 72
72 73
73 74
74 75
75 76
76 77
77 78
78 79
79 80
80 81
81 82
82 83
83 84
84 85
85 86
86 87
87 88
88 89
89 90
90 91
91 92
92 93
93 94
94 95
95 96
96 0
64 91
37 78
4 88
40 78
49 91
11 40
90 95
52 78
24 34
35 82
13 22
53 67
69 79
52 62
43 78
2 10
35 37
69 74
10 88
68 89
45 95
48 93
22 88
23 31
49 63
69 85
0 45
53 65
68 87
18 88
68 74
64 68
24 27
10 40
22 82
71 79
10 18
2 42
2 90
43 47
1 90
53 66
24 33
31 39
81 85
50 52
68 77
3 88
5 8
71 76
57 63
81 83
27 30
11 18
47 49
49 64
56 59
21 88
71 78
3 7
36 82
1 42
11 14
90 92
12 40
68 75
53 61
33 39
27 29
55 64
69 71
23 40
43 45
37 82
24 32
82 87
11 13
55 63
20 88
83 86
43 52
3 90
24 29
27 32
43 51
37 81
30 32
67 77
72 74
84 86
47 95
69 72
52 77
34 37
46 95
3 10
32 39
72 76
37 39
3 9
15 20
22 24
56 60
33 38
3 5
49 52
39 78
8 88
45 47
58 60
13 40
16 20
64 66
1 44
55 65
17 19
43 49
68 85
11 16
1 95
33 37
64 89
15 21
68 76
54 65
3 8
5 7
80 85
14 22
25 28
48 95
49 62
57 61
90 93
48 94
19 88
24 26
72 75
8 10
88 90
43 50
22 87
57 62
14 16
53 62
1 45
70 79
23 29
55 60
53 60
56 63
42 78
2 40
16 18
48 91
79 85
53 55
56 58
25 29
41 78
2 41
22 40
34 82
42 44
1 96
14 21
31 40
82 86
71 77
90 94
68 86
57 60
24 82
69 73
64 67
45 96
64 90
4 8
37 79
52 67
48 92
37 80
16 19
3 6
68 88
23 30
81 84
