0 1
1 2
2 3
3 4
4 5
5 6
6 7
7 8
8 9
9 10
10 11
11 12
12 13
13 14
14 15
15 16
16 17
17 18
18 19
19 20
20 21
21 22
22 23
23 24
24 25
25 26
26 27
27 28
28 29
29 30
30 31
31 32
32 33
33 34
34 35
35 36
36 37
37 38
38 39
39 40
40 41
41 42
42 43
43 44
44 45
45 46
46 47
47 48
48 49
49 50
50 51
51 52
52 53
53 54
54 55
55 56
56 57
57 58
58 59
59 60
60 61
61 62
62 63
63 64
64 65
65 66
66 67
67 68
68 69
69 70
70 71
71 72
72 73
73 74
74 75
75 76
76 77
77 78
78 79
79 80
80 81
81 82
82 83
83 84
84 85
85 86
86 87
87 88
88 89
89 90
90 91
91 92
92 93
93 94
94 95
95 96
96 97
97 98
98 0
62 65
34 36
20 83
67 97
33 46
20 61
18 55
55 62
82 96
44 60
13 95
31 33
71 74
5 63
20 36
15 86
19 49
14 93
72 82
90 92
20 65
21 49
34 46
45 53
40 61
25 47
63 98
84 93
29 35
20 62
84 86
13 97
23 29
11 18
49 53
28 30
47 52
24 48
78 81
15 83
9 98
80 82
45 60
49 52
71 81
43 45
60 62
27 33
37 46
6 55
85 92
66 83
15 92
76 82
2 8
45 52
89 92
41 45
65 67
3 8
19 54
42 60
63 97
68 82
24 29
93 95
87 92
66 82
8 98
85 89
11 97
14 94
82 97
62 64
42 44
55 59
29 33
77 81
2 5
19 53
23 36
6 62
75 81
95 97
73 76
14 16
49 51
66 68
87 89
53 58
85 93
8 18
67 71
15 19
88 91
5 98
20 23
3 5
47 51
28 33
56 59
36 46
79 81
22 48
78 82
82 95
25 46
14 95
40 45
26 29
8 11
65 97
36 39
64 97
78 80
71 73
28 32
40 46
25 48
81 97
20 49
29 34
12 16
6 63
54 58
1 98
1 5
30 32
2 4
86 92
20 40
68 71
10 97
15 84
48 50
12 18
87 91
23 48
82 84
53 59
82 93
76 78
71 75
47 50
17 19
38 46
57 59
26 33
7 55
25 33
59 62
6 8
0 8
12 17
73 75
23 35
25 29
40 42
36 40
9 97
54 56
39 46
0 2
40 60
72 76
69 82
37 39
30 33
15 93
65 83
15 20
76 81
69 71
88 90
53 60
19 55
70 82
11 13
54 57
26 28
15 17
42 45
8 10
85 87
71 82
20 22
7 18
3 6
12 14
45 47
67 81
22 49

0 1
1 2
2 3
3 4
4 5
5 6
6 7
7 8
8 9
9 10
10 11
11 12
12 13
13 14
14 15
15 16
16 17
17 18
18 19
19 20
20 21
21 22
22 23
23 24
24 25
25 26
26 27
27 28
28 29
29 30
30 31
31 32
32 33
33 34
34 35
35 36
36 37
37 38
38 39
39 40
40 41
41 42
42 43
43 44
44 45
45 46
46 47
47 48
48 49
49 50
50 51
51 52
52 53
53 54
54 55
55 56
56 57
57 58
58 59
59 60
60 61
61 62
62 63
63 64
64 65
65 66
66 67
67 68
68 69
69 70
70 71
71 72
72 73
73 74
74 75
75 76
76 77
77 78
78 79
79 80
80 81
81 82
82 83
83 84
84 85
85 86
86 87
87 88
88 89
89 90
90 91
91 92
92 93
93 94
94 95
95 96
96 97
97 98
98 0
81 96
59 81
77 98
49 74
49 81
3 27
87 94
8 89
10 21
9 35
27 74
45 88
3 77
52 81
48 84
53 56
47 84
55 60
37 49
8 41
11 15
40 43
15 18
10 28
11 25
91 95
8 97
59 79
6 26
61 68
70 72
61 66
69 74
66 70
0 5
39 41
74 77
5 27
61 78
81 95
49 84
9 29
72 77
39 47
6 11
65 70
52 57
83 95
8 44
31 49
8 35
88 93
54 60
43 46
13 17
59 78
22 27
21 24
17 20
92 95
49 60
70 74
13 16
30 35
89 93
51 53
0 97
11 21
17 25
39 43
91 97
64 71
41 43
5 7
38 48
31 34
41 44
29 74
9 28
32 35
52 58
60 69
58 60
72 78
12 15
77 80
36 38
68 70
51 60
64 66
11 26
36 49
13 15
23 27
19 21
60 78
3 74
35 39
46 87
62 72
88 94
20 25
21 27
0 77
8 88
9 30
44 88
62 66
58 81
3 75
7 10
6 10
56 58
39 48
77 96
49 82
60 68
65 71
56 60
22 24
3 76
31 36
8 90
12 25
83 85
11 19
89 91
63 72
86 95
84 87
47 87
50 81
77 79
49 69
4 27
46 88
73 77
1 77
31 35
16 18
50 60
5 97
31 74
87 95
51 81
91 93
6 27
20 24
37 48
43 47
77 97
32 34
1 4
61 67
29 31
44 46
13 25
61 72
80 96
49 83
74 76
81 83
83 86
30 34
27 29
23 25
10 27
7 97
35 41
51 54
53 55
52 56
25 27
59 80
91 96
1 3
7 9
92 94
2 77
67 70
63 66
64 72
35 38
70 73
18 20
0 4
90 97
33 35
