0 1
1 2
2 3
3 4
4 5
5 6
6 7
7 8
8 9
9 10
10 11
11 12
12 13
13 14
14 15
15 16
16 17
17 18
18 19
19 20
20 21
21 22
22 23
23 24
24 25
25 26
26 27
27 28
28 29
29 30
30 31
31 32
32 33
33 34
34 35
35 36
36 37
37 38
38 39
39 40
40 41
41 42
42 43
43 44
44 45
45 46
46 47
47 48
48 49
49 50
50 51
51 52
52 53
53 54
54 55
55 56
56 57
57 58
58 59
59 60
60 61
61 62
62 63
63 64
64 65
65 66
66 67
67 68
68 69
69 70
70 71
71 72
72 73
73 74
74 75
75 76
76 77
77 78
78 79
79 80
80 81
81 82
82 83
83 84
84 85
85 86
86 87
87 88
88 89
89 90
90 91
91 92
92 93
93 94
94 95
95 96
96 97
97 98
98 0
51 88
13 56
2 89
10 66
49 54
36 44
22 39
18 32
88 91
10 15
20 93
4 18
18 31
6 67
48 55
5 89
56 87
74 85
26 32
13 55
91 97
4 19
21 28
63 69
15 34
77 86
92 95
92 94
26 31
6 8
62 77
25 35
21 25
25 28
59 65
0 3
56 59
40 88
14 47
21 31
71 85
4 20
80 83
16 18
25 34
5 9
11 13
95 98
69 86
42 47
16 34
35 37
71 77
0 20
0 91
55 88
62 86
93 95
21 30
36 47
60 86
15 47
74 84
20 22
25 33
38 43
48 51
39 93
5 8
82 85
23 38
75 83
77 83
74 83
60 65
80 86
39 88
38 42
5 88
50 53
25 32
14 55
79 86
71 86
10 13
37 44
77 79
18 34
25 37
0 93
88 90
60 62
11 58
58 65
8 10
51 54
6 88
0 90
9 17
69 71
65 68
66 68
29 31
74 76
35 47
79 83
23 25
88 93
21 24
72 76
12 57
7 10
3 5
69 88
36 46
10 65
21 29
72 77
15 17
61 64
1 3
23 39
67 88
42 88
68 88
47 55
3 89
21 23
88 92
44 46
61 65
6 66
64 69
62 71
62 64
0 2
65 69
42 44
10 14
26 28
49 53
51 53
54 88
82 86
0 97
60 87
50 52
5 18
40 42
93 98
86 88
38 44
42 46
56 58
6 10
62 70
27 29
78 86
10 58
22 93
38 41
0 4
42 45
38 40
72 85
27 31
10 17
48 88
49 55
49 51
56 60
15 35
5 17
95 97
2 90
91 95
18 33
23 37
82 84
96 98
12 58
62 69
19 31
42 48
73 76
12 56
20 31
75 77
56 88
80 82
81 86
73 85

0 1
1 2
2 3
3 4
4 5
5 6
6 7
7 8
8 9
9 10
10 11
11 12
12 13
13 14
14 15
15 16
16 17
17 18
18 19
19 20
20 21
21 22
22 23
23 24
24 25
25 26
26 27
27 28
28 29
29 30
30 31
31 32
32 33
33 34
34 35
35 36
36 37
37 38
38 39
39 40
40 41
41 42
42 43
43 44
44 45
45 46
46 47
47 48
48 49
49 50
50 51
51 52
52 53
53 54
54 55
55 56
56 57
57 58
58 59
59 60
60 61
61 62
62 63
63 64
64 65
65 66
66 67
67 68
68 69
69 70
70 71
71 72
72 73
73 74
74 75
75 76
76 77
77 78
78 79
79 80
80 81
81 82
82 83
83 84
84 85
85 86
86 87
87 88
88 89
89 90
90 91
91 92
92 93
93 94
94 95
95 96
96 97
97 98
98 0
8 32
11 22
48 91
6 97
6 84
33 77
77 80
27 36
55 79
6 26
10 16
59 69
4 46
57 62
17 30
83 89
69 72
20 25
35 72
41 57
51 91
57 66
54 89
55 77
17 29
82 89
7 22
42 54
6 92
87 91
4 45
40 70
2 47
86 89
34 74
62 65
83 86
4 47
68 73
91 94
18 20
7 84
64 68
39 43
28 36
48 54
56 66
37 72
6 36
18 28
1 4
47 94
4 44
53 90
79 82
84 92
11 18
65 67
58 61
60 68
67 77
74 77
61 63
40 58
41 56
34 36
67 75
40 72
20 28
6 22
12 15
12 18
86 92
7 82
54 90
35 74
6 96
5 44
32 34
10 31
36 39
11 15
14 16
5 97
28 34
20 23
47 91
58 70
42 55
61 68
79 89
50 54
1 97
7 11
46 54
53 91
19 21
47 54
58 69
59 68
28 31
6 93
40 43
94 96
62 66
44 54
38 72
1 5
83 85
85 92
41 55
2 95
77 82
20 26
6 24
39 72
55 89
20 27
70 72
33 74
87 89
8 77
67 74
55 78
79 81
39 44
64 67
2 97
52 91
63 65
9 31
12 14
17 28
16 30
68 74
6 23
18 22
13 16
2 94
50 91
2 4
59 61
41 43
3 47
49 91
55 67
68 72
43 54
5 98
8 31
7 77
78 80
31 34
41 58
37 39
6 25
40 71
91 93
7 83
12 17
12 16
19 22
8 33
26 36
11 16
56 67
16 31
87 92
57 61
28 30
93 96
7 9
6 39
5 39
45 54
77 81
0 5
87 90
9 11
20 24
63 68
1 98
67 76
48 50
35 73
2 96
36 72
52 54
