1 2
63 64
63 2
1 64
2 0
64 0
3 0
65 0
65 1
3 63
65 2
4 0
66 0
66 1
4 5
4 67
5 0
67 0
5 1
67 1
68 62
6 62
68 63
6 63
6 7
6 69
69 62
7 62
69 63
69 1
7 63
8 0
70 0
70 63
8 63
70 71
70 9
9 0
71 0
71 63
9 63
10 0
72 0
10 1
72 1
72 11
11 0
73 0
11 1
73 1
74 62
12 62
12 1
74 63
12 13
74 75
12 75
75 62
13 62
75 1
14 0
76 0
76 63
14 63
14 15
14 77
15 0
77 0
77 63
15 63
78 62
16 62
78 63
16 63
16 17
79 62
17 62
79 63
17 63
18 0
80 0
80 63
18 63
18 81
19 0
81 0
81 63
19 63
20 0
82 0
82 63
20 63
20 21
21 0
83 0
83 63
21 63
22 0
84 0
22 1
84 1
84 23
23 0
85 0
23 1
85 1
24 0
86 0
24 1
86 1
86 87
86 25
25 0
87 0
25 1
87 1
26 0
88 0
88 63
26 63
88 89
26 89
27 0
89 0
89 63
27 63
28 0
90 0
28 1
90 1
28 29
90 29
29 0
91 0
29 1
91 1
92 62
30 62
92 63
30 63
30 31
92 31
93 62
31 62
93 63
31 63
32 0
94 0
94 63
32 63
94 95
94 33
32 95
33 0
95 0
95 63
33 63
96 62
34 62
34 1
96 1
96 35
34 97
97 62
35 62
35 1
97 1
36 0
98 0
98 63
36 63
98 99
98 37
36 99
37 0
99 0
99 63
37 63
38 0
100 0
38 1
100 1
100 39
38 101
39 0
101 0
39 1
101 1
40 0
102 0
102 63
40 63
102 103
102 41
41 0
103 0
103 63
41 63
42 0
104 0
104 63
42 63
104 105
104 43
42 105
43 0
105 0
105 63
43 63
106 62
44 62
106 63
44 63
44 45
107 62
45 62
107 63
45 63
108 62
46 62
108 63
46 63
108 109
108 47
109 62
47 62
109 63
47 63
110 62
48 62
110 63
48 63
110 49
48 111
111 62
49 62
111 63
49 63
50 0
112 0
50 1
112 1
112 51
51 0
113 0
51 1
113 1
52 0
114 0
52 1
114 1
52 53
114 115
114 53
53 0
115 0
53 1
115 1
116 62
54 62
116 63
54 63
54 55
116 55
54 117
117 62
55 62
117 63
55 63
118 62
56 62
118 63
56 63
56 119
119 62
57 62
119 63
57 63
58 0
120 0
58 1
120 1
58 59
58 121
59 0
121 0
59 1
121 1
60 0
122 0
60 1
122 1
122 123
122 61
61 0
123 0
61 1
123 1

0 1
62 63
62 1
0 63
64 62
2 62
65 62
3 62
3 1
65 63
3 2
65 64
3 64
66 62
4 62
4 1
66 63
4 63
66 67
66 5
67 62
5 62
67 63
5 63
6 0
68 0
6 1
68 1
68 69
68 7
7 0
69 0
7 1
70 62
8 62
8 1
70 1
8 9
8 71
71 62
9 62
9 1
71 1
72 62
10 62
72 63
10 63
10 11
72 73
10 73
73 62
11 62
73 63
11 63
12 0
74 0
74 1
12 63
74 13
13 0
75 0
13 1
75 63
13 63
76 62
14 62
14 1
76 1
76 77
76 15
77 62
15 62
15 1
77 1
16 0
78 0
16 1
78 1
78 79
78 17
16 79
17 0
79 0
17 1
79 1
80 62
18 62
18 1
80 1
18 19
80 81
80 19
81 62
19 62
19 1
81 1
82 62
20 62
20 1
82 1
82 83
82 21
20 83
83 62
21 62
21 1
83 1
84 62
22 62
84 63
22 63
22 23
84 85
22 85
85 62
23 62
85 63
23 63
86 62
24 62
86 63
24 63
24 25
24 87
87 62
25 62
87 63
25 63
88 62
26 62
26 1
88 1
26 27
88 27
89 62
27 62
27 1
89 1
90 62
28 62
90 63
28 63
90 91
28 91
91 62
29 62
91 63
29 63
30 0
92 0
30 1
92 1
92 93
30 93
31 0
93 0
31 1
93 1
94 62
32 62
32 1
94 1
32 33
95 62
33 62
33 1
95 1
34 0
96 0
96 63
34 63
34 35
96 97
35 0
97 0
97 63
35 63
98 62
36 62
36 1
98 1
36 37
99 62
37 62
37 1
99 1
100 62
38 62
100 63
38 63
38 39
100 101
101 62
39 62
101 63
39 63
102 62
40 62
40 1
102 1
40 41
40 103
103 62
41 62
41 1
103 1
104 62
42 62
42 1
104 1
42 43
105 62
43 62
43 1
105 1
44 0
106 0
44 1
106 1
106 107
106 45
44 107
45 0
107 0
45 1
107 1
46 0
108 0
46 1
108 1
46 47
46 109
47 0
109 0
47 1
109 1
48 0
110 0
48 1
110 1
48 49
110 111
49 0
111 0
49 1
111 1
112 62
50 62
112 63
50 63
50 51
112 113
50 113
113 62
51 62
113 63
51 63
114 62
52 62
114 63
52 63
52 115
115 62
53 62
115 63
53 63
54 0
116 0
54 1
116 1
116 117
55 0
117 0
55 1
117 1
56 0
118 0
56 1
118 1
56 57
118 119
118 57
57 0
119 0
57 1
119 1
120 62
58 62
120 63
58 63
120 121
120 59
121 62
59 62
121 63
59 63
122 62
60 62
122 63
60 63
60 61
60 123
123 62
61 62
123 63
61 63
