0 1
6 7
6 1
0 7
1 2
7 8
7 2
1 8
2 3
8 9
8 3
2 9
3 0
9 6
9 0
3 6
0 4
6 10
6 4
0 10
1 4
7 10
7 4
1 10
2 4
8 10
8 4
2 10
3 4
9 10
9 4
3 10
0 5
6 11
6 5
0 11
1 5
7 11
7 5
1 11
2 5
8 11
8 5
2 11
3 5
9 11
9 5
3 11
0 12
6 12
4 12
10 12
1 12
7 12
0 13
6 13
4 13
10 13
1 13
7 13
1 14
7 14
4 14
10 14
2 14
8 14
1 15
7 15
4 15
10 15
2 15
8 15
2 16
8 16
4 16
10 16
3 16
9 16
2 17
8 17
4 17
10 17
3 17
9 17
3 18
9 18
4 18
10 18
0 18
6 18
3 19
9 19
4 19
10 19
0 19
6 19
2 20
8 20
5 20
11 20
3 20
9 20
2 21
8 21
5 21
11 21
3 21
9 21
1 22
7 22
5 22
11 22
2 22
8 22
1 23
7 23
5 23
11 23
2 23
8 23
0 24
6 24
5 24
11 24
1 24
7 24
0 25
6 25
5 25
11 25
1 25
7 25
3 26
9 26
5 26
11 26
0 26
6 26
3 27
9 27
5 27
11 27
0 27
6 27
