0 1
8 9
8 1
0 9
1 2
9 10
9 2
1 10
2 3
10 11
10 3
2 11
3 4
11 12
11 4
3 12
4 5
12 13
12 5
4 13
5 0
13 8
13 0
5 8
0 6
8 14
8 6
0 14
1 6
9 14
9 6
1 14
2 6
10 14
10 6
2 14
3 6
11 14
11 6
3 14
4 6
12 14
12 6
4 14
5 6
13 14
13 6
5 14
0 7
8 15
8 7
0 15
1 7
9 15
9 7
1 15
2 7
10 15
10 7
2 15
3 7
11 15
11 7
3 15
4 7
12 15
12 7
4 15
5 7
13 15
13 7
5 15
0 16
8 16
1 16
9 16
6 16
14 16
0 17
8 17
1 17
9 17
6 17
14 17
1 18
9 18
2 18
10 18
6 18
14 18
1 19
9 19
2 19
10 19
6 19
14 19
2 20
10 20
3 20
11 20
6 20
14 20
2 21
10 21
3 21
11 21
6 21
14 21
3 22
11 22
4 22
12 22
6 22
14 22
3 23
11 23
4 23
12 23
6 23
14 23
4 24
12 24
0 24
8 24
6 24
14 24
4 25
12 25
0 25
8 25
6 25
14 25
0 26
8 26
1 26
9 26
5 26
13 26
0 27
8 27
1 27
9 27
5 27
13 27
1 28
9 28
2 28
10 28
5 28
13 28
1 29
9 29
2 29
10 29
5 29
13 29
2 30
10 30
3 30
11 30
5 30
13 30
2 31
10 31
3 31
11 31
5 31
13 31
3 32
11 32
4 32
12 32
5 32
13 32
3 33
11 33
4 33
12 33
5 33
13 33
4 34
12 34
0 34
8 34
5 34
13 34
4 35
12 35
0 35
8 35
5 35
13 35
