0 1
62 63
62 1
0 63
1 2
63 64
63 2
1 64
2 0
64 62
64 0
2 62
3 0
65 62
65 0
3 62
3 1
65 63
65 1
3 63
3 2
65 64
65 2
3 64
4 0
66 62
66 0
4 62
4 1
66 63
66 1
4 63
4 5
66 67
66 5
4 67
5 0
67 62
67 0
5 62
5 1
67 63
67 1
5 63
6 0
68 62
68 0
6 62
6 1
68 63
68 1
6 63
6 7
68 69
68 7
6 69
7 0
69 62
69 0
7 62
7 1
69 63
69 1
7 63
8 0
70 62
70 0
8 62
8 1
70 63
70 1
8 63
8 9
70 71
70 9
8 71
9 0
71 62
71 0
9 62
9 1
71 63
71 1
9 63
10 0
72 62
72 0
10 62
10 1
72 63
72 1
10 63
10 11
72 73
72 11
10 73
11 0
73 62
73 0
11 62
11 1
73 63
73 1
11 63
12 0
74 62
74 0
12 62
12 1
74 63
74 1
12 63
12 13
74 75
74 13
12 75
13 0
75 62
75 0
13 62
13 1
75 63
75 1
13 63
14 0
76 62
76 0
14 62
14 1
76 63
76 1
14 63
14 15
76 77
76 15
14 77
15 0
77 62
77 0
15 62
15 1
77 63
77 1
15 63
16 0
78 62
78 0
16 62
16 1
78 63
78 1
16 63
16 17
78 79
78 17
16 79
17 0
79 62
79 0
17 62
17 1
79 63
79 1
17 63
18 0
80 62
80 0
18 62
18 1
80 63
80 1
18 63
18 19
80 81
80 19
18 81
19 0
81 62
81 0
19 62
19 1
81 63
81 1
19 63
20 0
82 62
82 0
20 62
20 1
82 63
82 1
20 63
20 21
82 83
82 21
20 83
21 0
83 62
83 0
21 62
21 1
83 63
83 1
21 63
22 0
84 62
84 0
22 62
22 1
84 63
84 1
22 63
22 23
84 85
84 23
22 85
23 0
85 62
85 0
23 62
23 1
85 63
85 1
23 63
24 0
86 62
86 0
24 62
24 1
86 63
86 1
24 63
24 25
86 87
86 25
24 87
25 0
87 62
87 0
25 62
25 1
87 63
87 1
25 63
26 0
88 62
88 0
26 62
26 1
88 63
88 1
26 63
26 27
88 89
88 27
26 89
27 0
89 62
89 0
27 62
27 1
89 63
89 1
27 63
28 0
90 62
90 0
28 62
28 1
90 63
90 1
28 63
28 29
90 91
90 29
28 91
29 0
91 62
91 0
29 62
29 1
91 63
91 1
29 63
30 0
92 62
92 0
30 62
30 1
92 63
92 1
30 63
30 31
92 93
92 31
30 93
31 0
93 62
93 0
31 62
31 1
93 63
93 1
31 63
32 0
94 62
94 0
32 62
32 1
94 63
94 1
32 63
32 33
94 95
94 33
32 95
33 0
95 62
95 0
33 62
33 1
95 63
95 1
33 63
34 0
96 62
96 0
34 62
34 1
96 63
96 1
34 63
34 35
96 97
96 35
34 97
35 0
97 62
97 0
35 62
35 1
97 63
97 1
35 63
36 0
98 62
98 0
36 62
36 1
98 63
98 1
36 63
36 37
98 99
98 37
36 99
37 0
99 62
99 0
37 62
37 1
99 63
99 1
37 63
38 0
100 62
100 0
38 62
38 1
100 63
100 1
38 63
38 39
100 101
100 39
38 101
39 0
101 62
101 0
39 62
39 1
101 63
101 1
39 63
40 0
102 62
102 0
40 62
40 1
102 63
102 1
40 63
40 41
102 103
102 41
40 103
41 0
103 62
103 0
41 62
41 1
103 63
103 1
41 63
42 0
104 62
104 0
42 62
42 1
104 63
104 1
42 63
42 43
104 105
104 43
42 105
43 0
105 62
105 0
43 62
43 1
105 63
105 1
43 63
44 0
106 62
106 0
44 62
44 1
106 63
106 1
44 63
44 45
106 107
106 45
44 107
45 0
107 62
107 0
45 62
45 1
107 63
107 1
45 63
46 0
108 62
108 0
46 62
46 1
108 63
108 1
46 63
46 47
108 109
108 47
46 109
47 0
109 62
109 0
47 62
47 1
109 63
109 1
47 63
48 0
110 62
110 0
48 62
48 1
110 63
110 1
48 63
48 49
110 111
110 49
48 111
49 0
111 62
111 0
49 62
49 1
111 63
111 1
49 63
50 0
112 62
112 0
50 62
50 1
112 63
112 1
50 63
50 51
112 113
112 51
50 113
51 0
113 62
113 0
51 62
51 1
113 63
113 1
51 63
52 0
114 62
114 0
52 62
52 1
114 63
114 1
52 63
52 53
114 115
114 53
52 115
53 0
115 62
115 0
53 62
53 1
115 63
115 1
53 63
54 0
116 62
116 0
54 62
54 1
116 63
116 1
54 63
54 55
116 117
116 55
54 117
55 0
117 62
117 0
55 62
55 1
117 63
117 1
55 63
56 0
118 62
118 0
56 62
56 1
118 63
118 1
56 63
56 57
118 119
118 57
56 119
57 0
119 62
119 0
57 62
57 1
119 63
119 1
57 63
58 0
120 62
120 0
58 62
58 1
120 63
120 1
58 63
58 59
120 121
120 59
58 121
59 0
121 62
121 0
59 62
59 1
121 63
121 1
59 63
60 0
122 62
122 0
60 62
60 1
122 63
122 1
60 63
60 61
122 123
122 61
60 123
61 0
123 62
123 0
61 62
61 1
123 63
123 1
61 63
