0 1
0 6
6 7
2 6
0 2
0 7
0 3
0 8
6 8
3 6
7 8
3 7
0 4
0 9
6 9
4 6
2 4
2 9
0 10
5 10
1 10
8 10
0 11
5 11
6 11
8 11
0 12
7 12
8 12
0 13
7 13
3 13
6 14
7 14
3 14
6 15
7 15
8 15
0 16
6 16
4 16
0 17
6 17
9 17
0 18
2 18
4 18
0 19
2 19
9 19
6 20
2 20
9 20
6 21
2 21
4 21

5 6
1 5
1 2
1 7
5 7
2 5
5 8
3 5
1 3
1 8
2 3
2 8
5 9
4 5
1 4
1 9
7 9
4 7
6 10
3 10
1 11
3 11
5 12
2 12
3 12
5 13
2 13
8 13
1 14
2 14
8 14
1 15
2 15
3 15
5 16
1 16
9 16
5 17
1 17
4 17
5 18
7 18
9 18
5 19
7 19
4 19
1 20
7 20
4 20
1 21
7 21
9 21

