16 17
0 17
0 4
16 4
16 5
0 21
1 2
17 5
1 21
17 22
1 22
18 3
2 6
18 22
2 22
18 23
2 23
19 23
3 23
20 5
4 21
20 24
20 8
20 25
21 22
5 22
21 25
5 25
21 26
5 26
22 23
22 7
6 23
6 26
6 11
22 27
6 27
7 11
7 27
8 9
24 9
8 28
24 29
8 29
25 26
25 10
25 29
25 13
25 30
25 14
26 27
10 14
26 14
10 30
10 15
26 31
28 29
12 29
29 14
13 30
30 31
14 31

0 1
16 1
16 20
0 20
0 5
16 21
17 18
17 2
1 18
1 5
17 21
1 6
17 6
2 3
18 19
2 19
18 6
2 7
18 7
3 7
19 7
4 5
20 21
4 8
4 24
4 9
20 9
4 25
5 6
21 6
5 9
21 9
5 10
21 10
6 7
6 10
22 26
22 10
22 11
23 27
23 11
24 25
8 25
8 12
24 28
24 12
8 13
24 13
9 10
9 26
9 13
9 29
9 14
9 30
10 11
26 11
10 27
26 30
26 15
10 31
11 15
27 31
27 15
11 31
12 13
28 13
13 14
29 30
14 15
30 15
