0 1
7 8
7 1
0 8
0 2
7 9
7 2
0 9
0 3
7 10
7 3
0 10
0 4
7 11
7 4
0 11
0 5
7 12
7 5
0 12
1 6
8 13
8 6
1 13
2 6
9 13
9 6
2 13
3 6
10 13
10 6
3 13
4 6
11 13
11 6
4 13
5 6
12 13
12 6
5 13
1 2
8 9
8 2
1 9
2 3
9 10
9 3
2 10
3 4
10 11
10 4
3 11
4 5
11 12
11 5
4 12
1 5
8 12
8 5
1 12
0 13
6 13
1 13
7 13
2 13
8 13
0 14
6 14
1 14
7 14
2 14
8 14
0 15
6 15
2 15
8 15
3 15
9 15
0 17
6 17
3 17
9 17
4 17
10 17
0 18
6 18
3 18
9 18
4 18
10 18
0 19
6 19
4 19
10 19
5 19
11 19
0 20
6 20
4 20
10 20
5 20
11 20
0 21
6 21
1 21
7 21
5 21
11 21
6 22
7 22
1 22
8 22
5 22
12 22
6 23
7 23
1 23
8 23
2 23
9 23
6 24
7 24
1 24
8 24
2 24
9 24
6 25
7 25
2 25
9 25
3 25
16 25
6 27
7 27
3 27
16 27
4 27
11 27
6 28
7 28
3 28
16 28
4 28
11 28
6 29
7 29
4 29
11 29
5 29
12 29
6 30
7 36
4 36
11 36
5 36
12 36
6 31
7 31
1 31
8 31
5 31
12 31
6 32
7 32
1 32
8 32
5 32
12 32
